1.261847478439014791e+00
0.000000000000000000e+00
2.247609626185677278e+00
0.000000000000000000e+00
1.466326239795317576e+01
1.126142335360711932e+01
0.000000000000000000e+00
0.000000000000000000e+00
0.000000000000000000e+00
2.254442466636289311e+01
0.000000000000000000e+00
0.000000000000000000e+00
1.458575964322402108e+01
0.000000000000000000e+00
1.011660879040920946e+01
0.000000000000000000e+00
0.000000000000000000e+00
1.369414100761117936e+01
0.000000000000000000e+00
2.071579826818834125e+00
0.000000000000000000e+00
-1.634020408550074591e-02
0.000000000000000000e+00
2.558739652404419118e+01
2.753099970578433542e+01
0.000000000000000000e+00
2.448543909432715537e+01
2.453680374322565427e+01
0.000000000000000000e+00
0.000000000000000000e+00
1.522730625286194339e+01
0.000000000000000000e+00
5.739887974337454235e-01
2.453680374322565427e+01
8.224440110187982711e+00
1.661272076380786800e+01
-3.643764358651467639e+00
9.117737374701501807e+00
6.773839595402958658e+00
0.000000000000000000e+00
0.000000000000000000e+00
-6.632713918813379017e+00
8.437065970257604519e+00
2.192486786288631961e+01
0.000000000000000000e+00
0.000000000000000000e+00
0.000000000000000000e+00
1.568040200790350802e+01
0.000000000000000000e+00
0.000000000000000000e+00
1.338323791083378067e+00
9.117737374701501807e+00
7.012843256510194578e+00
1.074439000246678511e+01
0.000000000000000000e+00
0.000000000000000000e+00
1.658978406671028338e+01
0.000000000000000000e+00
1.956722668849721813e+01
-1.276011701735376214e+01
5.130033750987889718e+00
0.000000000000000000e+00
1.722283030995434672e+01
1.449238517985600971e+01
0.000000000000000000e+00
0.000000000000000000e+00
0.000000000000000000e+00
0.000000000000000000e+00
1.365256169683443410e+01
1.248083677304651307e+00
0.000000000000000000e+00
0.000000000000000000e+00
0.000000000000000000e+00
0.000000000000000000e+00
1.956722668849721813e+01
2.453680374322565427e+01
0.000000000000000000e+00
-9.839582502298220568e-02
2.453680374322565427e+01
0.000000000000000000e+00
-2.281840719124205386e+00
0.000000000000000000e+00
0.000000000000000000e+00
0.000000000000000000e+00
0.000000000000000000e+00
0.000000000000000000e+00
-1.775867514985260742e+00
0.000000000000000000e+00
8.238241906409575321e+00
8.275517084176492233e+00
2.058578672381052144e+01
0.000000000000000000e+00
0.000000000000000000e+00
0.000000000000000000e+00
2.492466221755417521e+01
0.000000000000000000e+00
7.122412827850586936e+00
1.339866537068474805e+01
0.000000000000000000e+00
0.000000000000000000e+00
0.000000000000000000e+00
0.000000000000000000e+00
2.658739652404420895e+01
0.000000000000000000e+00
0.000000000000000000e+00
2.155031737415938409e+01
0.000000000000000000e+00
1.611545505921752763e+01
0.000000000000000000e+00
2.573341664053352673e+01
0.000000000000000000e+00
2.152835773122229401e+00
1.722265267076876682e+01
1.522444011018803245e+01
0.000000000000000000e+00
0.000000000000000000e+00
1.323170102232533907e+01
0.000000000000000000e+00
8.945470041103561698e+00
1.759426867374038395e+01
1.321987187622018745e+01
7.122412827850586936e+00
0.000000000000000000e+00
1.080096530508764863e+00
0.000000000000000000e+00
1.857903464871181498e+01
0.000000000000000000e+00
0.000000000000000000e+00
0.000000000000000000e+00
1.322444011018801291e+01
2.553411783540335378e+01
5.896515182953148582e+00
0.000000000000000000e+00
0.000000000000000000e+00
1.085430580480763929e+01
1.086843993788043861e+01
0.000000000000000000e+00
0.000000000000000000e+00
2.066232403408059781e+01
1.857903464871181498e+01
0.000000000000000000e+00
0.000000000000000000e+00
2.653212829007658158e+01
0.000000000000000000e+00
2.155031737415938409e+01
3.163765858810649334e+01
2.553411783540335378e+01
0.000000000000000000e+00
0.000000000000000000e+00
0.000000000000000000e+00
0.000000000000000000e+00
0.000000000000000000e+00
1.618825078611377322e+01
7.161817554002269937e+00
0.000000000000000000e+00
0.000000000000000000e+00
1.011660879040920946e+01
0.000000000000000000e+00
0.000000000000000000e+00
-5.444958749264549036e-01
0.000000000000000000e+00
0.000000000000000000e+00
1.022265267076872952e+01
0.000000000000000000e+00
0.000000000000000000e+00
1.180252353537646037e+01
1.370038888364562091e+01
0.000000000000000000e+00
6.321551767352653783e+00
0.000000000000000000e+00
0.000000000000000000e+00
0.000000000000000000e+00
0.000000000000000000e+00
0.000000000000000000e+00
1.126142335360711932e+01
1.559027482853076663e+01
0.000000000000000000e+00
0.000000000000000000e+00
2.553411783540335378e+01
7.498082818826613760e+00
0.000000000000000000e+00
0.000000000000000000e+00
5.130033750987889718e+00
0.000000000000000000e+00
8.231701022325305317e+00
1.567579630213505304e+01
0.000000000000000000e+00
5.440092528618253986e+00
0.000000000000000000e+00
3.563713665338419645e+01
2.428209359879877383e+01
5.058418951151782972e-01
-4.049593017937896278e+00
-2.558536053131628130e+00
0.000000000000000000e+00
0.000000000000000000e+00
2.254442466636289311e+01
2.758614073249164633e+01
0.000000000000000000e+00
0.000000000000000000e+00
4.071579826818848780e+00
5.863349310741575060e+00
0.000000000000000000e+00
1.564539319499256953e+00
6.222830309954318295e+00
3.143254270438678777e+00
8.673761137427145052e-01
0.000000000000000000e+00
0.000000000000000000e+00
0.000000000000000000e+00
0.000000000000000000e+00
0.000000000000000000e+00
0.000000000000000000e+00
0.000000000000000000e+00
2.152835773122229401e+00
6.125554311420720488e+00
0.000000000000000000e+00
0.000000000000000000e+00
-1.098717604957496485e+00
2.155031737415938409e+01
-5.721199330479829204e-01
0.000000000000000000e+00
0.000000000000000000e+00
1.689169348946854754e+01
0.000000000000000000e+00
2.553411783540335378e+01
-2.628963425500398632e+00
1.026142335360711222e+01
0.000000000000000000e+00
0.000000000000000000e+00
0.000000000000000000e+00
0.000000000000000000e+00
0.000000000000000000e+00
0.000000000000000000e+00
-5.491488507068937430e+00
0.000000000000000000e+00
0.000000000000000000e+00
0.000000000000000000e+00
4.135926458784406456e+00
2.958614073249162146e+01
0.000000000000000000e+00
0.000000000000000000e+00
1.011660879040920946e+01
2.597722931160860727e-01
0.000000000000000000e+00
0.000000000000000000e+00
0.000000000000000000e+00
0.000000000000000000e+00
0.000000000000000000e+00
0.000000000000000000e+00
0.000000000000000000e+00
8.119726920028304207e+00
0.000000000000000000e+00
4.515776853683626690e+00
2.353994522679573720e+01
0.000000000000000000e+00
6.187651826414473533e+00
0.000000000000000000e+00
9.117737374701501807e+00
0.000000000000000000e+00
0.000000000000000000e+00
0.000000000000000000e+00
6.247933118705669919e+00
0.000000000000000000e+00
0.000000000000000000e+00
0.000000000000000000e+00
1.812611253277211620e+00
0.000000000000000000e+00
7.122412827850586936e+00
1.132446201803179342e+01
0.000000000000000000e+00
1.956722668849721813e+01
1.011660879040920946e+01
0.000000000000000000e+00
0.000000000000000000e+00
-1.356101685495498188e+01
0.000000000000000000e+00
0.000000000000000000e+00
0.000000000000000000e+00
0.000000000000000000e+00
1.759426867374038395e+01
2.653212829007658158e+01
0.000000000000000000e+00
0.000000000000000000e+00
0.000000000000000000e+00
0.000000000000000000e+00
2.155031737415938409e+01
2.753099970578433542e+01
0.000000000000000000e+00
0.000000000000000000e+00
0.000000000000000000e+00
0.000000000000000000e+00
0.000000000000000000e+00
0.000000000000000000e+00
3.315079914304271291e+00
1.122730625286190254e+01
8.224440110187982711e+00
0.000000000000000000e+00
6.305625904516264590e+00
1.466449532956980484e+01
0.000000000000000000e+00
0.000000000000000000e+00
0.000000000000000000e+00
1.011660879040920946e+01
9.223184318635395229e+00
0.000000000000000000e+00
-1.668739375676814518e+00
2.254442466636289311e+01
0.000000000000000000e+00
0.000000000000000000e+00
0.000000000000000000e+00
0.000000000000000000e+00
0.000000000000000000e+00
9.929171125376402784e+00
2.358578672381050367e+01
0.000000000000000000e+00
2.587050972816397021e+01
0.000000000000000000e+00
0.000000000000000000e+00
0.000000000000000000e+00
9.963796133815964851e+00
0.000000000000000000e+00
0.000000000000000000e+00
0.000000000000000000e+00
1.011660879040920946e+01
3.143254270438678777e+00
0.000000000000000000e+00
0.000000000000000000e+00
1.466392330035632519e+01
2.453680374322565427e+01
0.000000000000000000e+00
0.000000000000000000e+00
1.759426867374038395e+01
1.922265267076870643e+01
0.000000000000000000e+00
4.228276345594165875e+00
6.071579826818831904e+00
0.000000000000000000e+00
3.826335285111216233e+00
0.000000000000000000e+00
0.000000000000000000e+00
4.858150928275615676e+00
0.000000000000000000e+00
0.000000000000000000e+00
8.119726920028304207e+00
2.823862336303624598e+00
0.000000000000000000e+00
0.000000000000000000e+00
0.000000000000000000e+00
0.000000000000000000e+00
0.000000000000000000e+00
0.000000000000000000e+00
0.000000000000000000e+00
2.653212829007658158e+01
1.179989847655505208e+01
0.000000000000000000e+00
4.833481965569697891e+00
0.000000000000000000e+00
0.000000000000000000e+00
0.000000000000000000e+00
-1.023543621710070628e+00
0.000000000000000000e+00
0.000000000000000000e+00
0.000000000000000000e+00
0.000000000000000000e+00
1.348280861083414983e+01
0.000000000000000000e+00
1.848630638227073675e+01
9.117737374701501807e+00
0.000000000000000000e+00
2.553411783540335378e+01
8.489206485555964576e+00
5.262487457966702031e+00
-4.379835290417697813e+00
0.000000000000000000e+00
0.000000000000000000e+00
0.000000000000000000e+00
2.072835618371424271e+00
-5.352648645234737046e+00
0.000000000000000000e+00
1.956722668849721813e+01
0.000000000000000000e+00
1.993111557785973709e-01
0.000000000000000000e+00
0.000000000000000000e+00
0.000000000000000000e+00
2.155031737415938409e+01
2.570940559931122849e+01
0.000000000000000000e+00
0.000000000000000000e+00
0.000000000000000000e+00
0.000000000000000000e+00
0.000000000000000000e+00
0.000000000000000000e+00
1.008740804543452896e+01
0.000000000000000000e+00
0.000000000000000000e+00
5.380049559991244124e+00
0.000000000000000000e+00
0.000000000000000000e+00
0.000000000000000000e+00
6.564111464008846042e+00
-1.350969548100674622e+01
2.155031737415938409e+01
0.000000000000000000e+00
0.000000000000000000e+00
0.000000000000000000e+00
0.000000000000000000e+00
0.000000000000000000e+00
0.000000000000000000e+00
8.730652232226921328e+00
2.158614073249161436e+01
0.000000000000000000e+00
1.922265267076870643e+01
0.000000000000000000e+00
3.585318868530049485e+01
0.000000000000000000e+00
0.000000000000000000e+00
2.254442466636289311e+01
0.000000000000000000e+00
0.000000000000000000e+00
2.353994522679573720e+01
2.653212829007658158e+01
0.000000000000000000e+00
0.000000000000000000e+00
2.653212829007658158e+01
2.964647052235594771e+01
0.000000000000000000e+00
2.254442466636289311e+01
-1.919903469491249126e+00
0.000000000000000000e+00
0.000000000000000000e+00
0.000000000000000000e+00
0.000000000000000000e+00
0.000000000000000000e+00
1.658739652404430842e+01
-3.110586046852765671e-02
2.049702923420690226e+01
7.261423353607113995e+00
0.000000000000000000e+00
1.422730625286190786e+01
1.642807742439666896e+01
-6.910689560858163105e+00
1.005521194569924681e+01
0.000000000000000000e+00
0.000000000000000000e+00
-1.070304220355967395e+00
0.000000000000000000e+00
0.000000000000000000e+00
-1.351715695255416294e-01
0.000000000000000000e+00
0.000000000000000000e+00
2.453680374322565427e+01
2.758578672381055696e+01
5.786840939664428696e+00
-1.373170235287327401e+01
0.000000000000000000e+00
0.000000000000000000e+00
-2.563806371616898172e+00
0.000000000000000000e+00
0.000000000000000000e+00
0.000000000000000000e+00
1.222265267076876682e+01
0.000000000000000000e+00
0.000000000000000000e+00
0.000000000000000000e+00
0.000000000000000000e+00
3.532466325586303579e+00
0.000000000000000000e+00
0.000000000000000000e+00
0.000000000000000000e+00
3.862727737746766810e+00
0.000000000000000000e+00
-3.357460333146571774e+00
2.353994522679573720e+01
0.000000000000000000e+00
0.000000000000000000e+00
0.000000000000000000e+00
0.000000000000000000e+00
6.999656910141046851e+00
7.513949320910667140e+00
0.000000000000000000e+00
5.130033750987889718e+00
8.731423477252294063e+00
3.071579826818844783e+00
0.000000000000000000e+00
0.000000000000000000e+00
-4.033648087509433822e+00
7.101592003859745539e+00
6.343614365785927411e+00
1.071003420801657668e+00
0.000000000000000000e+00
0.000000000000000000e+00
0.000000000000000000e+00
0.000000000000000000e+00
0.000000000000000000e+00
1.857903464871181498e+01
0.000000000000000000e+00
7.434114941506027030e-01
3.231701022325323525e+00
1.864377672979198874e-01
0.000000000000000000e+00
0.000000000000000000e+00
0.000000000000000000e+00
1.322247187622018672e+01
-9.172704684698881894e-02
1.172541619192452700e+01
8.119726920028304207e+00
0.000000000000000000e+00
0.000000000000000000e+00
0.000000000000000000e+00
0.000000000000000000e+00
-2.062832964383223278e+00
7.261423353607113995e+00
2.358578672381050367e+01
1.464977023678066104e+01
0.000000000000000000e+00
1.048795809691378622e+01
0.000000000000000000e+00
0.000000000000000000e+00
0.000000000000000000e+00
0.000000000000000000e+00
0.000000000000000000e+00
0.000000000000000000e+00
0.000000000000000000e+00
0.000000000000000000e+00
0.000000000000000000e+00
0.000000000000000000e+00
0.000000000000000000e+00
1.011660879040920946e+01
5.955761250591309341e+00
0.000000000000000000e+00
0.000000000000000000e+00
2.254442466636289311e+01
0.000000000000000000e+00
0.000000000000000000e+00
9.632862688910948101e-02
9.117737374701501807e+00
0.000000000000000000e+00
-3.422355312515002357e+00
0.000000000000000000e+00
0.000000000000000000e+00
0.000000000000000000e+00
0.000000000000000000e+00
0.000000000000000000e+00
0.000000000000000000e+00
-1.609997517890209506e+00
0.000000000000000000e+00
0.000000000000000000e+00
0.000000000000000000e+00
6.125554311420720488e+00
2.148543909432715893e+01
0.000000000000000000e+00
0.000000000000000000e+00
6.439914889432666101e+00
0.000000000000000000e+00
-2.158392553526943480e+00
5.080096530508755315e+00
0.000000000000000000e+00
2.055764518581364797e+01
0.000000000000000000e+00
0.000000000000000000e+00
0.000000000000000000e+00
0.000000000000000000e+00
0.000000000000000000e+00
0.000000000000000000e+00
0.000000000000000000e+00
2.155031737415938409e+01
0.000000000000000000e+00
1.179131808676598681e+01
1.922190695086666512e+00
1.011660879040920946e+01
0.000000000000000000e+00
3.900453543154527747e+00
0.000000000000000000e+00
0.000000000000000000e+00
1.749652173081273077e+01
0.000000000000000000e+00
0.000000000000000000e+00
0.000000000000000000e+00
0.000000000000000000e+00
2.858739652404423026e+01
0.000000000000000000e+00
0.000000000000000000e+00
3.118201352164976736e+00
1.626478395321289483e+01
2.264122409280331993e+01
0.000000000000000000e+00
0.000000000000000000e+00
1.759426867374038395e+01
7.122412827850586936e+00
1.759426867374038395e+01
0.000000000000000000e+00
-2.913362585406975569e+00
3.009433655856853296e+00
2.353994522679573720e+01
0.000000000000000000e+00
3.474418269419425442e+00
0.000000000000000000e+00
0.000000000000000000e+00
0.000000000000000000e+00
0.000000000000000000e+00
0.000000000000000000e+00
0.000000000000000000e+00
0.000000000000000000e+00
2.158739652404420895e+01
0.000000000000000000e+00
1.661272076380786800e+01
3.363891349410703668e+01
2.553411783540335378e+01
3.143254270438678777e+00
0.000000000000000000e+00
2.353994522679573720e+01
1.005119946758417804e+01
5.191063118165326618e-01
6.247933118705669919e+00
0.000000000000000000e+00
0.000000000000000000e+00
2.758578672381055696e+01
0.000000000000000000e+00
-4.917063691629533495e-01
0.000000000000000000e+00
0.000000000000000000e+00
2.553411783540335378e+01
0.000000000000000000e+00
0.000000000000000000e+00
0.000000000000000000e+00
0.000000000000000000e+00
0.000000000000000000e+00
0.000000000000000000e+00
1.622318431863542543e+01
-1.765667164488635477e+00
0.000000000000000000e+00
-2.967668451699315701e-01
0.000000000000000000e+00
0.000000000000000000e+00
0.000000000000000000e+00
3.222830309954319183e+00
0.000000000000000000e+00
1.322730625286191319e+01
0.000000000000000000e+00
2.453680374322565427e+01
1.874265194746866037e+00
0.000000000000000000e+00
0.000000000000000000e+00
0.000000000000000000e+00
0.000000000000000000e+00
1.462487523050293170e+01
9.753189449279859868e-01
0.000000000000000000e+00
1.661402130421872059e+01
0.000000000000000000e+00
0.000000000000000000e+00
1.011660879040920946e+01
0.000000000000000000e+00
0.000000000000000000e+00
5.488842889694758753e+00
0.000000000000000000e+00
3.075701761045338767e+00
0.000000000000000000e+00
0.000000000000000000e+00
0.000000000000000000e+00
1.022444011018798626e+01
2.186004547065631076e+00
0.000000000000000000e+00
6.794824735008138106e+00
2.353994522679573720e+01
2.653212829007658158e+01
6.125554311420720488e+00
1.274369232718256129e+01
0.000000000000000000e+00
0.000000000000000000e+00
0.000000000000000000e+00
1.466438281216140815e+01
-1.138699952679271599e+00
2.553411783540335378e+01
1.759426867374038395e+01
1.349824229842220369e+01
2.425058433606046648e+01
0.000000000000000000e+00
1.659026266671820693e+01
0.000000000000000000e+00
1.647977372165254550e+01
0.000000000000000000e+00
0.000000000000000000e+00
0.000000000000000000e+00
0.000000000000000000e+00
0.000000000000000000e+00
0.000000000000000000e+00
0.000000000000000000e+00
0.000000000000000000e+00
-8.002009875236149039e-01
0.000000000000000000e+00
-1.863015499608661329e+01
0.000000000000000000e+00
1.759426867374038395e+01
0.000000000000000000e+00
0.000000000000000000e+00
0.000000000000000000e+00
0.000000000000000000e+00
1.353227635614624269e+01
1.451687946243307969e+01
0.000000000000000000e+00
0.000000000000000000e+00
0.000000000000000000e+00
-3.763146237473669942e+00
0.000000000000000000e+00
0.000000000000000000e+00
3.075701761045338767e+00
0.000000000000000000e+00
1.534371888630991698e+01
0.000000000000000000e+00
0.000000000000000000e+00
0.000000000000000000e+00
7.128066134116469721e-01
0.000000000000000000e+00
2.293464709059086459e+01
4.512616761026523093e+00
0.000000000000000000e+00
0.000000000000000000e+00
1.285958887581006316e+01
-1.487417344691674970e+00
0.000000000000000000e+00
1.958739652404421960e+01
0.000000000000000000e+00
1.494083553263698017e+00
0.000000000000000000e+00
0.000000000000000000e+00
0.000000000000000000e+00
1.222283030995434672e+01
0.000000000000000000e+00
1.022138340061618189e+00
0.000000000000000000e+00
9.346988879451163967e+00
0.000000000000000000e+00
0.000000000000000000e+00
0.000000000000000000e+00
0.000000000000000000e+00
9.162903973628194976e+00
0.000000000000000000e+00
0.000000000000000000e+00
-1.020404458416416915e+00
0.000000000000000000e+00
1.466456865502327034e+01
0.000000000000000000e+00
2.071225818137745645e+00
2.733268764330258094e+01
9.261423353607112219e+00
0.000000000000000000e+00
0.000000000000000000e+00
9.117737374701501807e+00
0.000000000000000000e+00
0.000000000000000000e+00
0.000000000000000000e+00
2.453680374322565427e+01
8.254889164756393782e+00
0.000000000000000000e+00
2.058187275973739006e+01
1.295136304020672213e+01
0.000000000000000000e+00
2.553411783540335378e+01
-2.648189862348715007e+00
2.152835773122229401e+00
0.000000000000000000e+00
0.000000000000000000e+00
0.000000000000000000e+00
7.223184318635398782e+00
0.000000000000000000e+00
-8.089405677706068554e-01
0.000000000000000000e+00
2.254442466636289311e+01
0.000000000000000000e+00
3.264183676326076977e+01
1.122283030995432007e+01
1.922265267076870643e+01
2.553411783540335378e+01
5.440092528618253986e+00
0.000000000000000000e+00
0.000000000000000000e+00
2.653212829007658158e+01
8.402907428084740005e+00
0.000000000000000000e+00
1.323170102232533907e+01
0.000000000000000000e+00
2.353994522679573720e+01
0.000000000000000000e+00
0.000000000000000000e+00
2.763765858810640808e+01
0.000000000000000000e+00
2.858614073249163212e+01
0.000000000000000000e+00
0.000000000000000000e+00
0.000000000000000000e+00
2.958739652404422671e+01
0.000000000000000000e+00
0.000000000000000000e+00
3.143254270438678777e+00
0.000000000000000000e+00
0.000000000000000000e+00
5.080096530508755315e+00
0.000000000000000000e+00
0.000000000000000000e+00
9.175269284770539713e+00
3.232345586662595593e+01
0.000000000000000000e+00
1.722265267076876682e+01
1.423170102232533019e+01
0.000000000000000000e+00
0.000000000000000000e+00
0.000000000000000000e+00
0.000000000000000000e+00
2.353994522679573720e+01
0.000000000000000000e+00
0.000000000000000000e+00
0.000000000000000000e+00
5.148089811822815776e+00
0.000000000000000000e+00
0.000000000000000000e+00
2.599001740595661403e+01
0.000000000000000000e+00
8.194686634502184930e+00
0.000000000000000000e+00
0.000000000000000000e+00
0.000000000000000000e+00
0.000000000000000000e+00
0.000000000000000000e+00
0.000000000000000000e+00
0.000000000000000000e+00
0.000000000000000000e+00
0.000000000000000000e+00
2.753099970578433542e+01
6.514764666799536919e+00
0.000000000000000000e+00
0.000000000000000000e+00
2.152835773122229401e+00
0.000000000000000000e+00
1.661272076380786800e+01
0.000000000000000000e+00
8.247933118705654820e+00
0.000000000000000000e+00
0.000000000000000000e+00
9.117737374701501807e+00
0.000000000000000000e+00
0.000000000000000000e+00
0.000000000000000000e+00
0.000000000000000000e+00
1.639882261569374222e+00
0.000000000000000000e+00
2.165281823023185837e+01
1.274520495808016740e+01
9.209228307905524824e-01
2.653212829007658158e+01
0.000000000000000000e+00
0.000000000000000000e+00
0.000000000000000000e+00
0.000000000000000000e+00
0.000000000000000000e+00
9.231701022325312422e+00
0.000000000000000000e+00
1.449537574742272206e+01
0.000000000000000000e+00
1.958614073249162857e+01
0.000000000000000000e+00
0.000000000000000000e+00
0.000000000000000000e+00
0.000000000000000000e+00
0.000000000000000000e+00
0.000000000000000000e+00
0.000000000000000000e+00
1.758614073249173870e+01
9.987892653640010332e-01
0.000000000000000000e+00
0.000000000000000000e+00
1.156345028892952875e+01
0.000000000000000000e+00
2.487283996474085157e+00
1.956722668849721813e+01
2.096328626889099045e+00
0.000000000000000000e+00
1.051474038082569606e+01
1.124793311870567081e+01
0.000000000000000000e+00
0.000000000000000000e+00
0.000000000000000000e+00
0.000000000000000000e+00
3.919425834704360234e+00
3.164105306656760419e+01
0.000000000000000000e+00
2.367580639132933129e+01
6.125554311420720488e+00
0.000000000000000000e+00
2.558578672381051078e+01
0.000000000000000000e+00
0.000000000000000000e+00
0.000000000000000000e+00
1.022318431863539523e+01
0.000000000000000000e+00
0.000000000000000000e+00
0.000000000000000000e+00
0.000000000000000000e+00
2.353994522679573720e+01
0.000000000000000000e+00
2.254442466636289311e+01
0.000000000000000000e+00
0.000000000000000000e+00
0.000000000000000000e+00
2.247945280518261146e+00
0.000000000000000000e+00
0.000000000000000000e+00
0.000000000000000000e+00
0.000000000000000000e+00
0.000000000000000000e+00
0.000000000000000000e+00
0.000000000000000000e+00
0.000000000000000000e+00
1.458575964322402108e+01
1.742347705346838893e+01
0.000000000000000000e+00
0.000000000000000000e+00
6.269063144736813697e+00
0.000000000000000000e+00
0.000000000000000000e+00
8.222830309954304084e+00
0.000000000000000000e+00
0.000000000000000000e+00
0.000000000000000000e+00
0.000000000000000000e+00
-2.828540669938858776e-01
0.000000000000000000e+00
1.800811951582174686e+01
0.000000000000000000e+00
0.000000000000000000e+00
0.000000000000000000e+00
0.000000000000000000e+00
1.658614073249171383e+01
0.000000000000000000e+00
0.000000000000000000e+00
0.000000000000000000e+00
9.117737374701501807e+00
7.444354518448029978e+00
0.000000000000000000e+00
3.854431652609856762e+00
0.000000000000000000e+00
0.000000000000000000e+00
0.000000000000000000e+00
2.753099970578433542e+01
0.000000000000000000e+00
2.453680374322565427e+01
3.630825506524514856e-01
7.122412827850586936e+00
0.000000000000000000e+00
2.858578672381054631e+01
0.000000000000000000e+00
2.075701761045327665e+00
2.753099970578433542e+01
1.558740868585686634e+01
4.302557075337627879e+00
0.000000000000000000e+00
0.000000000000000000e+00
0.000000000000000000e+00
0.000000000000000000e+00
5.857631044760993611e+00
0.000000000000000000e+00
0.000000000000000000e+00
0.000000000000000000e+00
9.858150928275660974e+00
7.917259364256689302e+00
0.000000000000000000e+00
0.000000000000000000e+00
0.000000000000000000e+00
0.000000000000000000e+00
1.441724897378335513e+01
2.155031737415938409e+01
0.000000000000000000e+00
0.000000000000000000e+00
2.055764518581364797e+01
1.011660879040920946e+01
0.000000000000000000e+00
0.000000000000000000e+00
0.000000000000000000e+00
0.000000000000000000e+00
0.000000000000000000e+00
-1.947356120343857855e+00
1.746928000020126248e+01
0.000000000000000000e+00
0.000000000000000000e+00
2.453680374322565427e+01
9.117737374701501807e+00
-3.246347623447066955e+00
0.000000000000000000e+00
2.239263863433007984e+01
0.000000000000000000e+00
1.956722668849721813e+01
0.000000000000000000e+00
1.858614073249167831e+01
1.364667498219897901e+01
0.000000000000000000e+00
0.000000000000000000e+00
-1.721841246063038255e+01
1.011660879040920946e+01
