3.028478198801909382e+00
0.000000000000000000e+00
1.059470147474135482e+00
0.000000000000000000e+00
1.466796507432685104e+01
1.126142335360711932e+01
0.000000000000000000e+00
0.000000000000000000e+00
0.000000000000000000e+00
2.254293412471006874e+01
0.000000000000000000e+00
0.000000000000000000e+00
1.458572209790410135e+01
0.000000000000000000e+00
1.011660779016346190e+01
0.000000000000000000e+00
0.000000000000000000e+00
1.367800659453537016e+01
0.000000000000000000e+00
0.000000000000000000e+00
0.000000000000000000e+00
3.583832244931110106e-02
0.000000000000000000e+00
2.558739652404419118e+01
2.753084721391361001e+01
0.000000000000000000e+00
2.448543909432715537e+01
2.453567392970670014e+01
0.000000000000000000e+00
0.000000000000000000e+00
1.522730625286194339e+01
0.000000000000000000e+00
2.277699281852480162e+00
2.453679649218696568e+01
8.224440110187982711e+00
1.661440307918207537e+01
0.000000000000000000e+00
9.117339463817227596e+00
6.749998787725520089e+00
0.000000000000000000e+00
0.000000000000000000e+00
1.125494694032964649e+00
2.267028912001378416e+01
2.190259704390661355e+01
0.000000000000000000e+00
0.000000000000000000e+00
0.000000000000000000e+00
1.584095102422650747e+01
0.000000000000000000e+00
0.000000000000000000e+00
1.447086529588504700e+00
9.116853126221210246e+00
1.048570980075309933e+01
1.070204276374501973e+01
0.000000000000000000e+00
0.000000000000000000e+00
1.722283030995434672e+01
0.000000000000000000e+00
1.956591157652668045e+01
0.000000000000000000e+00
5.139735012798475999e+00
0.000000000000000000e+00
1.722283030995434672e+01
1.449337574742272317e+01
0.000000000000000000e+00
0.000000000000000000e+00
0.000000000000000000e+00
0.000000000000000000e+00
1.522730625286194339e+01
0.000000000000000000e+00
0.000000000000000000e+00
0.000000000000000000e+00
0.000000000000000000e+00
0.000000000000000000e+00
1.959584029471558608e+01
2.453587894104398970e+01
0.000000000000000000e+00
-3.445831812190825599e-02
2.453678055707430516e+01
0.000000000000000000e+00
2.705323051605938445e-01
0.000000000000000000e+00
0.000000000000000000e+00
0.000000000000000000e+00
0.000000000000000000e+00
0.000000000000000000e+00
-1.776683433732482831e+00
0.000000000000000000e+00
8.238241906409575321e+00
8.260082105077541925e+00
2.058578672381052144e+01
0.000000000000000000e+00
0.000000000000000000e+00
0.000000000000000000e+00
2.487041060135362613e+01
0.000000000000000000e+00
7.122169527801261779e+00
1.337572162497210648e+01
0.000000000000000000e+00
0.000000000000000000e+00
0.000000000000000000e+00
0.000000000000000000e+00
2.658739652404420895e+01
0.000000000000000000e+00
0.000000000000000000e+00
2.154977326493672862e+01
0.000000000000000000e+00
1.621896256380767909e+01
0.000000000000000000e+00
2.570796614125225332e+01
0.000000000000000000e+00
0.000000000000000000e+00
1.722265267076876682e+01
1.522444011018803245e+01
0.000000000000000000e+00
0.000000000000000000e+00
1.323170102232533907e+01
0.000000000000000000e+00
2.057623297316244759e+01
1.759874241433301378e+01
2.570506173764782787e+01
7.122391252100464420e+00
0.000000000000000000e+00
0.000000000000000000e+00
0.000000000000000000e+00
1.858042160483383398e+01
0.000000000000000000e+00
0.000000000000000000e+00
0.000000000000000000e+00
1.322444011018801291e+01
2.553393198661876085e+01
5.863028009091055814e+00
0.000000000000000000e+00
0.000000000000000000e+00
1.085430580480763929e+01
1.104941445084445206e+01
0.000000000000000000e+00
0.000000000000000000e+00
1.858503990960267771e+01
1.959026266671812166e+01
0.000000000000000000e+00
0.000000000000000000e+00
2.653198420013953651e+01
0.000000000000000000e+00
2.154920782245201849e+01
3.163766830125078044e+01
2.553319367598137646e+01
0.000000000000000000e+00
0.000000000000000000e+00
0.000000000000000000e+00
0.000000000000000000e+00
0.000000000000000000e+00
2.693738449060630558e+01
6.915964682506940520e+00
0.000000000000000000e+00
0.000000000000000000e+00
1.011611105073280825e+01
0.000000000000000000e+00
0.000000000000000000e+00
-5.444958749264549036e-01
0.000000000000000000e+00
0.000000000000000000e+00
1.022265267076872952e+01
0.000000000000000000e+00
0.000000000000000000e+00
1.181541375137438799e+01
1.374724348782268102e+01
0.000000000000000000e+00
6.169014859931870376e+00
0.000000000000000000e+00
0.000000000000000000e+00
0.000000000000000000e+00
0.000000000000000000e+00
0.000000000000000000e+00
1.126142335360711932e+01
1.559027471022409728e+01
0.000000000000000000e+00
0.000000000000000000e+00
2.553249904300112405e+01
7.498073195946414415e+00
0.000000000000000000e+00
0.000000000000000000e+00
5.129463605011165050e+00
0.000000000000000000e+00
8.231701022325305317e+00
1.477918741664136526e+01
0.000000000000000000e+00
5.440092528618253986e+00
0.000000000000000000e+00
3.563731429256978345e+01
2.415872290300165304e+01
4.717116327369587636e-01
1.340744818369724367e+00
1.459748224407947159e+00
0.000000000000000000e+00
0.000000000000000000e+00
2.254304267772281634e+01
2.758614073249164633e+01
0.000000000000000000e+00
0.000000000000000000e+00
4.071579826818848780e+00
5.863242457903248273e+00
0.000000000000000000e+00
1.606162372893837231e+00
6.222830309954318295e+00
1.610205465478965259e+00
0.000000000000000000e+00
0.000000000000000000e+00
0.000000000000000000e+00
0.000000000000000000e+00
0.000000000000000000e+00
0.000000000000000000e+00
0.000000000000000000e+00
0.000000000000000000e+00
2.155072673486636781e+00
6.122485646726581798e+00
0.000000000000000000e+00
0.000000000000000000e+00
4.885669027321242613e-02
2.154998586624722279e+01
2.164388231988733924e-01
0.000000000000000000e+00
0.000000000000000000e+00
1.688937032878610367e+01
0.000000000000000000e+00
2.553321315798875446e+01
1.856616214903593187e+00
1.026142335360711222e+01
0.000000000000000000e+00
0.000000000000000000e+00
0.000000000000000000e+00
0.000000000000000000e+00
0.000000000000000000e+00
0.000000000000000000e+00
6.560321985081651874e-01
0.000000000000000000e+00
0.000000000000000000e+00
0.000000000000000000e+00
4.138308062256091269e+00
2.958614073249162146e+01
0.000000000000000000e+00
0.000000000000000000e+00
1.011629926941157720e+01
1.218760330113462853e+00
0.000000000000000000e+00
0.000000000000000000e+00
0.000000000000000000e+00
0.000000000000000000e+00
0.000000000000000000e+00
0.000000000000000000e+00
0.000000000000000000e+00
8.119698933571818600e+00
0.000000000000000000e+00
4.517207387239134952e+00
2.353879342909889516e+01
0.000000000000000000e+00
6.249271549999545705e+00
0.000000000000000000e+00
9.117668023063464133e+00
0.000000000000000000e+00
0.000000000000000000e+00
0.000000000000000000e+00
6.247933118705669919e+00
0.000000000000000000e+00
0.000000000000000000e+00
0.000000000000000000e+00
2.752980535384467231e+01
0.000000000000000000e+00
7.121963877561419132e+00
1.981934970443300514e+01
0.000000000000000000e+00
1.956951620793403990e+01
1.011636958070905301e+01
0.000000000000000000e+00
0.000000000000000000e+00
6.929778833250719305e-01
0.000000000000000000e+00
0.000000000000000000e+00
0.000000000000000000e+00
0.000000000000000000e+00
1.759647212829392160e+01
2.653198722439426760e+01
0.000000000000000000e+00
1.078012730418115711e-01
0.000000000000000000e+00
0.000000000000000000e+00
2.154948292226346140e+01
2.753079506473884663e+01
0.000000000000000000e+00
0.000000000000000000e+00
0.000000000000000000e+00
0.000000000000000000e+00
0.000000000000000000e+00
0.000000000000000000e+00
3.773909880206087752e+00
1.122730625286190254e+01
8.224440110187982711e+00
0.000000000000000000e+00
7.122261096194592689e+00
1.360248070357235228e+01
0.000000000000000000e+00
0.000000000000000000e+00
0.000000000000000000e+00
1.011655819661239875e+01
9.223184318635395229e+00
0.000000000000000000e+00
2.826209133639926430e-01
2.254368844029847452e+01
0.000000000000000000e+00
0.000000000000000000e+00
0.000000000000000000e+00
0.000000000000000000e+00
0.000000000000000000e+00
9.925039700780088125e+00
2.358578672381050367e+01
0.000000000000000000e+00
2.586548221152335003e+01
0.000000000000000000e+00
0.000000000000000000e+00
0.000000000000000000e+00
9.953084244060866226e+00
0.000000000000000000e+00
0.000000000000000000e+00
0.000000000000000000e+00
1.011585545139081255e+01
3.142242286759580061e+00
0.000000000000000000e+00
0.000000000000000000e+00
1.478568320384029633e+01
2.453665123536741177e+01
0.000000000000000000e+00
0.000000000000000000e+00
1.759579957891076774e+01
1.922265267076870643e+01
0.000000000000000000e+00
4.127917855894287946e+00
6.071579826818831904e+00
0.000000000000000000e+00
3.985029017893245928e+00
0.000000000000000000e+00
0.000000000000000000e+00
4.858373196036468222e+00
0.000000000000000000e+00
0.000000000000000000e+00
8.119625331670100365e+00
0.000000000000000000e+00
0.000000000000000000e+00
0.000000000000000000e+00
0.000000000000000000e+00
0.000000000000000000e+00
0.000000000000000000e+00
0.000000000000000000e+00
0.000000000000000000e+00
2.653198958951589859e+01
1.185020315500207566e+01
0.000000000000000000e+00
4.647345054743555082e+00
0.000000000000000000e+00
0.000000000000000000e+00
0.000000000000000000e+00
0.000000000000000000e+00
0.000000000000000000e+00
0.000000000000000000e+00
0.000000000000000000e+00
0.000000000000000000e+00
1.348715736382903074e+01
0.000000000000000000e+00
1.848665736382912428e+01
9.117713758639727217e+00
0.000000000000000000e+00
2.553411090264375360e+01
8.489206485555964576e+00
5.276274282880535793e+00
1.905121243556280763e+00
0.000000000000000000e+00
0.000000000000000000e+00
0.000000000000000000e+00
2.072835618371424271e+00
0.000000000000000000e+00
0.000000000000000000e+00
1.956813168184276819e+01
0.000000000000000000e+00
0.000000000000000000e+00
0.000000000000000000e+00
0.000000000000000000e+00
0.000000000000000000e+00
2.155013276591905225e+01
2.537317784280059385e+01
0.000000000000000000e+00
0.000000000000000000e+00
0.000000000000000000e+00
0.000000000000000000e+00
0.000000000000000000e+00
0.000000000000000000e+00
1.002213728175268059e+01
0.000000000000000000e+00
0.000000000000000000e+00
6.240895302554879009e+00
0.000000000000000000e+00
0.000000000000000000e+00
0.000000000000000000e+00
6.562239169561498997e+00
0.000000000000000000e+00
2.155109140942353818e+01
0.000000000000000000e+00
0.000000000000000000e+00
0.000000000000000000e+00
0.000000000000000000e+00
0.000000000000000000e+00
0.000000000000000000e+00
8.307674611733711245e+00
1.858239624935792733e+01
0.000000000000000000e+00
1.922265267076870643e+01
0.000000000000000000e+00
3.585303571191190031e+01
0.000000000000000000e+00
0.000000000000000000e+00
2.254418252463824501e+01
0.000000000000000000e+00
0.000000000000000000e+00
2.353977275934770219e+01
2.653115656256061783e+01
0.000000000000000000e+00
0.000000000000000000e+00
2.656963658353839364e+01
2.964537188950981772e+01
0.000000000000000000e+00
2.269869800621212264e+01
0.000000000000000000e+00
0.000000000000000000e+00
0.000000000000000000e+00
0.000000000000000000e+00
0.000000000000000000e+00
0.000000000000000000e+00
1.658739652404430842e+01
0.000000000000000000e+00
2.049607319594645105e+01
6.124881530292113574e+00
0.000000000000000000e+00
1.422730625286190786e+01
1.642564824461873485e+01
0.000000000000000000e+00
1.018184821734453749e+01
0.000000000000000000e+00
0.000000000000000000e+00
0.000000000000000000e+00
0.000000000000000000e+00
0.000000000000000000e+00
-3.071008051769994446e-06
0.000000000000000000e+00
0.000000000000000000e+00
2.758614073249164633e+01
2.758578672381055696e+01
5.040568139532867420e+00
1.495969312535189832e+00
0.000000000000000000e+00
0.000000000000000000e+00
0.000000000000000000e+00
0.000000000000000000e+00
0.000000000000000000e+00
0.000000000000000000e+00
1.222265267076876682e+01
0.000000000000000000e+00
0.000000000000000000e+00
0.000000000000000000e+00
0.000000000000000000e+00
3.401322523284621369e+00
0.000000000000000000e+00
0.000000000000000000e+00
0.000000000000000000e+00
3.871237686305153414e+00
0.000000000000000000e+00
0.000000000000000000e+00
2.353990140187196545e+01
0.000000000000000000e+00
0.000000000000000000e+00
0.000000000000000000e+00
0.000000000000000000e+00
6.999321039472577333e+00
7.516074316197112637e+00
0.000000000000000000e+00
5.127860091535142217e+00
8.860470982763164471e+00
0.000000000000000000e+00
0.000000000000000000e+00
0.000000000000000000e+00
0.000000000000000000e+00
7.018615716954767159e+00
6.485709800753086895e+00
1.010875425275925332e+00
0.000000000000000000e+00
0.000000000000000000e+00
0.000000000000000000e+00
0.000000000000000000e+00
0.000000000000000000e+00
1.858102836749591447e+01
0.000000000000000000e+00
1.408485751827808663e+00
3.231701022325323525e+00
-3.332548132105439475e-06
0.000000000000000000e+00
0.000000000000000000e+00
0.000000000000000000e+00
2.767520089061728683e+01
0.000000000000000000e+00
1.259269843536105782e+01
8.119594875718204818e+00
0.000000000000000000e+00
0.000000000000000000e+00
0.000000000000000000e+00
0.000000000000000000e+00
0.000000000000000000e+00
6.128490320900226607e+00
2.358578672381050367e+01
1.471271495056366518e+01
0.000000000000000000e+00
1.048860648555596065e+01
0.000000000000000000e+00
0.000000000000000000e+00
0.000000000000000000e+00
0.000000000000000000e+00
0.000000000000000000e+00
0.000000000000000000e+00
0.000000000000000000e+00
0.000000000000000000e+00
0.000000000000000000e+00
0.000000000000000000e+00
0.000000000000000000e+00
1.011644603553113342e+01
5.928009961832961139e+00
0.000000000000000000e+00
0.000000000000000000e+00
2.254454740294166371e+01
0.000000000000000000e+00
0.000000000000000000e+00
9.632862688910948101e-02
9.117716204409786585e+00
0.000000000000000000e+00
0.000000000000000000e+00
0.000000000000000000e+00
0.000000000000000000e+00
0.000000000000000000e+00
0.000000000000000000e+00
0.000000000000000000e+00
0.000000000000000000e+00
1.892008626588281561e-01
0.000000000000000000e+00
0.000000000000000000e+00
0.000000000000000000e+00
6.124851469315674812e+00
2.148543909432715893e+01
0.000000000000000000e+00
0.000000000000000000e+00
6.439914889432666101e+00
0.000000000000000000e+00
-3.071008051769994446e-06
5.080096530508755315e+00
0.000000000000000000e+00
2.055661593402604481e+01
0.000000000000000000e+00
0.000000000000000000e+00
0.000000000000000000e+00
0.000000000000000000e+00
0.000000000000000000e+00
0.000000000000000000e+00
0.000000000000000000e+00
2.155169804965590075e+01
0.000000000000000000e+00
1.521896256380770041e+01
1.617035685590528793e+00
1.011646466421821167e+01
0.000000000000000000e+00
4.856624074309576322e+00
0.000000000000000000e+00
0.000000000000000000e+00
1.749637574742278545e+01
0.000000000000000000e+00
0.000000000000000000e+00
0.000000000000000000e+00
0.000000000000000000e+00
2.858739652404423026e+01
0.000000000000000000e+00
0.000000000000000000e+00
3.504256990053602916e+00
1.625385826481930707e+01
2.264187712004640929e+01
0.000000000000000000e+00
0.000000000000000000e+00
1.761597489078495116e+01
7.121701182525152163e+00
1.672001681989125643e+01
0.000000000000000000e+00
0.000000000000000000e+00
1.049220427228262409e+01
2.353830712876611742e+01
0.000000000000000000e+00
3.165262282414028405e+00
0.000000000000000000e+00
0.000000000000000000e+00
0.000000000000000000e+00
0.000000000000000000e+00
0.000000000000000000e+00
0.000000000000000000e+00
0.000000000000000000e+00
2.158739652404420895e+01
0.000000000000000000e+00
1.661599307296249250e+01
3.363892409280336437e+01
2.553407770037972213e+01
3.143519398640542750e+00
0.000000000000000000e+00
2.353965852301315209e+01
1.005164680425751733e+01
0.000000000000000000e+00
6.247933118705669919e+00
0.000000000000000000e+00
0.000000000000000000e+00
2.758578672381055696e+01
0.000000000000000000e+00
4.563154492209225976e-01
0.000000000000000000e+00
0.000000000000000000e+00
2.553407019818710921e+01
0.000000000000000000e+00
0.000000000000000000e+00
0.000000000000000000e+00
0.000000000000000000e+00
0.000000000000000000e+00
0.000000000000000000e+00
1.622318431863542543e+01
1.250949391162359925e+00
0.000000000000000000e+00
1.135198596226792978e+00
0.000000000000000000e+00
0.000000000000000000e+00
0.000000000000000000e+00
3.222830309954319183e+00
0.000000000000000000e+00
1.322730625286191319e+01
0.000000000000000000e+00
2.453628239668967481e+01
2.710470816266087102e+00
0.000000000000000000e+00
0.000000000000000000e+00
0.000000000000000000e+00
0.000000000000000000e+00
1.463332192604501891e+01
9.725868426605042139e-01
0.000000000000000000e+00
1.661654219106064545e+01
0.000000000000000000e+00
0.000000000000000000e+00
1.011660072013552636e+01
0.000000000000000000e+00
0.000000000000000000e+00
5.491144384525406430e+00
0.000000000000000000e+00
3.075701761045338767e+00
0.000000000000000000e+00
0.000000000000000000e+00
0.000000000000000000e+00
1.022444011018798626e+01
2.356274678436841796e+00
0.000000000000000000e+00
6.836505244016326976e+00
2.354250142925778277e+01
2.653200316912082002e+01
7.518668379439207961e+00
1.276230596797967820e+01
0.000000000000000000e+00
0.000000000000000000e+00
0.000000000000000000e+00
1.459480524702991566e+01
0.000000000000000000e+00
2.460119832026577669e+01
1.759637198650955625e+01
1.350037306771326051e+01
2.424847788805976734e+01
0.000000000000000000e+00
1.659026266671820693e+01
0.000000000000000000e+00
1.721411478419721064e+01
0.000000000000000000e+00
0.000000000000000000e+00
0.000000000000000000e+00
0.000000000000000000e+00
0.000000000000000000e+00
0.000000000000000000e+00
0.000000000000000000e+00
0.000000000000000000e+00
7.552488776496929512e-02
0.000000000000000000e+00
4.853019714172961824e-02
0.000000000000000000e+00
1.760935196855910334e+01
0.000000000000000000e+00
0.000000000000000000e+00
0.000000000000000000e+00
0.000000000000000000e+00
1.353046806865314799e+01
1.451650279528354659e+01
0.000000000000000000e+00
0.000000000000000000e+00
0.000000000000000000e+00
0.000000000000000000e+00
0.000000000000000000e+00
0.000000000000000000e+00
0.000000000000000000e+00
0.000000000000000000e+00
1.534208427110148243e+01
0.000000000000000000e+00
0.000000000000000000e+00
0.000000000000000000e+00
2.877227597110848745e+00
0.000000000000000000e+00
2.248645736382909988e+01
2.353745675201363596e+01
0.000000000000000000e+00
0.000000000000000000e+00
1.286064097976881371e+01
0.000000000000000000e+00
0.000000000000000000e+00
1.787552570515758887e+01
0.000000000000000000e+00
1.253236520442352564e+00
0.000000000000000000e+00
0.000000000000000000e+00
0.000000000000000000e+00
1.222283030995434672e+01
0.000000000000000000e+00
5.132218724632795492e+00
0.000000000000000000e+00
9.340880071838462584e+00
0.000000000000000000e+00
0.000000000000000000e+00
0.000000000000000000e+00
0.000000000000000000e+00
9.220203896476679262e+00
0.000000000000000000e+00
0.000000000000000000e+00
2.037240566808624087e-01
0.000000000000000000e+00
1.467340174446795054e+01
0.000000000000000000e+00
2.071225818137745645e+00
2.711249385089299935e+01
6.153175041042953985e+00
0.000000000000000000e+00
0.000000000000000000e+00
9.116983596871751416e+00
0.000000000000000000e+00
0.000000000000000000e+00
0.000000000000000000e+00
2.453789756540716382e+01
8.633947460627608095e+00
0.000000000000000000e+00
2.051624310920773553e+01
1.291106504182983628e+01
0.000000000000000000e+00
2.553357596348856262e+01
1.227724891815320074e+00
6.315166909922153016e-01
0.000000000000000000e+00
0.000000000000000000e+00
0.000000000000000000e+00
7.223184318635398782e+00
0.000000000000000000e+00
0.000000000000000000e+00
0.000000000000000000e+00
2.254430843429999953e+01
0.000000000000000000e+00
3.264168378987217523e+01
1.122283030995432007e+01
1.922265267076870643e+01
2.553411527137028969e+01
5.440092528618253986e+00
0.000000000000000000e+00
0.000000000000000000e+00
2.653167775999211742e+01
8.430543880380989563e+00
0.000000000000000000e+00
1.323170102232533907e+01
0.000000000000000000e+00
2.353971608146245487e+01
0.000000000000000000e+00
0.000000000000000000e+00
2.763766830125069163e+01
0.000000000000000000e+00
2.858614073249163212e+01
0.000000000000000000e+00
0.000000000000000000e+00
0.000000000000000000e+00
2.958739652404422671e+01
0.000000000000000000e+00
0.000000000000000000e+00
3.149489111262358865e+00
0.000000000000000000e+00
0.000000000000000000e+00
5.080096530508755315e+00
0.000000000000000000e+00
0.000000000000000000e+00
9.268123525577502519e+00
3.219968420998910119e+01
0.000000000000000000e+00
1.722265267076876682e+01
1.423170102232533019e+01
0.000000000000000000e+00
0.000000000000000000e+00
0.000000000000000000e+00
0.000000000000000000e+00
2.353889626931607637e+01
0.000000000000000000e+00
0.000000000000000000e+00
0.000000000000000000e+00
5.324672499601800446e+00
0.000000000000000000e+00
0.000000000000000000e+00
2.592693108145873992e+01
0.000000000000000000e+00
8.377121363119009345e+00
0.000000000000000000e+00
0.000000000000000000e+00
0.000000000000000000e+00
0.000000000000000000e+00
0.000000000000000000e+00
0.000000000000000000e+00
0.000000000000000000e+00
0.000000000000000000e+00
0.000000000000000000e+00
2.753092236877700927e+01
6.513392706089240036e+00
0.000000000000000000e+00
0.000000000000000000e+00
6.768887925732880451e-01
0.000000000000000000e+00
1.662119986906164470e+01
0.000000000000000000e+00
4.839836181771474344e+00
0.000000000000000000e+00
1.766143597469582438e-01
9.117574060746798992e+00
0.000000000000000000e+00
0.000000000000000000e+00
0.000000000000000000e+00
0.000000000000000000e+00
2.195630872290260882e+00
0.000000000000000000e+00
2.165221944341978499e+01
1.281522937152671737e+01
9.209224222368070922e-01
2.653186088241074359e+01
0.000000000000000000e+00
0.000000000000000000e+00
0.000000000000000000e+00
0.000000000000000000e+00
0.000000000000000000e+00
9.231701022325312422e+00
0.000000000000000000e+00
1.449537574742272206e+01
0.000000000000000000e+00
1.958614073249162857e+01
0.000000000000000000e+00
0.000000000000000000e+00
0.000000000000000000e+00
0.000000000000000000e+00
0.000000000000000000e+00
0.000000000000000000e+00
0.000000000000000000e+00
1.758614073249173870e+01
1.804812347816821427e+00
0.000000000000000000e+00
0.000000000000000000e+00
1.221757482762243718e+01
0.000000000000000000e+00
2.492694586068551210e+00
1.956721710529748748e+01
0.000000000000000000e+00
0.000000000000000000e+00
2.659026266671810745e+01
1.124793311870567081e+01
0.000000000000000000e+00
0.000000000000000000e+00
0.000000000000000000e+00
0.000000000000000000e+00
4.087594027454782619e+00
3.058578672381054986e+01
0.000000000000000000e+00
2.367520089061733302e+01
6.125311937677954788e+00
0.000000000000000000e+00
2.558578672381051078e+01
0.000000000000000000e+00
0.000000000000000000e+00
0.000000000000000000e+00
1.022318431863539523e+01
0.000000000000000000e+00
0.000000000000000000e+00
0.000000000000000000e+00
0.000000000000000000e+00
2.353985175416646669e+01
0.000000000000000000e+00
2.254436458049613989e+01
0.000000000000000000e+00
0.000000000000000000e+00
0.000000000000000000e+00
0.000000000000000000e+00
0.000000000000000000e+00
0.000000000000000000e+00
0.000000000000000000e+00
0.000000000000000000e+00
0.000000000000000000e+00
0.000000000000000000e+00
0.000000000000000000e+00
0.000000000000000000e+00
1.458575853736703287e+01
2.892581043430211096e+01
0.000000000000000000e+00
0.000000000000000000e+00
6.268097470811410332e+00
0.000000000000000000e+00
0.000000000000000000e+00
8.222830309954304084e+00
0.000000000000000000e+00
0.000000000000000000e+00
0.000000000000000000e+00
0.000000000000000000e+00
1.885008626588281777e-01
0.000000000000000000e+00
1.822870215994012710e+01
0.000000000000000000e+00
0.000000000000000000e+00
0.000000000000000000e+00
0.000000000000000000e+00
1.658614073249171383e+01
0.000000000000000000e+00
0.000000000000000000e+00
0.000000000000000000e+00
9.117520938573452582e+00
7.487357363829088008e+00
0.000000000000000000e+00
3.784682749467568552e+00
0.000000000000000000e+00
0.000000000000000000e+00
0.000000000000000000e+00
2.753098841487281589e+01
0.000000000000000000e+00
2.453655219676035060e+01
3.340597999772259019e-01
7.122373394168907801e+00
0.000000000000000000e+00
2.858578672381054631e+01
0.000000000000000000e+00
0.000000000000000000e+00
2.753089255416666958e+01
1.558739818564257007e+01
4.640874456769196854e+00
0.000000000000000000e+00
0.000000000000000000e+00
0.000000000000000000e+00
0.000000000000000000e+00
9.247933118705661926e+00
0.000000000000000000e+00
0.000000000000000000e+00
0.000000000000000000e+00
9.858373196036513519e+00
7.521612112314575604e+00
0.000000000000000000e+00
0.000000000000000000e+00
0.000000000000000000e+00
0.000000000000000000e+00
1.441799195227815389e+01
2.157770587928160211e+01
0.000000000000000000e+00
0.000000000000000000e+00
2.055887923744140622e+01
1.011649770383019131e+01
0.000000000000000000e+00
0.000000000000000000e+00
0.000000000000000000e+00
0.000000000000000000e+00
0.000000000000000000e+00
6.063780065380199868e-01
1.748570980075315617e+01
0.000000000000000000e+00
0.000000000000000000e+00
2.453636972858165777e+01
9.117634618273545044e+00
-3.246573699014353220e+00
0.000000000000000000e+00
2.239004290070398540e+01
0.000000000000000000e+00
1.970064548308268471e+01
0.000000000000000000e+00
1.858614073249167831e+01
1.364650194685560969e+01
0.000000000000000000e+00
0.000000000000000000e+00
1.764843763161879908e-01
9.208623502216161327e+00
