5.130033750987889718e+00
0.000000000000000000e+00
1.798777583653870249e-01
0.000000000000000000e+00
1.466456865502327034e+01
1.011660879040920946e+01
0.000000000000000000e+00
0.000000000000000000e+00
0.000000000000000000e+00
2.254441773360329293e+01
0.000000000000000000e+00
0.000000000000000000e+00
1.458575964322402108e+01
0.000000000000000000e+00
1.011660879040920946e+01
0.000000000000000000e+00
0.000000000000000000e+00
1.558740868585686634e+01
0.000000000000000000e+00
0.000000000000000000e+00
0.000000000000000000e+00
0.000000000000000000e+00
0.000000000000000000e+00
2.558739652404419118e+01
2.753099970578433542e+01
0.000000000000000000e+00
8.119726920028304207e+00
2.453679681046605410e+01
0.000000000000000000e+00
0.000000000000000000e+00
1.011660879040920946e+01
0.000000000000000000e+00
0.000000000000000000e+00
2.453679681046605410e+01
2.152835773122229401e+00
1.661271047791474587e+01
0.000000000000000000e+00
9.117737374701501807e+00
6.673788835337030712e+00
0.000000000000000000e+00
0.000000000000000000e+00
0.000000000000000000e+00
2.155031044139978391e+01
1.661271047791474587e+01
0.000000000000000000e+00
0.000000000000000000e+00
0.000000000000000000e+00
1.659026266671820693e+01
0.000000000000000000e+00
0.000000000000000000e+00
0.000000000000000000e+00
9.117737374701501807e+00
9.117737374701501807e+00
2.544092109166061544e+00
0.000000000000000000e+00
0.000000000000000000e+00
9.117737374701501807e+00
0.000000000000000000e+00
1.956721558796389715e+01
0.000000000000000000e+00
5.130033750987889718e+00
0.000000000000000000e+00
9.117737374701501807e+00
1.928438527772146749e+00
0.000000000000000000e+00
0.000000000000000000e+00
0.000000000000000000e+00
0.000000000000000000e+00
1.011660879040920946e+01
-8.016701515671191824e-01
0.000000000000000000e+00
0.000000000000000000e+00
0.000000000000000000e+00
0.000000000000000000e+00
1.956721558796389715e+01
2.453680374322565427e+01
0.000000000000000000e+00
0.000000000000000000e+00
2.453680374322565427e+01
0.000000000000000000e+00
0.000000000000000000e+00
0.000000000000000000e+00
0.000000000000000000e+00
0.000000000000000000e+00
0.000000000000000000e+00
0.000000000000000000e+00
0.000000000000000000e+00
0.000000000000000000e+00
5.130033750987889718e+00
1.820651000872099745e+00
2.058578672381052144e+01
0.000000000000000000e+00
0.000000000000000000e+00
0.000000000000000000e+00
1.956721975573761796e+01
0.000000000000000000e+00
7.122412827850586936e+00
7.122412827850586936e+00
0.000000000000000000e+00
0.000000000000000000e+00
0.000000000000000000e+00
0.000000000000000000e+00
2.658739652404420895e+01
0.000000000000000000e+00
0.000000000000000000e+00
2.155031044139978391e+01
0.000000000000000000e+00
3.552001382906750049e+00
0.000000000000000000e+00
2.055763789395683361e+01
0.000000000000000000e+00
0.000000000000000000e+00
8.119726920028304207e+00
9.117737374701501807e+00
0.000000000000000000e+00
0.000000000000000000e+00
9.117737374701501807e+00
0.000000000000000000e+00
2.055763789395683361e+01
1.759426031527241818e+01
2.659465743618152800e+01
7.122412827850586936e+00
0.000000000000000000e+00
0.000000000000000000e+00
0.000000000000000000e+00
1.760119832026591880e+01
0.000000000000000000e+00
0.000000000000000000e+00
0.000000000000000000e+00
7.122412827850586936e+00
2.553411783540335378e+01
5.016021057716478104e+00
0.000000000000000000e+00
0.000000000000000000e+00
0.000000000000000000e+00
1.086972655722541958e+01
0.000000000000000000e+00
0.000000000000000000e+00
1.857901791941833380e+01
1.959026266671812166e+01
0.000000000000000000e+00
0.000000000000000000e+00
2.653212829007658158e+01
0.000000000000000000e+00
2.155031044139978391e+01
2.453679681046605410e+01
2.553411783540335378e+01
0.000000000000000000e+00
0.000000000000000000e+00
0.000000000000000000e+00
0.000000000000000000e+00
0.000000000000000000e+00
2.453679681046605410e+01
3.429561916371987262e+00
0.000000000000000000e+00
0.000000000000000000e+00
1.011660879040920946e+01
0.000000000000000000e+00
0.000000000000000000e+00
0.000000000000000000e+00
0.000000000000000000e+00
0.000000000000000000e+00
1.164643733336821585e+00
0.000000000000000000e+00
0.000000000000000000e+00
1.180231602067588881e+01
1.370038195088601718e+01
0.000000000000000000e+00
0.000000000000000000e+00
0.000000000000000000e+00
0.000000000000000000e+00
0.000000000000000000e+00
0.000000000000000000e+00
0.000000000000000000e+00
1.011660879040920946e+01
1.559027482853076663e+01
0.000000000000000000e+00
0.000000000000000000e+00
2.553411783540335378e+01
0.000000000000000000e+00
0.000000000000000000e+00
0.000000000000000000e+00
5.130033750987889718e+00
0.000000000000000000e+00
4.135926458784406456e+00
1.466455086951381759e+01
0.000000000000000000e+00
0.000000000000000000e+00
0.000000000000000000e+00
2.753099970578433542e+01
2.055763789395683361e+01
2.338527129957909678e-02
0.000000000000000000e+00
0.000000000000000000e+00
0.000000000000000000e+00
0.000000000000000000e+00
2.254441773360329293e+01
2.758614073249164633e+01
0.000000000000000000e+00
0.000000000000000000e+00
0.000000000000000000e+00
0.000000000000000000e+00
0.000000000000000000e+00
0.000000000000000000e+00
-1.778421939366908289e+00
3.143254270438678777e+00
0.000000000000000000e+00
0.000000000000000000e+00
0.000000000000000000e+00
0.000000000000000000e+00
0.000000000000000000e+00
0.000000000000000000e+00
0.000000000000000000e+00
0.000000000000000000e+00
2.152835773122229401e+00
6.125554311420720488e+00
0.000000000000000000e+00
0.000000000000000000e+00
0.000000000000000000e+00
2.155031044139978391e+01
1.164643733336821585e+00
0.000000000000000000e+00
0.000000000000000000e+00
1.180235817167270618e+01
0.000000000000000000e+00
2.553411090264375360e+01
0.000000000000000000e+00
9.117737374701501807e+00
0.000000000000000000e+00
0.000000000000000000e+00
0.000000000000000000e+00
0.000000000000000000e+00
0.000000000000000000e+00
0.000000000000000000e+00
0.000000000000000000e+00
0.000000000000000000e+00
0.000000000000000000e+00
0.000000000000000000e+00
4.135926458784406456e+00
2.958614073249162146e+01
0.000000000000000000e+00
0.000000000000000000e+00
1.011660879040920946e+01
0.000000000000000000e+00
0.000000000000000000e+00
0.000000000000000000e+00
0.000000000000000000e+00
0.000000000000000000e+00
0.000000000000000000e+00
0.000000000000000000e+00
0.000000000000000000e+00
8.119726920028304207e+00
0.000000000000000000e+00
1.164643733336821585e+00
2.353993829403613702e+01
0.000000000000000000e+00
1.072824742834893819e+00
0.000000000000000000e+00
9.117737374701501807e+00
0.000000000000000000e+00
0.000000000000000000e+00
0.000000000000000000e+00
4.135926458784406456e+00
0.000000000000000000e+00
0.000000000000000000e+00
0.000000000000000000e+00
2.753099970578433542e+01
0.000000000000000000e+00
7.122412827850586936e+00
1.956721558796389715e+01
0.000000000000000000e+00
1.956721975573761796e+01
1.011660879040920946e+01
0.000000000000000000e+00
0.000000000000000000e+00
0.000000000000000000e+00
0.000000000000000000e+00
0.000000000000000000e+00
0.000000000000000000e+00
0.000000000000000000e+00
1.759426031527241818e+01
2.653212829007658158e+01
0.000000000000000000e+00
0.000000000000000000e+00
0.000000000000000000e+00
0.000000000000000000e+00
2.155031044139978391e+01
2.753099970578433542e+01
0.000000000000000000e+00
0.000000000000000000e+00
0.000000000000000000e+00
0.000000000000000000e+00
0.000000000000000000e+00
0.000000000000000000e+00
-6.714388031614733663e-07
6.125554311420720488e+00
2.152835773122229401e+00
0.000000000000000000e+00
7.122412827850586936e+00
1.360166706765242495e+01
0.000000000000000000e+00
0.000000000000000000e+00
0.000000000000000000e+00
1.011660879040920946e+01
2.152835773122229401e+00
0.000000000000000000e+00
0.000000000000000000e+00
2.254441773360329293e+01
0.000000000000000000e+00
0.000000000000000000e+00
0.000000000000000000e+00
0.000000000000000000e+00
0.000000000000000000e+00
0.000000000000000000e+00
2.358578672381050367e+01
0.000000000000000000e+00
1.857901791941833380e+01
0.000000000000000000e+00
0.000000000000000000e+00
0.000000000000000000e+00
0.000000000000000000e+00
0.000000000000000000e+00
0.000000000000000000e+00
0.000000000000000000e+00
1.011660879040920946e+01
3.143254270438678777e+00
0.000000000000000000e+00
0.000000000000000000e+00
1.466457551338399412e+01
2.453679681046605410e+01
0.000000000000000000e+00
0.000000000000000000e+00
1.759426031527241818e+01
1.011660879040920946e+01
0.000000000000000000e+00
4.053977505407847737e+00
-3.014583396009915983e+00
0.000000000000000000e+00
9.829349028249456666e-01
0.000000000000000000e+00
0.000000000000000000e+00
0.000000000000000000e+00
0.000000000000000000e+00
0.000000000000000000e+00
8.119726920028304207e+00
0.000000000000000000e+00
0.000000000000000000e+00
0.000000000000000000e+00
0.000000000000000000e+00
0.000000000000000000e+00
0.000000000000000000e+00
0.000000000000000000e+00
0.000000000000000000e+00
2.653212829007658158e+01
1.180064428660272569e+01
0.000000000000000000e+00
9.117737374701501807e+00
0.000000000000000000e+00
0.000000000000000000e+00
0.000000000000000000e+00
0.000000000000000000e+00
0.000000000000000000e+00
0.000000000000000000e+00
0.000000000000000000e+00
0.000000000000000000e+00
6.125554311420720488e+00
0.000000000000000000e+00
6.125554311420720488e+00
9.117737374701501807e+00
0.000000000000000000e+00
2.553411783540335378e+01
1.651374442124520669e+00
7.654164880641298740e-01
0.000000000000000000e+00
0.000000000000000000e+00
0.000000000000000000e+00
0.000000000000000000e+00
0.000000000000000000e+00
1.798777583653870249e-01
0.000000000000000000e+00
1.956721975573761796e+01
0.000000000000000000e+00
0.000000000000000000e+00
0.000000000000000000e+00
0.000000000000000000e+00
0.000000000000000000e+00
2.155031044139978391e+01
2.453679681046605410e+01
0.000000000000000000e+00
0.000000000000000000e+00
0.000000000000000000e+00
0.000000000000000000e+00
0.000000000000000000e+00
0.000000000000000000e+00
9.058966560776356758e+00
0.000000000000000000e+00
0.000000000000000000e+00
1.307141124223058393e+00
0.000000000000000000e+00
0.000000000000000000e+00
0.000000000000000000e+00
7.888615003446991514e-01
0.000000000000000000e+00
2.155031044139978391e+01
0.000000000000000000e+00
0.000000000000000000e+00
0.000000000000000000e+00
0.000000000000000000e+00
0.000000000000000000e+00
0.000000000000000000e+00
3.984841808180938028e+00
2.158614073249161436e+01
0.000000000000000000e+00
1.011660879040920946e+01
0.000000000000000000e+00
2.653212829007658158e+01
0.000000000000000000e+00
0.000000000000000000e+00
2.254441773360329293e+01
0.000000000000000000e+00
0.000000000000000000e+00
2.353993829403613702e+01
2.653212829007658158e+01
0.000000000000000000e+00
0.000000000000000000e+00
2.653212829007658158e+01
2.553411090264375360e+01
0.000000000000000000e+00
2.254441773360329293e+01
0.000000000000000000e+00
0.000000000000000000e+00
0.000000000000000000e+00
0.000000000000000000e+00
0.000000000000000000e+00
0.000000000000000000e+00
1.658739652404430842e+01
0.000000000000000000e+00
6.433785803143506676e+00
6.125554311420720488e+00
0.000000000000000000e+00
9.117737374701501807e+00
6.840420870878927140e+00
0.000000000000000000e+00
9.951801256909689641e+00
0.000000000000000000e+00
0.000000000000000000e+00
0.000000000000000000e+00
0.000000000000000000e+00
0.000000000000000000e+00
0.000000000000000000e+00
0.000000000000000000e+00
0.000000000000000000e+00
2.758614073249164633e+01
2.758578672381055696e+01
5.734561307835754462e+00
0.000000000000000000e+00
0.000000000000000000e+00
0.000000000000000000e+00
0.000000000000000000e+00
0.000000000000000000e+00
0.000000000000000000e+00
0.000000000000000000e+00
3.143254270438678777e+00
0.000000000000000000e+00
0.000000000000000000e+00
0.000000000000000000e+00
0.000000000000000000e+00
0.000000000000000000e+00
0.000000000000000000e+00
0.000000000000000000e+00
0.000000000000000000e+00
0.000000000000000000e+00
0.000000000000000000e+00
0.000000000000000000e+00
2.353993829403613702e+01
0.000000000000000000e+00
0.000000000000000000e+00
0.000000000000000000e+00
0.000000000000000000e+00
0.000000000000000000e+00
5.130033750987889718e+00
0.000000000000000000e+00
5.130033750987889718e+00
0.000000000000000000e+00
0.000000000000000000e+00
0.000000000000000000e+00
0.000000000000000000e+00
0.000000000000000000e+00
6.520753494886360357e+00
1.029822551602299407e+00
2.719164252090581768e-01
0.000000000000000000e+00
0.000000000000000000e+00
0.000000000000000000e+00
0.000000000000000000e+00
0.000000000000000000e+00
1.857902442901303175e+01
0.000000000000000000e+00
0.000000000000000000e+00
0.000000000000000000e+00
0.000000000000000000e+00
0.000000000000000000e+00
0.000000000000000000e+00
0.000000000000000000e+00
2.653212829007658158e+01
0.000000000000000000e+00
1.259156144134205313e+01
8.119726920028304207e+00
0.000000000000000000e+00
0.000000000000000000e+00
0.000000000000000000e+00
0.000000000000000000e+00
0.000000000000000000e+00
6.125554311420720488e+00
2.358578672381050367e+01
1.459480799478060575e+01
0.000000000000000000e+00
8.191274386354163717e-01
0.000000000000000000e+00
0.000000000000000000e+00
0.000000000000000000e+00
0.000000000000000000e+00
0.000000000000000000e+00
0.000000000000000000e+00
0.000000000000000000e+00
0.000000000000000000e+00
0.000000000000000000e+00
0.000000000000000000e+00
0.000000000000000000e+00
1.011660879040920946e+01
0.000000000000000000e+00
0.000000000000000000e+00
0.000000000000000000e+00
2.254441773360329293e+01
0.000000000000000000e+00
0.000000000000000000e+00
0.000000000000000000e+00
9.117737374701501807e+00
0.000000000000000000e+00
0.000000000000000000e+00
0.000000000000000000e+00
0.000000000000000000e+00
0.000000000000000000e+00
0.000000000000000000e+00
0.000000000000000000e+00
0.000000000000000000e+00
0.000000000000000000e+00
0.000000000000000000e+00
0.000000000000000000e+00
0.000000000000000000e+00
6.125554311420720488e+00
1.011660879040920946e+01
0.000000000000000000e+00
0.000000000000000000e+00
-2.666128990926777131e+00
0.000000000000000000e+00
0.000000000000000000e+00
-3.916726361905393361e+00
0.000000000000000000e+00
2.055763789395683361e+01
0.000000000000000000e+00
0.000000000000000000e+00
0.000000000000000000e+00
0.000000000000000000e+00
0.000000000000000000e+00
0.000000000000000000e+00
0.000000000000000000e+00
2.155031044139978391e+01
0.000000000000000000e+00
8.119726920028304207e+00
0.000000000000000000e+00
1.011660879040920946e+01
0.000000000000000000e+00
0.000000000000000000e+00
0.000000000000000000e+00
0.000000000000000000e+00
9.117737374701501807e+00
0.000000000000000000e+00
0.000000000000000000e+00
0.000000000000000000e+00
0.000000000000000000e+00
2.858739652404423026e+01
0.000000000000000000e+00
0.000000000000000000e+00
7.885510071029880885e-01
5.638634161404804779e+00
1.759426031527241818e+01
0.000000000000000000e+00
0.000000000000000000e+00
1.759426031527241818e+01
7.122412827850586936e+00
1.759426031527241818e+01
0.000000000000000000e+00
0.000000000000000000e+00
9.117737374701501807e+00
2.353993829403613702e+01
0.000000000000000000e+00
8.559086389379603199e-01
0.000000000000000000e+00
0.000000000000000000e+00
0.000000000000000000e+00
0.000000000000000000e+00
0.000000000000000000e+00
0.000000000000000000e+00
0.000000000000000000e+00
2.158739652404420895e+01
0.000000000000000000e+00
1.661271047791474587e+01
2.753099970578433542e+01
2.553411783540335378e+01
3.143254270438678777e+00
0.000000000000000000e+00
2.353994522679573720e+01
9.952012559134059799e+00
0.000000000000000000e+00
4.135926458784406456e+00
0.000000000000000000e+00
0.000000000000000000e+00
2.758578672381055696e+01
0.000000000000000000e+00
0.000000000000000000e+00
0.000000000000000000e+00
0.000000000000000000e+00
2.553411090264375360e+01
0.000000000000000000e+00
0.000000000000000000e+00
0.000000000000000000e+00
0.000000000000000000e+00
0.000000000000000000e+00
0.000000000000000000e+00
9.117737374701501807e+00
0.000000000000000000e+00
0.000000000000000000e+00
0.000000000000000000e+00
0.000000000000000000e+00
0.000000000000000000e+00
0.000000000000000000e+00
-4.665864050510031724e+00
0.000000000000000000e+00
8.119726920028304207e+00
0.000000000000000000e+00
2.453679681046605410e+01
0.000000000000000000e+00
0.000000000000000000e+00
0.000000000000000000e+00
0.000000000000000000e+00
0.000000000000000000e+00
8.119726920028304207e+00
0.000000000000000000e+00
0.000000000000000000e+00
1.661271047791474587e+01
0.000000000000000000e+00
0.000000000000000000e+00
1.011660879040920946e+01
0.000000000000000000e+00
0.000000000000000000e+00
1.026860736107118921e+00
0.000000000000000000e+00
-5.945119157892929884e+00
0.000000000000000000e+00
0.000000000000000000e+00
0.000000000000000000e+00
4.135926458784406456e+00
0.000000000000000000e+00
0.000000000000000000e+00
1.982715367379359606e+00
2.353993829403613702e+01
2.653212829007658158e+01
6.125554311420720488e+00
1.274736341373883164e+01
0.000000000000000000e+00
0.000000000000000000e+00
0.000000000000000000e+00
1.459480799478060575e+01
0.000000000000000000e+00
2.460119832026577669e+01
1.759426031527241818e+01
9.117737374701501807e+00
6.437743911239037331e+00
0.000000000000000000e+00
1.659026266671820693e+01
0.000000000000000000e+00
1.661271047791474587e+01
0.000000000000000000e+00
0.000000000000000000e+00
0.000000000000000000e+00
0.000000000000000000e+00
0.000000000000000000e+00
0.000000000000000000e+00
0.000000000000000000e+00
0.000000000000000000e+00
0.000000000000000000e+00
0.000000000000000000e+00
0.000000000000000000e+00
0.000000000000000000e+00
1.759426031527241818e+01
0.000000000000000000e+00
0.000000000000000000e+00
0.000000000000000000e+00
0.000000000000000000e+00
6.125554311420720488e+00
7.122412827850586936e+00
0.000000000000000000e+00
0.000000000000000000e+00
0.000000000000000000e+00
0.000000000000000000e+00
0.000000000000000000e+00
0.000000000000000000e+00
0.000000000000000000e+00
0.000000000000000000e+00
4.130379992831199054e+00
0.000000000000000000e+00
0.000000000000000000e+00
0.000000000000000000e+00
0.000000000000000000e+00
0.000000000000000000e+00
7.358539849288041168e+00
2.353993829403613702e+01
0.000000000000000000e+00
0.000000000000000000e+00
0.000000000000000000e+00
0.000000000000000000e+00
0.000000000000000000e+00
1.958739652404421960e+01
0.000000000000000000e+00
0.000000000000000000e+00
0.000000000000000000e+00
0.000000000000000000e+00
0.000000000000000000e+00
4.135926458784406456e+00
0.000000000000000000e+00
5.130033750987889718e+00
0.000000000000000000e+00
1.810693853894728367e+00
0.000000000000000000e+00
0.000000000000000000e+00
0.000000000000000000e+00
0.000000000000000000e+00
1.736407450710894862e+00
0.000000000000000000e+00
0.000000000000000000e+00
0.000000000000000000e+00
0.000000000000000000e+00
1.466457551338399412e+01
0.000000000000000000e+00
0.000000000000000000e+00
2.453679681046605410e+01
8.119726920028304207e+00
0.000000000000000000e+00
0.000000000000000000e+00
9.117737374701501807e+00
0.000000000000000000e+00
0.000000000000000000e+00
0.000000000000000000e+00
2.453679681046605410e+01
8.119726920028304207e+00
0.000000000000000000e+00
5.140299976422146422e+00
3.400472373377704915e+00
0.000000000000000000e+00
2.553411783540335378e+01
0.000000000000000000e+00
0.000000000000000000e+00
0.000000000000000000e+00
0.000000000000000000e+00
0.000000000000000000e+00
1.798777583653870249e-01
0.000000000000000000e+00
0.000000000000000000e+00
0.000000000000000000e+00
2.254441773360329293e+01
0.000000000000000000e+00
2.753099970578433542e+01
3.143254270438678777e+00
1.011660879040920946e+01
2.553411783540335378e+01
0.000000000000000000e+00
0.000000000000000000e+00
0.000000000000000000e+00
2.653212829007658158e+01
3.024977534005401036e+00
0.000000000000000000e+00
9.117737374701501807e+00
0.000000000000000000e+00
2.353994522679573720e+01
0.000000000000000000e+00
0.000000000000000000e+00
2.055763342617665046e+01
0.000000000000000000e+00
2.858614073249163212e+01
0.000000000000000000e+00
0.000000000000000000e+00
0.000000000000000000e+00
2.958739652404422671e+01
0.000000000000000000e+00
0.000000000000000000e+00
3.143254270438678777e+00
0.000000000000000000e+00
0.000000000000000000e+00
0.000000000000000000e+00
0.000000000000000000e+00
0.000000000000000000e+00
2.636880561766477893e+00
2.353993829403613702e+01
0.000000000000000000e+00
8.119726920028304207e+00
1.011660879040920946e+01
0.000000000000000000e+00
0.000000000000000000e+00
0.000000000000000000e+00
0.000000000000000000e+00
2.353993829403613702e+01
0.000000000000000000e+00
0.000000000000000000e+00
0.000000000000000000e+00
1.257186933223248593e+00
0.000000000000000000e+00
0.000000000000000000e+00
2.254441773360329293e+01
0.000000000000000000e+00
8.186371239517210796e+00
0.000000000000000000e+00
0.000000000000000000e+00
0.000000000000000000e+00
0.000000000000000000e+00
0.000000000000000000e+00
0.000000000000000000e+00
0.000000000000000000e+00
0.000000000000000000e+00
0.000000000000000000e+00
2.753099970578433542e+01
1.426575716402907812e+00
0.000000000000000000e+00
0.000000000000000000e+00
2.152835773122229401e+00
0.000000000000000000e+00
1.661271047791474587e+01
0.000000000000000000e+00
6.125554311420720488e+00
0.000000000000000000e+00
0.000000000000000000e+00
9.117737374701501807e+00
0.000000000000000000e+00
0.000000000000000000e+00
0.000000000000000000e+00
0.000000000000000000e+00
0.000000000000000000e+00
0.000000000000000000e+00
1.857901791941833380e+01
1.274520495808016740e+01
0.000000000000000000e+00
2.653212829007658158e+01
0.000000000000000000e+00
0.000000000000000000e+00
0.000000000000000000e+00
0.000000000000000000e+00
0.000000000000000000e+00
5.130033750987889718e+00
0.000000000000000000e+00
3.323968650020167726e+00
0.000000000000000000e+00
1.958614073249162857e+01
0.000000000000000000e+00
0.000000000000000000e+00
0.000000000000000000e+00
0.000000000000000000e+00
0.000000000000000000e+00
0.000000000000000000e+00
0.000000000000000000e+00
1.758614073249173870e+01
0.000000000000000000e+00
0.000000000000000000e+00
0.000000000000000000e+00
6.125554311420720488e+00
0.000000000000000000e+00
0.000000000000000000e+00
1.956721975573761796e+01
0.000000000000000000e+00
0.000000000000000000e+00
2.659026266671810745e+01
9.117737374701501807e+00
0.000000000000000000e+00
0.000000000000000000e+00
0.000000000000000000e+00
0.000000000000000000e+00
1.138157328941076019e+00
3.058578672381054986e+01
0.000000000000000000e+00
2.254441773360329293e+01
6.125554311420720488e+00
0.000000000000000000e+00
2.558578672381051078e+01
0.000000000000000000e+00
0.000000000000000000e+00
0.000000000000000000e+00
3.143254270438678777e+00
0.000000000000000000e+00
0.000000000000000000e+00
0.000000000000000000e+00
0.000000000000000000e+00
2.353994522679573720e+01
0.000000000000000000e+00
2.254441773360329293e+01
0.000000000000000000e+00
0.000000000000000000e+00
0.000000000000000000e+00
1.798777583653870249e-01
0.000000000000000000e+00
0.000000000000000000e+00
0.000000000000000000e+00
0.000000000000000000e+00
0.000000000000000000e+00
0.000000000000000000e+00
0.000000000000000000e+00
0.000000000000000000e+00
1.458575964322402108e+01
2.553411090264375360e+01
0.000000000000000000e+00
0.000000000000000000e+00
1.191280371887336820e+00
0.000000000000000000e+00
0.000000000000000000e+00
1.798777583653870249e-01
0.000000000000000000e+00
0.000000000000000000e+00
0.000000000000000000e+00
0.000000000000000000e+00
0.000000000000000000e+00
0.000000000000000000e+00
6.052728778734648429e+00
0.000000000000000000e+00
0.000000000000000000e+00
0.000000000000000000e+00
0.000000000000000000e+00
1.658614073249171383e+01
0.000000000000000000e+00
0.000000000000000000e+00
0.000000000000000000e+00
9.117737374701501807e+00
1.004969021244408456e+00
0.000000000000000000e+00
3.519770544467657025e+00
0.000000000000000000e+00
0.000000000000000000e+00
0.000000000000000000e+00
2.753099970578433542e+01
0.000000000000000000e+00
2.453680374322565427e+01
8.161763807071850119e-01
7.122412827850586936e+00
0.000000000000000000e+00
2.858578672381054631e+01
0.000000000000000000e+00
0.000000000000000000e+00
2.753099970578433542e+01
1.558740868585686634e+01
1.157917467666474298e+00
0.000000000000000000e+00
0.000000000000000000e+00
0.000000000000000000e+00
0.000000000000000000e+00
7.122412827850586936e+00
0.000000000000000000e+00
0.000000000000000000e+00
0.000000000000000000e+00
0.000000000000000000e+00
3.984841808180938028e+00
0.000000000000000000e+00
0.000000000000000000e+00
0.000000000000000000e+00
0.000000000000000000e+00
5.230159120229991743e+00
2.155031044139978391e+01
0.000000000000000000e+00
0.000000000000000000e+00
2.055763789395683361e+01
1.011660879040920946e+01
0.000000000000000000e+00
0.000000000000000000e+00
0.000000000000000000e+00
0.000000000000000000e+00
0.000000000000000000e+00
0.000000000000000000e+00
8.119726920028304207e+00
0.000000000000000000e+00
0.000000000000000000e+00
2.453679681046605410e+01
9.117737374701501807e+00
-3.246347623447066955e+00
0.000000000000000000e+00
6.878636091336260527e+00
0.000000000000000000e+00
1.956721975573761796e+01
0.000000000000000000e+00
1.858614073249167831e+01
9.950266162411114834e+00
0.000000000000000000e+00
0.000000000000000000e+00
0.000000000000000000e+00
1.011660879040920946e+01
