4.732758754682345526e+00
5.394808352766264470e+00
0.000000000000000000e+00
0.000000000000000000e+00
0.000000000000000000e+00
7.715591513278249103e+00
-1.192036375445505864e-01
1.420323638703382615e-02
0.000000000000000000e+00
0.000000000000000000e+00
7.479219602458092586e-01
0.000000000000000000e+00
0.000000000000000000e+00
0.000000000000000000e+00
1.230450463943978612e+00
0.000000000000000000e+00
0.000000000000000000e+00
0.000000000000000000e+00
0.000000000000000000e+00
0.000000000000000000e+00
0.000000000000000000e+00
0.000000000000000000e+00
1.934785461277108709e+00
1.325750567814529546e-01
0.000000000000000000e+00
3.527689396381458398e+00
0.000000000000000000e+00
0.000000000000000000e+00
0.000000000000000000e+00
1.359243524128875003e-01
0.000000000000000000e+00
3.235579049284036390e+00
0.000000000000000000e+00
0.000000000000000000e+00
0.000000000000000000e+00
0.000000000000000000e+00
0.000000000000000000e+00
1.157844092392035051e+01
0.000000000000000000e+00
1.493511740441680336e-01
0.000000000000000000e+00
0.000000000000000000e+00
6.119838554641331640e+00
8.351374645545830977e-02
3.101136867791268181e-01
8.000373593617679177e-03
0.000000000000000000e+00
0.000000000000000000e+00
0.000000000000000000e+00
0.000000000000000000e+00
3.734397279645835788e+00
5.097595779202070965e+00
3.918916919327737780e+00
0.000000000000000000e+00
5.351755198879621034e+00
0.000000000000000000e+00
0.000000000000000000e+00
0.000000000000000000e+00
0.000000000000000000e+00
0.000000000000000000e+00
0.000000000000000000e+00
0.000000000000000000e+00
0.000000000000000000e+00
0.000000000000000000e+00
-1.513522707623294217e+00
4.976344257850970010e+00
0.000000000000000000e+00
1.553763854443366377e+01
0.000000000000000000e+00
0.000000000000000000e+00
0.000000000000000000e+00
0.000000000000000000e+00
0.000000000000000000e+00
0.000000000000000000e+00
0.000000000000000000e+00
0.000000000000000000e+00
0.000000000000000000e+00
0.000000000000000000e+00
0.000000000000000000e+00
0.000000000000000000e+00
1.347409240781626671e+01
0.000000000000000000e+00
0.000000000000000000e+00
0.000000000000000000e+00
0.000000000000000000e+00
0.000000000000000000e+00
0.000000000000000000e+00
0.000000000000000000e+00
0.000000000000000000e+00
6.425376550050224012e+00
0.000000000000000000e+00
9.529589670201541907e+00
0.000000000000000000e+00
9.528457423505818369e+00
0.000000000000000000e+00
0.000000000000000000e+00
0.000000000000000000e+00
0.000000000000000000e+00
1.667614889570216530e+00
2.951484296878301161e-01
0.000000000000000000e+00
0.000000000000000000e+00
5.633600008981349827e-01
0.000000000000000000e+00
0.000000000000000000e+00
0.000000000000000000e+00
0.000000000000000000e+00
0.000000000000000000e+00
1.454004660790831593e+01
0.000000000000000000e+00
0.000000000000000000e+00
0.000000000000000000e+00
5.311327491873852891e-01
2.278569392957961182e-01
0.000000000000000000e+00
2.271877281126105874e+00
0.000000000000000000e+00
0.000000000000000000e+00
0.000000000000000000e+00
0.000000000000000000e+00
2.647022712708527958e+00
0.000000000000000000e+00
2.532795742273138417e-01
-8.623684314755136526e+00
0.000000000000000000e+00
0.000000000000000000e+00
0.000000000000000000e+00
2.938766538147680185e-01
0.000000000000000000e+00
0.000000000000000000e+00
0.000000000000000000e+00
0.000000000000000000e+00
0.000000000000000000e+00
0.000000000000000000e+00
9.698622813868368553e+00
0.000000000000000000e+00
0.000000000000000000e+00
0.000000000000000000e+00
1.671117323904467433e+00
2.274596174250759439e+00
0.000000000000000000e+00
0.000000000000000000e+00
0.000000000000000000e+00
0.000000000000000000e+00
0.000000000000000000e+00
2.847782207623022366e+00
9.698622813868368553e+00
0.000000000000000000e+00
0.000000000000000000e+00
2.943752526111013124e-01
6.425376550050224012e+00
0.000000000000000000e+00
0.000000000000000000e+00
0.000000000000000000e+00
0.000000000000000000e+00
8.810129743714254502e+00
5.318778850749203535e+00
0.000000000000000000e+00
0.000000000000000000e+00
0.000000000000000000e+00
0.000000000000000000e+00
0.000000000000000000e+00
0.000000000000000000e+00
6.425376550050224012e+00
0.000000000000000000e+00
0.000000000000000000e+00
5.504142019003998243e+00
0.000000000000000000e+00
2.271031672407815005e+00
0.000000000000000000e+00
0.000000000000000000e+00
0.000000000000000000e+00
0.000000000000000000e+00
1.454024115041315035e+01
0.000000000000000000e+00
0.000000000000000000e+00
0.000000000000000000e+00
0.000000000000000000e+00
0.000000000000000000e+00
0.000000000000000000e+00
0.000000000000000000e+00
0.000000000000000000e+00
1.225843781272573166e-05
0.000000000000000000e+00
0.000000000000000000e+00
0.000000000000000000e+00
0.000000000000000000e+00
0.000000000000000000e+00
0.000000000000000000e+00
0.000000000000000000e+00
0.000000000000000000e+00
0.000000000000000000e+00
0.000000000000000000e+00
0.000000000000000000e+00
0.000000000000000000e+00
6.743631693734827293e-01
0.000000000000000000e+00
0.000000000000000000e+00
0.000000000000000000e+00
0.000000000000000000e+00
4.126473571553967989e-01
0.000000000000000000e+00
0.000000000000000000e+00
0.000000000000000000e+00
0.000000000000000000e+00
0.000000000000000000e+00
5.157185442368892453e-02
0.000000000000000000e+00
0.000000000000000000e+00
0.000000000000000000e+00
1.230450463943978612e+00
1.753545085401298564e+01
0.000000000000000000e+00
0.000000000000000000e+00
3.199419812405256192e+00
5.632477424603222760e-01
0.000000000000000000e+00
1.236625728390581713e+00
0.000000000000000000e+00
0.000000000000000000e+00
5.666644099680613333e-01
0.000000000000000000e+00
0.000000000000000000e+00
0.000000000000000000e+00
0.000000000000000000e+00
2.128026668564740653e+00
0.000000000000000000e+00
4.675350878113326836e+00
2.930609845792589319e+00
8.810329959002768163e+00
0.000000000000000000e+00
0.000000000000000000e+00
2.043191748444838918e-01
4.670358672677352274e+00
8.570124036906176523e-02
0.000000000000000000e+00
0.000000000000000000e+00
2.253365077141132389e+01
0.000000000000000000e+00
0.000000000000000000e+00
1.062362339749229534e+01
0.000000000000000000e+00
0.000000000000000000e+00
0.000000000000000000e+00
0.000000000000000000e+00
1.747285452510257286e+01
3.233419789634829566e+00
0.000000000000000000e+00
0.000000000000000000e+00
4.953920271494176575e+00
0.000000000000000000e+00
0.000000000000000000e+00
0.000000000000000000e+00
2.711514398423779948e+00
0.000000000000000000e+00
4.098675580197288504e-01
1.040002996371925725e+00
0.000000000000000000e+00
0.000000000000000000e+00
0.000000000000000000e+00
0.000000000000000000e+00
0.000000000000000000e+00
0.000000000000000000e+00
0.000000000000000000e+00
0.000000000000000000e+00
0.000000000000000000e+00
8.604013549834402141e+00
0.000000000000000000e+00
0.000000000000000000e+00
0.000000000000000000e+00
0.000000000000000000e+00
0.000000000000000000e+00
0.000000000000000000e+00
0.000000000000000000e+00
0.000000000000000000e+00
3.856390982412333024e+00
0.000000000000000000e+00
0.000000000000000000e+00
1.247590201142476296e+01
1.533860805721317888e+00
0.000000000000000000e+00
0.000000000000000000e+00
4.301131676054874564e-01
0.000000000000000000e+00
2.628289752259184819e+00
1.447323594142527092e+01
0.000000000000000000e+00
8.656492730363753996e-01
0.000000000000000000e+00
0.000000000000000000e+00
0.000000000000000000e+00
0.000000000000000000e+00
0.000000000000000000e+00
9.871166391780323845e-01
1.049341210989748419e+01
0.000000000000000000e+00
0.000000000000000000e+00
0.000000000000000000e+00
0.000000000000000000e+00
0.000000000000000000e+00
0.000000000000000000e+00
3.228303136116191130e+00
0.000000000000000000e+00
2.940752526111012899e-01
1.659231057483562477e+00
0.000000000000000000e+00
7.483138314470491048e-01
0.000000000000000000e+00
7.140583712441779696e+00
0.000000000000000000e+00
0.000000000000000000e+00
0.000000000000000000e+00
0.000000000000000000e+00
0.000000000000000000e+00
1.480999150817070321e-02
0.000000000000000000e+00
0.000000000000000000e+00
2.353355077141134899e+01
0.000000000000000000e+00
4.670358672677352274e+00
0.000000000000000000e+00
0.000000000000000000e+00
0.000000000000000000e+00
0.000000000000000000e+00
0.000000000000000000e+00
0.000000000000000000e+00
0.000000000000000000e+00
1.937733395931203306e+00
5.318778850749203535e+00
0.000000000000000000e+00
0.000000000000000000e+00
0.000000000000000000e+00
0.000000000000000000e+00
0.000000000000000000e+00
0.000000000000000000e+00
0.000000000000000000e+00
0.000000000000000000e+00
0.000000000000000000e+00
0.000000000000000000e+00
0.000000000000000000e+00
0.000000000000000000e+00
0.000000000000000000e+00
6.089270863720580573e-02
0.000000000000000000e+00
0.000000000000000000e+00
0.000000000000000000e+00
0.000000000000000000e+00
0.000000000000000000e+00
6.425376550050224012e+00
9.285468701354136767e-02
4.824100151168111417e+00
6.425376550050224012e+00
7.869494727460816241e-01
1.289338784844546781e+00
1.553763854443366377e+01
0.000000000000000000e+00
0.000000000000000000e+00
0.000000000000000000e+00
0.000000000000000000e+00
6.315582597627711348e-03
0.000000000000000000e+00
3.586765239487519796e+00
4.672816884758691280e+00
0.000000000000000000e+00
0.000000000000000000e+00
5.296716850648998109e-01
0.000000000000000000e+00
2.635416403295979926e+00
0.000000000000000000e+00
0.000000000000000000e+00
1.062362339749229534e+01
0.000000000000000000e+00
8.020743909117022952e-02
0.000000000000000000e+00
0.000000000000000000e+00
0.000000000000000000e+00
0.000000000000000000e+00
0.000000000000000000e+00
4.408260106725141458e-01
0.000000000000000000e+00
0.000000000000000000e+00
0.000000000000000000e+00
0.000000000000000000e+00
1.001131991324805126e+00
4.409492680053536673e-02
1.959739641740041671e+00
3.223720720739362111e+00
6.371070668463243436e+00
0.000000000000000000e+00
0.000000000000000000e+00
0.000000000000000000e+00
0.000000000000000000e+00
0.000000000000000000e+00
0.000000000000000000e+00
0.000000000000000000e+00
0.000000000000000000e+00
0.000000000000000000e+00
0.000000000000000000e+00
0.000000000000000000e+00
0.000000000000000000e+00
0.000000000000000000e+00
0.000000000000000000e+00
2.022583192849955747e-01
1.539296090311191412e+00
0.000000000000000000e+00
0.000000000000000000e+00
0.000000000000000000e+00
0.000000000000000000e+00
1.414765064999287114e-01
7.126762156838919005e+00
0.000000000000000000e+00
4.129692610030813782e+00
0.000000000000000000e+00
0.000000000000000000e+00
0.000000000000000000e+00
1.326817969579076051e-01
0.000000000000000000e+00
0.000000000000000000e+00
0.000000000000000000e+00
1.454004660790831593e+01
0.000000000000000000e+00
9.678871911044371057e-01
1.547304196003590704e+01
0.000000000000000000e+00
0.000000000000000000e+00
1.880504175233731701e+00
2.364626633890614560e+00
0.000000000000000000e+00
5.637539111681112436e-01
0.000000000000000000e+00
5.504142019003998243e+00
0.000000000000000000e+00
7.957361886264923356e+00
6.365565182479254069e+00
0.000000000000000000e+00
0.000000000000000000e+00
0.000000000000000000e+00
0.000000000000000000e+00
0.000000000000000000e+00
0.000000000000000000e+00
0.000000000000000000e+00
0.000000000000000000e+00
0.000000000000000000e+00
0.000000000000000000e+00
0.000000000000000000e+00
0.000000000000000000e+00
0.000000000000000000e+00
2.169627839910451446e-03
0.000000000000000000e+00
0.000000000000000000e+00
0.000000000000000000e+00
5.504142019003998243e+00
5.000807114207499460e+00
0.000000000000000000e+00
0.000000000000000000e+00
0.000000000000000000e+00
0.000000000000000000e+00
0.000000000000000000e+00
2.063883212663440991e-01
0.000000000000000000e+00
6.071746903736602974e+00
0.000000000000000000e+00
1.295645865842821154e+00
0.000000000000000000e+00
6.071746903736602974e+00
0.000000000000000000e+00
0.000000000000000000e+00
7.118393056068175739e-02
0.000000000000000000e+00
0.000000000000000000e+00
0.000000000000000000e+00
0.000000000000000000e+00
2.451315077869994585e+00
0.000000000000000000e+00
0.000000000000000000e+00
0.000000000000000000e+00
0.000000000000000000e+00
0.000000000000000000e+00
0.000000000000000000e+00
1.347409240781626671e+01
3.235089437367396847e+00
2.169627839910451446e-03
1.296611322264088262e+00
0.000000000000000000e+00
0.000000000000000000e+00
0.000000000000000000e+00
1.770663905090763324e+00
0.000000000000000000e+00
2.252766840105330459e+00
0.000000000000000000e+00
2.425433040708871779e+00
3.238226853771436486e-01
2.169627839910451446e-03
6.086491818956243804e+00
0.000000000000000000e+00
0.000000000000000000e+00
0.000000000000000000e+00
0.000000000000000000e+00
0.000000000000000000e+00
6.323537708440342409e-02
0.000000000000000000e+00
0.000000000000000000e+00
0.000000000000000000e+00
0.000000000000000000e+00
0.000000000000000000e+00
3.235724831831633175e+00
0.000000000000000000e+00
9.728328312524401333e-01
0.000000000000000000e+00
0.000000000000000000e+00
0.000000000000000000e+00
0.000000000000000000e+00
0.000000000000000000e+00
0.000000000000000000e+00
0.000000000000000000e+00
0.000000000000000000e+00
0.000000000000000000e+00
0.000000000000000000e+00
0.000000000000000000e+00
0.000000000000000000e+00
0.000000000000000000e+00
0.000000000000000000e+00
8.907091122098403924e-01
5.153137407094736666e-01
0.000000000000000000e+00
2.034774973251037289e-01
0.000000000000000000e+00
0.000000000000000000e+00
0.000000000000000000e+00
0.000000000000000000e+00
0.000000000000000000e+00
0.000000000000000000e+00
0.000000000000000000e+00
5.512736539313784156e+00
0.000000000000000000e+00
0.000000000000000000e+00
0.000000000000000000e+00
0.000000000000000000e+00
1.447323594142527092e+01
0.000000000000000000e+00
0.000000000000000000e+00
0.000000000000000000e+00
9.643630744288771428e-01
0.000000000000000000e+00
8.603265552107464131e+00
0.000000000000000000e+00
0.000000000000000000e+00
2.674253061930300213e+00
0.000000000000000000e+00
1.538111963059484388e+00
0.000000000000000000e+00
7.479219602458092586e-01
0.000000000000000000e+00
0.000000000000000000e+00
0.000000000000000000e+00
0.000000000000000000e+00
0.000000000000000000e+00
2.353355077141134899e+01
0.000000000000000000e+00
2.522582429141521754e+00
1.166167550845806367e-01
5.504142019003998243e+00
0.000000000000000000e+00
0.000000000000000000e+00
0.000000000000000000e+00
6.074502445583392252e+00
0.000000000000000000e+00
0.000000000000000000e+00
0.000000000000000000e+00
0.000000000000000000e+00
1.691870217005379207e+00
0.000000000000000000e+00
0.000000000000000000e+00
0.000000000000000000e+00
5.135631867065222345e-01
0.000000000000000000e+00
0.000000000000000000e+00
0.000000000000000000e+00
0.000000000000000000e+00
1.953447404412388266e+01
0.000000000000000000e+00
0.000000000000000000e+00
0.000000000000000000e+00
4.964792064893583934e+00
1.547304196003590704e+01
0.000000000000000000e+00
0.000000000000000000e+00
6.425376550050224012e+00
0.000000000000000000e+00
0.000000000000000000e+00
0.000000000000000000e+00
0.000000000000000000e+00
0.000000000000000000e+00
0.000000000000000000e+00
0.000000000000000000e+00
0.000000000000000000e+00
5.632477424603222760e-01
5.504142019003998243e+00
0.000000000000000000e+00
0.000000000000000000e+00
0.000000000000000000e+00
0.000000000000000000e+00
2.116152741757319600e+00
0.000000000000000000e+00
0.000000000000000000e+00
0.000000000000000000e+00
0.000000000000000000e+00
0.000000000000000000e+00
9.858841630851625792e-01
0.000000000000000000e+00
0.000000000000000000e+00
0.000000000000000000e+00
9.708599095812564528e-01
0.000000000000000000e+00
0.000000000000000000e+00
0.000000000000000000e+00
0.000000000000000000e+00
0.000000000000000000e+00
0.000000000000000000e+00
0.000000000000000000e+00
0.000000000000000000e+00
0.000000000000000000e+00
0.000000000000000000e+00
3.345983642735058106e-01
3.810411129145823694e-01
2.847782207623022366e+00
0.000000000000000000e+00
5.635544975814592572e-01
0.000000000000000000e+00
0.000000000000000000e+00
0.000000000000000000e+00
1.934945052628532780e+00
1.807399616378019269e+00
0.000000000000000000e+00
3.920346848814687313e+00
0.000000000000000000e+00
0.000000000000000000e+00
5.122229852679134610e-02
0.000000000000000000e+00
2.230206789535640777e+00
0.000000000000000000e+00
0.000000000000000000e+00
0.000000000000000000e+00
0.000000000000000000e+00
6.203324159814985542e-03
0.000000000000000000e+00
0.000000000000000000e+00
0.000000000000000000e+00
0.000000000000000000e+00
0.000000000000000000e+00
0.000000000000000000e+00
0.000000000000000000e+00
0.000000000000000000e+00
3.915684458527076472e+00
0.000000000000000000e+00
1.109879862130487699e-01
0.000000000000000000e+00
0.000000000000000000e+00
6.635254448877214717e-02
0.000000000000000000e+00
0.000000000000000000e+00
0.000000000000000000e+00
5.544957825767301562e-01
2.258917775174765552e+00
1.454523322279989428e-02
6.425376550050224012e+00
0.000000000000000000e+00
0.000000000000000000e+00
0.000000000000000000e+00
0.000000000000000000e+00
0.000000000000000000e+00
0.000000000000000000e+00
4.672902189135782258e+00
0.000000000000000000e+00
6.425376550050224012e+00
4.319288560899362750e+00
0.000000000000000000e+00
4.161704570329557207e+00
0.000000000000000000e+00
0.000000000000000000e+00
0.000000000000000000e+00
0.000000000000000000e+00
0.000000000000000000e+00
0.000000000000000000e+00
0.000000000000000000e+00
0.000000000000000000e+00
2.564678418041954622e-02
0.000000000000000000e+00
0.000000000000000000e+00
0.000000000000000000e+00
0.000000000000000000e+00
6.271461401531470692e-01
0.000000000000000000e+00
7.735081296212939606e+00
0.000000000000000000e+00
1.753564539651781828e+01
0.000000000000000000e+00
0.000000000000000000e+00
1.520423654376711342e-01
8.435011173349347136e-01
0.000000000000000000e+00
0.000000000000000000e+00
0.000000000000000000e+00
0.000000000000000000e+00
0.000000000000000000e+00
7.716323550066955583e+00
0.000000000000000000e+00
2.006816785402183723e-01
7.960479633066350758e+00
0.000000000000000000e+00
0.000000000000000000e+00
0.000000000000000000e+00
8.317713888348434281e+00
0.000000000000000000e+00
0.000000000000000000e+00
1.232529561274888996e+00
0.000000000000000000e+00
3.924105961144781052e+00
0.000000000000000000e+00
0.000000000000000000e+00
9.698622813868368553e+00
1.740801249252596161e+00
0.000000000000000000e+00
0.000000000000000000e+00
0.000000000000000000e+00
0.000000000000000000e+00
1.336619620173694692e-02
0.000000000000000000e+00
0.000000000000000000e+00
9.523514354140989013e+00
2.780028149441840846e+00
4.043146127215860308e-02
0.000000000000000000e+00
0.000000000000000000e+00
0.000000000000000000e+00
0.000000000000000000e+00
2.660809551920204630e+00
5.633904768456510226e+00
3.202342864478112894e+00
1.518799019174887910e-01
0.000000000000000000e+00
0.000000000000000000e+00
0.000000000000000000e+00
0.000000000000000000e+00
0.000000000000000000e+00
0.000000000000000000e+00
1.553763854443366377e+01
0.000000000000000000e+00
5.542132890283606450e+00
0.000000000000000000e+00
0.000000000000000000e+00
0.000000000000000000e+00
4.179539055753997423e-01
0.000000000000000000e+00
9.880250102025742720e-01
1.062362339749229534e+01
0.000000000000000000e+00
1.354482249616492384e-01
3.060380152282535793e+00
1.431938521822791799e+00
5.504142019003998243e+00
0.000000000000000000e+00
6.425376550050224012e+00
1.676828418431513645e+00
5.635331275441383347e+00
0.000000000000000000e+00
0.000000000000000000e+00
5.504142019003998243e+00
1.237560538288944370e-02
0.000000000000000000e+00
2.046385707169927348e-02
0.000000000000000000e+00
0.000000000000000000e+00
4.129596155932094836e-01
0.000000000000000000e+00
0.000000000000000000e+00
0.000000000000000000e+00
1.240295527988685143e+00
2.711514398423779948e+00
0.000000000000000000e+00
0.000000000000000000e+00
0.000000000000000000e+00
0.000000000000000000e+00
0.000000000000000000e+00
2.576428782556685216e-03
0.000000000000000000e+00
8.290699133432141710e-02
4.663247965121384286e-01
0.000000000000000000e+00
0.000000000000000000e+00
0.000000000000000000e+00
3.232400139267088690e+00
0.000000000000000000e+00
5.333975289404523146e+00
3.198669233005419610e+00
0.000000000000000000e+00
0.000000000000000000e+00
1.880504175233731701e+00
1.496768642610987743e-01
0.000000000000000000e+00
0.000000000000000000e+00
0.000000000000000000e+00
0.000000000000000000e+00
0.000000000000000000e+00
0.000000000000000000e+00
1.065160283932630847e+00
0.000000000000000000e+00
1.049341210989748419e+01
3.109948790091595847e-03
0.000000000000000000e+00
0.000000000000000000e+00
0.000000000000000000e+00
0.000000000000000000e+00
7.331080729455398126e-01
0.000000000000000000e+00
0.000000000000000000e+00
0.000000000000000000e+00
0.000000000000000000e+00
0.000000000000000000e+00
0.000000000000000000e+00
0.000000000000000000e+00
1.354513320578527136e+01
0.000000000000000000e+00
0.000000000000000000e+00
0.000000000000000000e+00
0.000000000000000000e+00
0.000000000000000000e+00
1.272248925827744181e-01
0.000000000000000000e+00
1.682905251785472123e+00
0.000000000000000000e+00
0.000000000000000000e+00
0.000000000000000000e+00
0.000000000000000000e+00
7.311896076564748936e-01
0.000000000000000000e+00
0.000000000000000000e+00
8.458763623624522901e-03
0.000000000000000000e+00
1.672629766125995898e+00
0.000000000000000000e+00
0.000000000000000000e+00
3.979828658488603121e+00
0.000000000000000000e+00
0.000000000000000000e+00
0.000000000000000000e+00
8.602080099782233091e+00
4.967417519946543791e+00
0.000000000000000000e+00
0.000000000000000000e+00
0.000000000000000000e+00
6.564708699360564947e-02
1.034143676584134697e-01
7.739592247925918933e+00
0.000000000000000000e+00
4.691993601066728026e+00
0.000000000000000000e+00
0.000000000000000000e+00
5.323378375643132987e-01
3.716703911228469871e-03
1.447323594142527092e+01
0.000000000000000000e+00
0.000000000000000000e+00
0.000000000000000000e+00
0.000000000000000000e+00
1.230891220654147133e+00
0.000000000000000000e+00
0.000000000000000000e+00
0.000000000000000000e+00
0.000000000000000000e+00
0.000000000000000000e+00
1.465963965577855160e-02
3.490275232684418860e+00
0.000000000000000000e+00
0.000000000000000000e+00
0.000000000000000000e+00
3.531064222192829671e+00
0.000000000000000000e+00
0.000000000000000000e+00
0.000000000000000000e+00
0.000000000000000000e+00
0.000000000000000000e+00
0.000000000000000000e+00
1.753545085401298564e+01
0.000000000000000000e+00
0.000000000000000000e+00
0.000000000000000000e+00
5.634726126883081498e+00
5.635600008981349607e-01
0.000000000000000000e+00
0.000000000000000000e+00
0.000000000000000000e+00
0.000000000000000000e+00
7.963965142804062758e+00
3.467577245470676139e+00
0.000000000000000000e+00
0.000000000000000000e+00
1.247590201142476296e+01
0.000000000000000000e+00
6.364497981416253225e+00
0.000000000000000000e+00
1.913115218190110989e+00
0.000000000000000000e+00
0.000000000000000000e+00
0.000000000000000000e+00
0.000000000000000000e+00
1.062362339749229534e+01
0.000000000000000000e+00
5.428790632145735096e+00
0.000000000000000000e+00
0.000000000000000000e+00
0.000000000000000000e+00
0.000000000000000000e+00
0.000000000000000000e+00
4.996898435119551785e+00
5.122229852679134610e-02
0.000000000000000000e+00
0.000000000000000000e+00
0.000000000000000000e+00
0.000000000000000000e+00
0.000000000000000000e+00
0.000000000000000000e+00
0.000000000000000000e+00
3.809948790091595948e-03
7.319890878490896702e-01
2.636115284218519594e+00
0.000000000000000000e+00
9.652723649412578988e-01
0.000000000000000000e+00
0.000000000000000000e+00
0.000000000000000000e+00
9.698622813868368553e+00
0.000000000000000000e+00
2.153375077141127747e+01
0.000000000000000000e+00
0.000000000000000000e+00
0.000000000000000000e+00
0.000000000000000000e+00
0.000000000000000000e+00
2.711514398423779948e+00
0.000000000000000000e+00
0.000000000000000000e+00
0.000000000000000000e+00
0.000000000000000000e+00
0.000000000000000000e+00
0.000000000000000000e+00
0.000000000000000000e+00
0.000000000000000000e+00
0.000000000000000000e+00
1.055234050302834570e+00
0.000000000000000000e+00
0.000000000000000000e+00
0.000000000000000000e+00
0.000000000000000000e+00
0.000000000000000000e+00
6.090826871046900459e-01
-9.790164612460092286e+00
3.757321914257361506e+00
0.000000000000000000e+00
0.000000000000000000e+00
0.000000000000000000e+00
0.000000000000000000e+00
0.000000000000000000e+00
5.504142019003998243e+00
0.000000000000000000e+00
0.000000000000000000e+00
0.000000000000000000e+00
0.000000000000000000e+00
0.000000000000000000e+00
6.358937084666325568e+00
0.000000000000000000e+00
0.000000000000000000e+00
0.000000000000000000e+00
0.000000000000000000e+00
0.000000000000000000e+00
0.000000000000000000e+00
0.000000000000000000e+00
0.000000000000000000e+00
0.000000000000000000e+00
8.724136074236921168e-01
0.000000000000000000e+00
0.000000000000000000e+00
0.000000000000000000e+00
6.370876125958409908e+00
0.000000000000000000e+00
4.667231486411320240e+00
7.885864963668909322e-01
1.289338784844546781e+00
0.000000000000000000e+00
0.000000000000000000e+00
0.000000000000000000e+00
0.000000000000000000e+00
0.000000000000000000e+00
0.000000000000000000e+00
0.000000000000000000e+00
1.641023726115062420e+00
5.364274737177805008e+00
3.217117468217870702e+00
1.228622642676828525e+00
5.921574193704709721e+00
