4.800000000000000000e+01 2.147107675911303204e+01 1.047107675911303204e+01
3.491843731934706341e+01 3.651308261320957627e+01 8.918437319347063408e+00
8.009796255328055281e+00 4.078082162096862362e+00 0.000000000000000000e+00
0.000000000000000000e+00 0.000000000000000000e+00 0.000000000000000000e+00
0.000000000000000000e+00 0.000000000000000000e+00 0.000000000000000000e+00
4.045093514431371062e+01 3.628878185721639227e+01 0.000000000000000000e+00
4.719271479528715929e+01 3.254296412162779717e+01 1.654296412162779717e+01
1.800000000000000000e+01 6.000000000000000000e+00 4.000000000000000000e+00
2.349070075554614334e+00 0.000000000000000000e+00 0.000000000000000000e+00
0.000000000000000000e+00 0.000000000000000000e+00 0.000000000000000000e+00
1.700000000000000000e+01 1.500000000000000000e+01 1.300000000000000000e+01
0.000000000000000000e+00 0.000000000000000000e+00 0.000000000000000000e+00
4.336165852239801666e+00 1.584626406355035044e+00 0.000000000000000000e+00
1.613363160062974089e+00 0.000000000000000000e+00 0.000000000000000000e+00
1.800000000000000000e+01 1.700000000000000000e+01 1.500000000000000000e+01
0.000000000000000000e+00 0.000000000000000000e+00 0.000000000000000000e+00
0.000000000000000000e+00 0.000000000000000000e+00 0.000000000000000000e+00
0.000000000000000000e+00 0.000000000000000000e+00 0.000000000000000000e+00
1.039436591538779453e+01 8.421383845092528020e+00 0.000000000000000000e+00
0.000000000000000000e+00 0.000000000000000000e+00 0.000000000000000000e+00
4.409177848240709352e+00 0.000000000000000000e+00 0.000000000000000000e+00
1.475886460530677979e+01 1.475886460530677979e+01 3.429755105206439225e+00
3.900000000000000000e+01 3.100000000000000000e+01 0.000000000000000000e+00
3.500000000000000000e+01 6.000000000000000000e+00 5.000000000000000000e+00
0.000000000000000000e+00 0.000000000000000000e+00 0.000000000000000000e+00
4.360380396611068221e+01 2.966077265687091824e+01 5.603803966110682211e+00
7.200632373191083957e+00 5.263250118042748227e-01 0.000000000000000000e+00
0.000000000000000000e+00 0.000000000000000000e+00 0.000000000000000000e+00
9.822272785716862131e+00 8.912254271587855214e+00 0.000000000000000000e+00
2.900000000000000000e+01 1.000000000000000000e+01 8.000000000000000000e+00
0.000000000000000000e+00 0.000000000000000000e+00 0.000000000000000000e+00
4.600000000000000000e+01 1.400102684802206454e+01 1.001026848022064542e+00
0.000000000000000000e+00 0.000000000000000000e+00 0.000000000000000000e+00
0.000000000000000000e+00 0.000000000000000000e+00 0.000000000000000000e+00
0.000000000000000000e+00 0.000000000000000000e+00 0.000000000000000000e+00
0.000000000000000000e+00 0.000000000000000000e+00 0.000000000000000000e+00
0.000000000000000000e+00 0.000000000000000000e+00 0.000000000000000000e+00
2.078027484693404858e+01 1.878027484693404858e+01 3.081431702437977549e+01
6.211696216489912103e+00 0.000000000000000000e+00 0.000000000000000000e+00
2.900000000000000000e+01 1.900000000000000000e+01 8.000000000000000000e+00
1.772792279123673609e+01 1.717923589876213342e+01 9.727922791236736089e+00
0.000000000000000000e+00 0.000000000000000000e+00 0.000000000000000000e+00
4.179991924953540661e+01 3.707912778056606840e+01 1.279991924953540661e+01
2.700000000000000000e+01 7.000000000000000000e+00 7.000000000000000000e+00
3.100000000000000000e+01 2.100000000000000000e+01 1.000000000000000000e+01
2.800000000000000000e+01 9.000000000000000000e+00 3.000000000000000000e+00
0.000000000000000000e+00 0.000000000000000000e+00 0.000000000000000000e+00
0.000000000000000000e+00 0.000000000000000000e+00 0.000000000000000000e+00
0.000000000000000000e+00 0.000000000000000000e+00 0.000000000000000000e+00
0.000000000000000000e+00 0.000000000000000000e+00 0.000000000000000000e+00
3.600000000000000000e+01 2.900000000000000000e+01 2.100000000000000000e+01
4.262624338005309710e+01 2.377316449535292264e+01 1.777316449535292264e+01
4.336335352155115430e+01 2.890162288298775906e+01 1.136335352155115430e+01
5.467705861146896495e-01 5.467705861146896495e-01 0.000000000000000000e+00
4.021995855658199304e+01 3.521832665424891218e+01 5.219958556581993037e+00
2.405305463084188844e+01 2.405305463084188844e+01 1.305573715874069052e+01
0.000000000000000000e+00 0.000000000000000000e+00 0.000000000000000000e+00
0.000000000000000000e+00 0.000000000000000000e+00 0.000000000000000000e+00
0.000000000000000000e+00 0.000000000000000000e+00 0.000000000000000000e+00
0.000000000000000000e+00 0.000000000000000000e+00 0.000000000000000000e+00
0.000000000000000000e+00 0.000000000000000000e+00 0.000000000000000000e+00
0.000000000000000000e+00 0.000000000000000000e+00 0.000000000000000000e+00
0.000000000000000000e+00 0.000000000000000000e+00 0.000000000000000000e+00
1.826067994210660572e+01 6.044490423773815735e+00 0.000000000000000000e+00
3.873980516225618231e+01 3.456284051976565763e+01 1.373980516225618231e+01
3.580430869796676063e+01 1.580430869796675708e+01 2.300000000000000000e+01
2.052791976056783341e+01 2.052791976056783341e+01 8.810895028535764339e+00
2.359214580159719077e+01 2.259214580159719077e+01 2.622414291079617499e+01
1.740743591159539605e+01 1.740743591159539605e+01 0.000000000000000000e+00
0.000000000000000000e+00 0.000000000000000000e+00 0.000000000000000000e+00
1.149590062351888164e+01 8.025703077164010324e-01 0.000000000000000000e+00
0.000000000000000000e+00 0.000000000000000000e+00 0.000000000000000000e+00
2.326920963054007174e+01 2.326920963054007174e+01 1.152244391753305308e+01
0.000000000000000000e+00 0.000000000000000000e+00 0.000000000000000000e+00
0.000000000000000000e+00 0.000000000000000000e+00 0.000000000000000000e+00
1.216948240346985699e+01 1.216948240346985699e+01 0.000000000000000000e+00
0.000000000000000000e+00 0.000000000000000000e+00 0.000000000000000000e+00
0.000000000000000000e+00 0.000000000000000000e+00 0.000000000000000000e+00
0.000000000000000000e+00 0.000000000000000000e+00 0.000000000000000000e+00
0.000000000000000000e+00 0.000000000000000000e+00 0.000000000000000000e+00
3.269240903148494226e+01 3.854074959890276375e+01 1.169240903148494581e+01
0.000000000000000000e+00 0.000000000000000000e+00 0.000000000000000000e+00
0.000000000000000000e+00 0.000000000000000000e+00 0.000000000000000000e+00
0.000000000000000000e+00 0.000000000000000000e+00 0.000000000000000000e+00
0.000000000000000000e+00 0.000000000000000000e+00 0.000000000000000000e+00
0.000000000000000000e+00 0.000000000000000000e+00 0.000000000000000000e+00
1.413201572280991059e+01 1.901548128880094168e+00 0.000000000000000000e+00
1.194846185400466609e+01 1.194846185400466609e+01 6.262033990194098010e-01
0.000000000000000000e+00 0.000000000000000000e+00 0.000000000000000000e+00
5.000000000000000000e+01 9.561219766152916577e+00 5.561219766152916577e+00
0.000000000000000000e+00 0.000000000000000000e+00 0.000000000000000000e+00
3.701759028357812298e+01 4.044290378697545663e+01 4.017590283578122978e+00
0.000000000000000000e+00 0.000000000000000000e+00 0.000000000000000000e+00
3.948673286914289093e+01 3.830352362406753741e+01 2.486732869142890934e+00
3.020083645427938279e+00 3.020083645427938279e+00 0.000000000000000000e+00
0.000000000000000000e+00 0.000000000000000000e+00 0.000000000000000000e+00
0.000000000000000000e+00 0.000000000000000000e+00 0.000000000000000000e+00
0.000000000000000000e+00 0.000000000000000000e+00 0.000000000000000000e+00
4.300000000000000000e+01 2.400000000000000000e+01 2.000000000000000000e+00
2.700000000000000000e+01 1.900000000000000000e+01 1.000000000000000000e+01
1.449291480452181702e+00 0.000000000000000000e+00 0.000000000000000000e+00
7.470235428726613947e+00 7.470235428726613947e+00 0.000000000000000000e+00
2.400000000000000000e+01 1.200000000000000000e+01 1.200000000000000000e+01
0.000000000000000000e+00 0.000000000000000000e+00 0.000000000000000000e+00
1.287323670102561124e+01 1.287323670102561124e+01 2.040422888890986997e+00
0.000000000000000000e+00 0.000000000000000000e+00 0.000000000000000000e+00
0.000000000000000000e+00 0.000000000000000000e+00 0.000000000000000000e+00
0.000000000000000000e+00 0.000000000000000000e+00 0.000000000000000000e+00
3.304141551963051882e+01 2.204141551963052237e+01 2.744552997152017326e+01
0.000000000000000000e+00 0.000000000000000000e+00 0.000000000000000000e+00
1.061764530079647528e+01 1.061764530079647528e+01 0.000000000000000000e+00
0.000000000000000000e+00 0.000000000000000000e+00 0.000000000000000000e+00
3.900000000000000000e+01 1.600000000000000000e+01 2.000000000000000000e+00
3.000000000000000000e+01 2.200000000000000000e+01 8.000000000000000000e+00
4.213143379702188440e+00 0.000000000000000000e+00 0.000000000000000000e+00
2.000000000000000000e+01 1.900000000000000000e+01 1.800000000000000000e+01
9.344860521042711810e+00 9.152554487329283006e-01 0.000000000000000000e+00
3.681076597975234677e-01 0.000000000000000000e+00 0.000000000000000000e+00
6.562097325988396790e+00 0.000000000000000000e+00 0.000000000000000000e+00
0.000000000000000000e+00 0.000000000000000000e+00 0.000000000000000000e+00
4.500000000000000000e+01 1.047627047236133535e+01 6.476270472361335351e+00
0.000000000000000000e+00 0.000000000000000000e+00 0.000000000000000000e+00
3.700000000000000000e+01 1.500000000000000000e+01 2.000000000000000000e+00
4.505064835914107846e+01 3.262471398541568846e+01 1.362471398541568846e+01
1.365381089351210875e+01 1.365381089351210875e+01 5.161952406005099192e-02
0.000000000000000000e+00 0.000000000000000000e+00 0.000000000000000000e+00
1.342484793448040392e+01 2.403421676525134387e+00 0.000000000000000000e+00
2.900000000000000000e+01 1.800000000000000000e+01 1.000000000000000000e+01
2.591712615085365456e+01 2.591712615085365456e+01 1.578556417085967922e+01
0.000000000000000000e+00 0.000000000000000000e+00 0.000000000000000000e+00
0.000000000000000000e+00 0.000000000000000000e+00 0.000000000000000000e+00
0.000000000000000000e+00 0.000000000000000000e+00 0.000000000000000000e+00
0.000000000000000000e+00 0.000000000000000000e+00 0.000000000000000000e+00
0.000000000000000000e+00 0.000000000000000000e+00 0.000000000000000000e+00
3.214242313494406744e+01 2.214242313494406389e+01 2.900000000000000000e+01
0.000000000000000000e+00 0.000000000000000000e+00 0.000000000000000000e+00
0.000000000000000000e+00 0.000000000000000000e+00 0.000000000000000000e+00
2.881649741478511828e+01 2.881649741478511828e+01 1.652445959669467968e+01
4.300000000000000000e+01 1.100000000000000000e+01 3.000000000000000000e+00
3.100000000000000000e+01 2.900000000000000000e+01 1.800000000000000000e+01
1.205134625893003175e+01 4.890813799001847428e+00 0.000000000000000000e+00
0.000000000000000000e+00 0.000000000000000000e+00 0.000000000000000000e+00
1.168328462735446749e+01 1.168328462735446749e+01 0.000000000000000000e+00
0.000000000000000000e+00 0.000000000000000000e+00 0.000000000000000000e+00
1.549162911240600238e+01 5.814496603032416999e+00 0.000000000000000000e+00
3.821226893156487137e+01 3.300000000000000000e+01 3.212268931564871366e+00
3.396381663060270739e+01 2.096381663060270384e+01 2.884128100349941803e+01
0.000000000000000000e+00 0.000000000000000000e+00 0.000000000000000000e+00
0.000000000000000000e+00 0.000000000000000000e+00 0.000000000000000000e+00
2.600000000000000000e+01 1.200000000000000000e+01 1.000000000000000000e+01
5.000000000000000000e+01 8.041969013624935769e+00 0.000000000000000000e+00
0.000000000000000000e+00 0.000000000000000000e+00 0.000000000000000000e+00
0.000000000000000000e+00 0.000000000000000000e+00 0.000000000000000000e+00
0.000000000000000000e+00 0.000000000000000000e+00 0.000000000000000000e+00
7.200818234282216679e+00 3.086888232486550976e+00 0.000000000000000000e+00
3.579771677042535316e+01 3.079771677042535671e+01 2.353473884900956037e+01
3.053526618122717906e+01 3.700000000000000000e+01 0.000000000000000000e+00
2.761699695523276432e-01 0.000000000000000000e+00 0.000000000000000000e+00
0.000000000000000000e+00 0.000000000000000000e+00 0.000000000000000000e+00
0.000000000000000000e+00 0.000000000000000000e+00 0.000000000000000000e+00
0.000000000000000000e+00 0.000000000000000000e+00 0.000000000000000000e+00
0.000000000000000000e+00 0.000000000000000000e+00 0.000000000000000000e+00
0.000000000000000000e+00 0.000000000000000000e+00 0.000000000000000000e+00
4.613134133351763211e+01 3.049606713775565936e+01 2.496067137755659360e+00
0.000000000000000000e+00 0.000000000000000000e+00 0.000000000000000000e+00
3.636072283653106751e+00 0.000000000000000000e+00 0.000000000000000000e+00
4.900000000000000000e+01 2.212040585761671707e+01 0.000000000000000000e+00
0.000000000000000000e+00 0.000000000000000000e+00 0.000000000000000000e+00
3.422959961730396827e+01 2.622959961730396827e+01 1.800000000000000000e+01
0.000000000000000000e+00 0.000000000000000000e+00 0.000000000000000000e+00
0.000000000000000000e+00 0.000000000000000000e+00 0.000000000000000000e+00
0.000000000000000000e+00 0.000000000000000000e+00 0.000000000000000000e+00
7.752770802528168304e+00 0.000000000000000000e+00 0.000000000000000000e+00
3.054731473098857109e+01 2.954731473098857109e+01 2.197670077066988981e+01
3.620912999991208636e+00 3.620912999991208636e+00 0.000000000000000000e+00
0.000000000000000000e+00 0.000000000000000000e+00 0.000000000000000000e+00
0.000000000000000000e+00 0.000000000000000000e+00 0.000000000000000000e+00
0.000000000000000000e+00 0.000000000000000000e+00 0.000000000000000000e+00
2.454669504775701228e+01 2.454669504775701228e+01 6.566978738833164186e+00
0.000000000000000000e+00 0.000000000000000000e+00 0.000000000000000000e+00
2.456443382322440527e+00 2.456443382322440527e+00 0.000000000000000000e+00
7.371705233086217390e+00 0.000000000000000000e+00 0.000000000000000000e+00
2.300000000000000000e+01 2.000000000000000000e+00 0.000000000000000000e+00
0.000000000000000000e+00 0.000000000000000000e+00 0.000000000000000000e+00
0.000000000000000000e+00 0.000000000000000000e+00 0.000000000000000000e+00
1.468710516551865197e+01 1.626546035261263512e+00 0.000000000000000000e+00
1.088229751001031254e+01 1.088229751001031254e+01 0.000000000000000000e+00
0.000000000000000000e+00 0.000000000000000000e+00 0.000000000000000000e+00
0.000000000000000000e+00 0.000000000000000000e+00 0.000000000000000000e+00
0.000000000000000000e+00 0.000000000000000000e+00 0.000000000000000000e+00
2.255587335308854691e+01 2.255587335308854691e+01 1.223848691602554339e+01
0.000000000000000000e+00 0.000000000000000000e+00 0.000000000000000000e+00
0.000000000000000000e+00 0.000000000000000000e+00 0.000000000000000000e+00
0.000000000000000000e+00 0.000000000000000000e+00 0.000000000000000000e+00
1.244954516374487241e+01 0.000000000000000000e+00 0.000000000000000000e+00
3.700000000000000000e+01 2.600000000000000000e+01 1.000000000000000000e+01
2.710682179750403265e+00 1.449449181191500458e+00 0.000000000000000000e+00
1.581267876791432769e+00 1.581267876791432769e+00 0.000000000000000000e+00
9.532710442138544238e+00 0.000000000000000000e+00 0.000000000000000000e+00
0.000000000000000000e+00 0.000000000000000000e+00 0.000000000000000000e+00
1.600000000000000000e+01 1.300000000000000000e+01 1.100000000000000000e+01
0.000000000000000000e+00 0.000000000000000000e+00 0.000000000000000000e+00
1.159907370843819052e+01 1.252456901127690259e+00 0.000000000000000000e+00
0.000000000000000000e+00 0.000000000000000000e+00 0.000000000000000000e+00
0.000000000000000000e+00 0.000000000000000000e+00 0.000000000000000000e+00
6.169247652567001694e+00 0.000000000000000000e+00 0.000000000000000000e+00
2.800000000000000000e+01 1.900000000000000000e+01 4.000000000000000000e+00
1.463576477153499411e+01 1.463576477153499411e+01 7.096965677616040580e-01
0.000000000000000000e+00 0.000000000000000000e+00 0.000000000000000000e+00
0.000000000000000000e+00 0.000000000000000000e+00 0.000000000000000000e+00
2.006641382179038402e+01 1.506641382179038224e+01 1.500000000000000000e+01
2.675499161274750648e+01 2.475499161274750648e+01 2.489893731439751789e+01
0.000000000000000000e+00 0.000000000000000000e+00 0.000000000000000000e+00
0.000000000000000000e+00 0.000000000000000000e+00 0.000000000000000000e+00
2.779579202536950433e+01 2.279579202536950433e+01 2.000000000000000000e+01
2.100000000000000000e+01 1.700000000000000000e+01 1.200000000000000000e+01
1.944561456647733166e-01 0.000000000000000000e+00 0.000000000000000000e+00
3.300000000000000000e+01 2.900000000000000000e+01 0.000000000000000000e+00
7.247968340124234743e+00 7.247968340124234743e+00 0.000000000000000000e+00
0.000000000000000000e+00 0.000000000000000000e+00 0.000000000000000000e+00
3.000000000000000000e+01 2.000000000000000000e+01 1.200000000000000000e+01
0.000000000000000000e+00 0.000000000000000000e+00 0.000000000000000000e+00
0.000000000000000000e+00 0.000000000000000000e+00 0.000000000000000000e+00
2.186485883202297842e+01 2.186485883202297842e+01 7.219445866853618554e+00
0.000000000000000000e+00 0.000000000000000000e+00 0.000000000000000000e+00
4.400000000000000000e+01 2.800000000000000000e+01 8.000000000000000000e+00
0.000000000000000000e+00 0.000000000000000000e+00 0.000000000000000000e+00
3.614042317686201500e+01 3.600000000000000000e+01 9.140423176862014998e+00
4.300000000000000000e+01 2.000000000000000000e+01 1.900000000000000000e+01
3.594582400070104455e+01 2.394582400070104455e+01 2.800000000000000000e+01
0.000000000000000000e+00 0.000000000000000000e+00 0.000000000000000000e+00
0.000000000000000000e+00 0.000000000000000000e+00 0.000000000000000000e+00
2.700000000000000000e+01 1.800000000000000000e+01 9.000000000000000000e+00
4.800000000000000000e+01 2.291683995886032221e+01 0.000000000000000000e+00
2.800000000000000000e+01 1.400000000000000000e+01 7.000000000000000000e+00
0.000000000000000000e+00 0.000000000000000000e+00 0.000000000000000000e+00
0.000000000000000000e+00 0.000000000000000000e+00 0.000000000000000000e+00
2.612816826588099417e+01 2.612816826588099417e+01 3.166376158038006849e+01
0.000000000000000000e+00 0.000000000000000000e+00 0.000000000000000000e+00
0.000000000000000000e+00 0.000000000000000000e+00 0.000000000000000000e+00
2.992773816363476769e+01 2.392773816363476769e+01 2.739341446557993720e+01
1.215051843001908338e+01 0.000000000000000000e+00 0.000000000000000000e+00
0.000000000000000000e+00 0.000000000000000000e+00 0.000000000000000000e+00
0.000000000000000000e+00 0.000000000000000000e+00 0.000000000000000000e+00
9.166443467709523674e+00 0.000000000000000000e+00 0.000000000000000000e+00
3.354912998856273987e+01 3.699255808192711470e+01 1.654912998856273987e+01
4.600000000000000000e+01 1.334343546539192715e+01 0.000000000000000000e+00
0.000000000000000000e+00 0.000000000000000000e+00 0.000000000000000000e+00
0.000000000000000000e+00 0.000000000000000000e+00 0.000000000000000000e+00
3.640125095637248620e+01 2.540125095637248620e+01 2.300000000000000000e+01
1.717397403423075630e+01 1.067735182069369415e+01 0.000000000000000000e+00
0.000000000000000000e+00 0.000000000000000000e+00 0.000000000000000000e+00
0.000000000000000000e+00 0.000000000000000000e+00 0.000000000000000000e+00
2.900000000000000000e+01 2.600000000000000000e+01 1.900000000000000000e+01
0.000000000000000000e+00 0.000000000000000000e+00 0.000000000000000000e+00
3.800000000000000000e+01 1.800000000000000000e+01 6.000000000000000000e+00
4.100000000000000000e+01 2.000000000000000000e+01 8.000000000000000000e+00
2.268754461069483952e+01 2.268754461069483952e+01 9.791317921271044611e+00
0.000000000000000000e+00 0.000000000000000000e+00 0.000000000000000000e+00
0.000000000000000000e+00 0.000000000000000000e+00 0.000000000000000000e+00
9.646258240577310517e+00 0.000000000000000000e+00 0.000000000000000000e+00
0.000000000000000000e+00 0.000000000000000000e+00 0.000000000000000000e+00
0.000000000000000000e+00 0.000000000000000000e+00 0.000000000000000000e+00
1.216378448225771614e+01 1.216378448225771614e+01 0.000000000000000000e+00
1.986627379709371866e+00 1.986627379709371866e+00 0.000000000000000000e+00
0.000000000000000000e+00 0.000000000000000000e+00 0.000000000000000000e+00
4.046154343044246815e+01 3.869307417347246059e+01 5.461543430442468150e+00
0.000000000000000000e+00 0.000000000000000000e+00 0.000000000000000000e+00
1.891685323833473831e+01 9.256867149209895729e+00 0.000000000000000000e+00
0.000000000000000000e+00 0.000000000000000000e+00 0.000000000000000000e+00
0.000000000000000000e+00 0.000000000000000000e+00 0.000000000000000000e+00
1.179711219164634883e+01 1.179711219164634883e+01 0.000000000000000000e+00
1.509647733649597257e+01 5.075278603085727980e+00 0.000000000000000000e+00
1.340506013862607659e+01 1.597921804883554842e+00 0.000000000000000000e+00
0.000000000000000000e+00 0.000000000000000000e+00 0.000000000000000000e+00
4.107387328908811952e+01 2.914294658732890397e+01 1.807387328908811952e+01
0.000000000000000000e+00 0.000000000000000000e+00 0.000000000000000000e+00
0.000000000000000000e+00 0.000000000000000000e+00 0.000000000000000000e+00
3.704349892417675960e+01 3.797849235885715302e+01 0.000000000000000000e+00
2.700000000000000000e+01 2.300000000000000000e+01 1.600000000000000000e+01
0.000000000000000000e+00 0.000000000000000000e+00 0.000000000000000000e+00
0.000000000000000000e+00 0.000000000000000000e+00 0.000000000000000000e+00
3.800000000000000000e+01 1.900000000000000000e+01 7.000000000000000000e+00
0.000000000000000000e+00 0.000000000000000000e+00 0.000000000000000000e+00
4.500000000000000000e+01 2.267763116600289663e+01 0.000000000000000000e+00
3.390828462773767171e+01 3.986787446494248854e+01 9.082846277376717126e-01
0.000000000000000000e+00 0.000000000000000000e+00 0.000000000000000000e+00
3.900000000000000000e+01 1.300000000000000000e+01 1.200000000000000000e+01
0.000000000000000000e+00 0.000000000000000000e+00 0.000000000000000000e+00
0.000000000000000000e+00 0.000000000000000000e+00 0.000000000000000000e+00
1.660611425345078374e+01 1.660611425345078374e+01 1.847778577143586176e-01
1.218251398683305098e+01 4.283973042256036479e+00 0.000000000000000000e+00
0.000000000000000000e+00 0.000000000000000000e+00 0.000000000000000000e+00
4.100000000000000000e+01 2.000000000000000000e+01 0.000000000000000000e+00
3.978201374940991286e+01 3.941850008306225561e+01 3.782013749409912862e+00
0.000000000000000000e+00 0.000000000000000000e+00 0.000000000000000000e+00
0.000000000000000000e+00 0.000000000000000000e+00 0.000000000000000000e+00
1.383335511848452271e+01 1.077350839714057429e+00 0.000000000000000000e+00
0.000000000000000000e+00 0.000000000000000000e+00 0.000000000000000000e+00
0.000000000000000000e+00 0.000000000000000000e+00 0.000000000000000000e+00
7.467196500025849559e+00 0.000000000000000000e+00 0.000000000000000000e+00
4.465587923521503910e+01 3.056892469996188311e+01 1.568924699961883107e+00
0.000000000000000000e+00 0.000000000000000000e+00 0.000000000000000000e+00
2.300000000000000000e+01 1.400000000000000000e+01 1.000000000000000000e+01
3.000000000000000000e+01 3.000000000000000000e+01 1.100000000000000000e+01
6.627400770530176288e+00 6.627400770530176288e+00 0.000000000000000000e+00
4.000000000000000000e+01 6.000000000000000000e+00 5.000000000000000000e+00
0.000000000000000000e+00 0.000000000000000000e+00 0.000000000000000000e+00
3.390939934096233799e+01 2.790939934096233799e+01 2.600000000000000000e+01
1.479516382673232755e+01 1.479516382673232755e+01 1.908068509103614474e+00
1.154235253166693553e+01 4.139333030119356494e+00 0.000000000000000000e+00
1.137434729003285838e+01 0.000000000000000000e+00 0.000000000000000000e+00
0.000000000000000000e+00 0.000000000000000000e+00 0.000000000000000000e+00
1.332290650955654598e+01 9.046276523550206505e+00 0.000000000000000000e+00
2.700000000000000000e+01 7.000000000000000000e+00 4.000000000000000000e+00
3.068581677479329528e-01 3.068581677479329528e-01 0.000000000000000000e+00
0.000000000000000000e+00 0.000000000000000000e+00 0.000000000000000000e+00
2.682228080172149731e+01 2.082228080172149731e+01 3.304235885568323283e+01
0.000000000000000000e+00 0.000000000000000000e+00 0.000000000000000000e+00
4.800000000000000000e+01 7.382046840706166790e+00 0.000000000000000000e+00
0.000000000000000000e+00 0.000000000000000000e+00 0.000000000000000000e+00
0.000000000000000000e+00 0.000000000000000000e+00 0.000000000000000000e+00
0.000000000000000000e+00 0.000000000000000000e+00 0.000000000000000000e+00
0.000000000000000000e+00 0.000000000000000000e+00 0.000000000000000000e+00
0.000000000000000000e+00 0.000000000000000000e+00 0.000000000000000000e+00
8.359818351803239622e+00 8.359818351803239622e+00 0.000000000000000000e+00
0.000000000000000000e+00 0.000000000000000000e+00 0.000000000000000000e+00
3.300000000000000000e+01 3.100000000000000000e+01 3.000000000000000000e+00
3.802471954993747261e+01 3.441669879032158263e+01 0.000000000000000000e+00
0.000000000000000000e+00 0.000000000000000000e+00 0.000000000000000000e+00
0.000000000000000000e+00 0.000000000000000000e+00 0.000000000000000000e+00
0.000000000000000000e+00 0.000000000000000000e+00 0.000000000000000000e+00
0.000000000000000000e+00 0.000000000000000000e+00 0.000000000000000000e+00
0.000000000000000000e+00 0.000000000000000000e+00 0.000000000000000000e+00
1.474219045543537021e+01 7.436667938947117307e+00 0.000000000000000000e+00
0.000000000000000000e+00 0.000000000000000000e+00 0.000000000000000000e+00
0.000000000000000000e+00 0.000000000000000000e+00 0.000000000000000000e+00
0.000000000000000000e+00 0.000000000000000000e+00 0.000000000000000000e+00
0.000000000000000000e+00 0.000000000000000000e+00 0.000000000000000000e+00
3.176653182660363228e+00 3.176653182660363228e+00 0.000000000000000000e+00
0.000000000000000000e+00 0.000000000000000000e+00 0.000000000000000000e+00
0.000000000000000000e+00 0.000000000000000000e+00 0.000000000000000000e+00
3.200000000000000000e+01 1.700000000000000000e+01 5.000000000000000000e+00
0.000000000000000000e+00 0.000000000000000000e+00 0.000000000000000000e+00
0.000000000000000000e+00 0.000000000000000000e+00 0.000000000000000000e+00
2.168493480023229836e+00 0.000000000000000000e+00 0.000000000000000000e+00
2.663170942381435680e+01 2.663170942381435680e+01 8.465113874034585706e+00
9.773170244389167038e+00 9.773170244389167038e+00 0.000000000000000000e+00
5.000000000000000000e+01 6.663996185671798855e+00 0.000000000000000000e+00
3.400000000000000000e+01 7.000000000000000000e+00 5.000000000000000000e+00
3.240241049245058491e+01 3.319573095437229426e+01 1.340241049245058846e+01
5.000000000000000000e+01 0.000000000000000000e+00 0.000000000000000000e+00
2.800000000000000000e+01 2.700000000000000000e+01 8.000000000000000000e+00
4.100000000000000000e+01 2.100000000000000000e+01 1.300000000000000000e+01
3.841536395826619810e+01 2.741536395826619810e+01 2.678039505535246434e+01
2.891357702219887216e+01 2.891357702219887216e+01 1.550512926668157121e+01
0.000000000000000000e+00 0.000000000000000000e+00 0.000000000000000000e+00
0.000000000000000000e+00 0.000000000000000000e+00 0.000000000000000000e+00
0.000000000000000000e+00 0.000000000000000000e+00 0.000000000000000000e+00
2.400000000000000000e+01 4.000000000000000000e+00 3.000000000000000000e+00
1.238479654090022564e+01 0.000000000000000000e+00 0.000000000000000000e+00
3.467053028914267543e+01 3.400000000000000000e+01 1.567053028914267543e+01
4.800000000000000000e+01 6.893919679913153686e+00 1.893919679913153686e+00
8.526060778855200084e+00 8.526060778855200084e+00 0.000000000000000000e+00
8.307750331119883924e+00 0.000000000000000000e+00 0.000000000000000000e+00
3.900000000000000000e+01 1.000000000000000000e+00 0.000000000000000000e+00
1.340491672673943313e+01 0.000000000000000000e+00 0.000000000000000000e+00
4.500000000000000000e+01 7.718640760090551112e+00 1.718640760090551112e+00
0.000000000000000000e+00 0.000000000000000000e+00 0.000000000000000000e+00
3.856881126400399040e+00 3.856881126400399040e+00 0.000000000000000000e+00
3.340624513081922942e+01 2.340624513081922586e+01 2.484375253834106445e+01
0.000000000000000000e+00 0.000000000000000000e+00 0.000000000000000000e+00
3.300000000000000000e+01 1.800000000000000000e+01 5.000000000000000000e+00
8.410746499763661177e+00 0.000000000000000000e+00 0.000000000000000000e+00
9.265684410599426712e+00 0.000000000000000000e+00 0.000000000000000000e+00
0.000000000000000000e+00 0.000000000000000000e+00 0.000000000000000000e+00
0.000000000000000000e+00 0.000000000000000000e+00 0.000000000000000000e+00
0.000000000000000000e+00 0.000000000000000000e+00 0.000000000000000000e+00
3.434887806594554149e+01 3.388549095681504753e+01 1.734887806594554505e+01
0.000000000000000000e+00 0.000000000000000000e+00 0.000000000000000000e+00
0.000000000000000000e+00 0.000000000000000000e+00 0.000000000000000000e+00
0.000000000000000000e+00 0.000000000000000000e+00 0.000000000000000000e+00
0.000000000000000000e+00 0.000000000000000000e+00 0.000000000000000000e+00
4.100000000000000000e+01 2.000000000000000000e+01 5.000000000000000000e+00
2.400000000000000000e+01 1.700000000000000000e+01 5.000000000000000000e+00
3.219362011911772470e+01 3.100000000000000000e+01 5.193620119117724698e+00
4.600000000000000000e+01 2.734663433272941546e+01 3.346634332729415462e+00
3.563043941475372378e+01 2.563043941475372733e+01 2.198365652818836580e+01
6.925951493811936643e+00 6.925951493811936643e+00 0.000000000000000000e+00
1.082416357685244179e+01 1.696035766929867350e+00 0.000000000000000000e+00
0.000000000000000000e+00 0.000000000000000000e+00 0.000000000000000000e+00
3.756348066698031118e+00 0.000000000000000000e+00 0.000000000000000000e+00
0.000000000000000000e+00 0.000000000000000000e+00 0.000000000000000000e+00
0.000000000000000000e+00 0.000000000000000000e+00 0.000000000000000000e+00
0.000000000000000000e+00 0.000000000000000000e+00 0.000000000000000000e+00
1.483364452052038729e+01 6.292523442600774786e+00 0.000000000000000000e+00
0.000000000000000000e+00 0.000000000000000000e+00 0.000000000000000000e+00
1.118019339284380465e+00 1.118019339284380465e+00 0.000000000000000000e+00
0.000000000000000000e+00 0.000000000000000000e+00 0.000000000000000000e+00
0.000000000000000000e+00 0.000000000000000000e+00 0.000000000000000000e+00
1.095042507008185595e+01 0.000000000000000000e+00 0.000000000000000000e+00
0.000000000000000000e+00 0.000000000000000000e+00 0.000000000000000000e+00
2.400000000000000000e+01 1.500000000000000000e+01 9.000000000000000000e+00
3.100000000000000000e+01 2.900000000000000000e+01 1.400000000000000000e+01
0.000000000000000000e+00 0.000000000000000000e+00 0.000000000000000000e+00
0.000000000000000000e+00 0.000000000000000000e+00 0.000000000000000000e+00
0.000000000000000000e+00 0.000000000000000000e+00 0.000000000000000000e+00
0.000000000000000000e+00 0.000000000000000000e+00 0.000000000000000000e+00
2.700000000000000000e+01 2.200000000000000000e+01 4.000000000000000000e+00
3.992273818922500084e+01 2.192273818922500439e+01 2.379515589432293865e+01
0.000000000000000000e+00 0.000000000000000000e+00 0.000000000000000000e+00
3.733876418846086409e+01 3.500000000000000000e+01 9.338764188460864091e+00
2.906610125625306296e+00 0.000000000000000000e+00 0.000000000000000000e+00
5.366365264915764044e+00 0.000000000000000000e+00 0.000000000000000000e+00
0.000000000000000000e+00 0.000000000000000000e+00 0.000000000000000000e+00
1.900000000000000000e+01 1.000000000000000000e+01 8.000000000000000000e+00
1.478885488384307934e+01 1.478885488384307934e+01 3.606793524026073783e+00
1.874243962853563517e+01 8.332668022015518261e+00 7.424396285356351655e-01
0.000000000000000000e+00 0.000000000000000000e+00 0.000000000000000000e+00
2.917949108560999250e+01 2.117949108560999250e+01 3.113394470224777422e+01
1.315941898485856854e+01 7.506426175738482698e+00 0.000000000000000000e+00
3.000000000000000000e+01 2.800000000000000000e+01 4.000000000000000000e+00
3.508709248562805527e+01 3.721645771763276400e+01 2.108709248562805527e+01
0.000000000000000000e+00 0.000000000000000000e+00 0.000000000000000000e+00
0.000000000000000000e+00 0.000000000000000000e+00 0.000000000000000000e+00
2.600000000000000000e+01 2.400000000000000000e+01 1.700000000000000000e+01
3.500000000000000000e+01 3.200000000000000000e+01 3.000000000000000000e+00
0.000000000000000000e+00 0.000000000000000000e+00 0.000000000000000000e+00
3.100000000000000000e+01 1.600000000000000000e+01 1.200000000000000000e+01
0.000000000000000000e+00 0.000000000000000000e+00 0.000000000000000000e+00
4.900000000000000000e+01 2.737114056250530325e+01 1.137114056250530325e+01
0.000000000000000000e+00 0.000000000000000000e+00 0.000000000000000000e+00
2.496375167304700327e+01 2.396375167304700327e+01 2.525537234344074733e+01
2.295642614769957746e+01 1.695642614769957746e+01 2.500000000000000000e+01
0.000000000000000000e+00 0.000000000000000000e+00 0.000000000000000000e+00
0.000000000000000000e+00 0.000000000000000000e+00 0.000000000000000000e+00
5.671956811830973777e+00 0.000000000000000000e+00 0.000000000000000000e+00
0.000000000000000000e+00 0.000000000000000000e+00 0.000000000000000000e+00
0.000000000000000000e+00 0.000000000000000000e+00 0.000000000000000000e+00
0.000000000000000000e+00 0.000000000000000000e+00 0.000000000000000000e+00
2.051904042106146164e+01 2.051904042106146164e+01 4.747185767533835588e+00
2.000000000000000000e+01 1.000000000000000000e+00 0.000000000000000000e+00
1.286566655051968766e+01 1.286566655051968766e+01 0.000000000000000000e+00
0.000000000000000000e+00 0.000000000000000000e+00 0.000000000000000000e+00
3.465504497906380266e+00 0.000000000000000000e+00 0.000000000000000000e+00
0.000000000000000000e+00 0.000000000000000000e+00 0.000000000000000000e+00
0.000000000000000000e+00 0.000000000000000000e+00 0.000000000000000000e+00
7.000000000000000000e+00 5.000000000000000000e+00 2.000000000000000000e+00
9.063410659685565918e+00 0.000000000000000000e+00 0.000000000000000000e+00
0.000000000000000000e+00 0.000000000000000000e+00 0.000000000000000000e+00
0.000000000000000000e+00 0.000000000000000000e+00 0.000000000000000000e+00
4.608265843255172456e+01 3.156782009775877640e+01 3.567820097758776399e+00
4.245842626238737694e+01 2.395294050678177200e+01 1.895294050678177200e+01
0.000000000000000000e+00 0.000000000000000000e+00 0.000000000000000000e+00
1.198543159367336841e+01 4.604260937078944238e+00 0.000000000000000000e+00
0.000000000000000000e+00 0.000000000000000000e+00 0.000000000000000000e+00
0.000000000000000000e+00 0.000000000000000000e+00 0.000000000000000000e+00
0.000000000000000000e+00 0.000000000000000000e+00 0.000000000000000000e+00
3.000000000000000000e+01 1.300000000000000000e+01 9.000000000000000000e+00
0.000000000000000000e+00 0.000000000000000000e+00 0.000000000000000000e+00
3.774275520294603581e+01 3.800000000000000000e+01 0.000000000000000000e+00
0.000000000000000000e+00 0.000000000000000000e+00 0.000000000000000000e+00
4.200000000000000000e+01 1.900000000000000000e+01 2.000000000000000000e+00
0.000000000000000000e+00 0.000000000000000000e+00 0.000000000000000000e+00
3.621139528545378283e+01 3.800000000000000000e+01 0.000000000000000000e+00
6.357862171485294311e+00 0.000000000000000000e+00 0.000000000000000000e+00
0.000000000000000000e+00 0.000000000000000000e+00 0.000000000000000000e+00
2.400000000000000000e+01 1.800000000000000000e+01 6.000000000000000000e+00
4.837625659844910331e+00 0.000000000000000000e+00 0.000000000000000000e+00
0.000000000000000000e+00 0.000000000000000000e+00 0.000000000000000000e+00
0.000000000000000000e+00 0.000000000000000000e+00 0.000000000000000000e+00
0.000000000000000000e+00 0.000000000000000000e+00 0.000000000000000000e+00
4.400000000000000000e+01 2.400000000000000000e+01 1.600000000000000000e+01
0.000000000000000000e+00 0.000000000000000000e+00 0.000000000000000000e+00
0.000000000000000000e+00 0.000000000000000000e+00 0.000000000000000000e+00
0.000000000000000000e+00 0.000000000000000000e+00 0.000000000000000000e+00
0.000000000000000000e+00 0.000000000000000000e+00 0.000000000000000000e+00
0.000000000000000000e+00 0.000000000000000000e+00 0.000000000000000000e+00
1.185941298176929593e+01 1.045422850377335067e+01 0.000000000000000000e+00
3.590374351982208623e+01 4.044019851158697065e+01 3.903743519822086228e+00
4.600000000000000000e+01 5.227913228027261994e+00 2.279132280272619937e-01
2.100000000000000000e+01 5.000000000000000000e+00 2.000000000000000000e+00
2.800000000000000000e+01 2.800000000000000000e+01 1.400000000000000000e+01
0.000000000000000000e+00 0.000000000000000000e+00 0.000000000000000000e+00
0.000000000000000000e+00 0.000000000000000000e+00 0.000000000000000000e+00
0.000000000000000000e+00 0.000000000000000000e+00 0.000000000000000000e+00
4.300000000000000000e+01 2.000000000000000000e+01 1.100000000000000000e+01
1.447170918340217582e+01 6.178927841639350049e+00 0.000000000000000000e+00
4.400000000000000000e+01 2.700000000000000000e+01 1.300000000000000000e+01
0.000000000000000000e+00 0.000000000000000000e+00 0.000000000000000000e+00
3.445970530458553327e+01 3.200000000000000000e+01 8.459705304585533270e+00
3.700000000000000000e+01 2.100000000000000000e+01 7.000000000000000000e+00
4.000000000000000000e+00 3.000000000000000000e+00 2.000000000000000000e+00
3.657740081329544068e+01 3.421936678823266220e+01 2.577400813295437132e+00
6.435966817155136965e+00 0.000000000000000000e+00 0.000000000000000000e+00
2.404039810856441406e+01 2.404039810856441406e+01 1.141376505150275023e+01
0.000000000000000000e+00 0.000000000000000000e+00 0.000000000000000000e+00
0.000000000000000000e+00 0.000000000000000000e+00 0.000000000000000000e+00
0.000000000000000000e+00 0.000000000000000000e+00 0.000000000000000000e+00
3.100000000000000000e+01 1.200000000000000000e+01 6.000000000000000000e+00
0.000000000000000000e+00 0.000000000000000000e+00 0.000000000000000000e+00
1.384591979255697147e+01 1.384591979255697147e+01 0.000000000000000000e+00
0.000000000000000000e+00 0.000000000000000000e+00 0.000000000000000000e+00
0.000000000000000000e+00 0.000000000000000000e+00 0.000000000000000000e+00
1.991273049306750664e+01 1.991273049306750664e+01 1.021859481688540328e+01
4.600000000000000000e+01 1.774907349751174479e+01 3.749073497511744790e+00
2.363096847468142414e-01 0.000000000000000000e+00 0.000000000000000000e+00
3.900000000000000000e+01 2.800000000000000000e+01 5.000000000000000000e+00
0.000000000000000000e+00 0.000000000000000000e+00 0.000000000000000000e+00
0.000000000000000000e+00 0.000000000000000000e+00 0.000000000000000000e+00
0.000000000000000000e+00 0.000000000000000000e+00 0.000000000000000000e+00
0.000000000000000000e+00 0.000000000000000000e+00 0.000000000000000000e+00
4.239051071773282331e+00 0.000000000000000000e+00 0.000000000000000000e+00
0.000000000000000000e+00 0.000000000000000000e+00 0.000000000000000000e+00
1.247794910100835608e+01 3.205958225391313476e+00 0.000000000000000000e+00
9.884498281970877542e+00 9.884498281970877542e+00 0.000000000000000000e+00
1.421333345733352260e+01 1.421333345733352260e+01 0.000000000000000000e+00
0.000000000000000000e+00 0.000000000000000000e+00 0.000000000000000000e+00
0.000000000000000000e+00 0.000000000000000000e+00 0.000000000000000000e+00
1.502650825879398155e+01 1.502650825879398155e+01 0.000000000000000000e+00
0.000000000000000000e+00 0.000000000000000000e+00 0.000000000000000000e+00
0.000000000000000000e+00 0.000000000000000000e+00 0.000000000000000000e+00
3.600000000000000000e+01 2.700000000000000000e+01 1.100000000000000000e+01
3.000000000000000000e+01 2.400000000000000000e+01 1.100000000000000000e+01
0.000000000000000000e+00 0.000000000000000000e+00 0.000000000000000000e+00
2.800000000000000000e+01 1.800000000000000000e+01 9.000000000000000000e+00
0.000000000000000000e+00 0.000000000000000000e+00 0.000000000000000000e+00
0.000000000000000000e+00 0.000000000000000000e+00 0.000000000000000000e+00
1.053470383065172555e+01 7.052862814131067637e+00 0.000000000000000000e+00
0.000000000000000000e+00 0.000000000000000000e+00 0.000000000000000000e+00
0.000000000000000000e+00 0.000000000000000000e+00 0.000000000000000000e+00
1.790070530451872699e+01 8.590460249638852019e+00 0.000000000000000000e+00
1.095290773242271243e+01 1.095290773242271243e+01 0.000000000000000000e+00
4.900000000000000000e+01 1.023355332348121038e+01 9.233553323481210384e+00
1.185696185774853006e+01 1.185696185774853006e+01 6.754892664827664817e+00
0.000000000000000000e+00 0.000000000000000000e+00 0.000000000000000000e+00
2.015090922025797582e+01 2.015090922025797582e+01 6.444607687071943758e+00
0.000000000000000000e+00 0.000000000000000000e+00 0.000000000000000000e+00
3.368661714022637454e+01 4.011314178179911494e+01 2.686617140226374545e+00
0.000000000000000000e+00 0.000000000000000000e+00 0.000000000000000000e+00
0.000000000000000000e+00 0.000000000000000000e+00 0.000000000000000000e+00
1.177620851899354903e+01 3.871410086614837098e+00 0.000000000000000000e+00
3.500000000000000000e+01 2.800000000000000000e+01 3.000000000000000000e+00
0.000000000000000000e+00 0.000000000000000000e+00 0.000000000000000000e+00
3.858320796428107968e+01 3.945148429012471780e+01 1.458320796428107968e+01
0.000000000000000000e+00 0.000000000000000000e+00 0.000000000000000000e+00
0.000000000000000000e+00 0.000000000000000000e+00 0.000000000000000000e+00
4.500000000000000000e+01 2.893755425617530364e+01 7.937554256175303635e+00
1.474880112922249609e+01 2.288044403763549894e+00 0.000000000000000000e+00
3.300000000000000000e+01 2.900000000000000000e+01 1.600000000000000000e+01
0.000000000000000000e+00 0.000000000000000000e+00 0.000000000000000000e+00
1.900000000000000000e+01 1.400000000000000000e+01 1.300000000000000000e+01
1.162225067330646056e+01 1.162225067330646056e+01 0.000000000000000000e+00
0.000000000000000000e+00 0.000000000000000000e+00 0.000000000000000000e+00
1.559103504491352155e+01 1.559103504491352155e+01 0.000000000000000000e+00
0.000000000000000000e+00 0.000000000000000000e+00 0.000000000000000000e+00
0.000000000000000000e+00 0.000000000000000000e+00 0.000000000000000000e+00
2.484212050181908182e+01 2.484212050181908182e+01 3.267128937482787165e+01
3.718527555357660219e+00 3.718527555357660219e+00 0.000000000000000000e+00
3.445344130341119637e+01 3.200000000000000000e+01 9.453441303411199925e+00
2.200000000000000000e+01 2.100000000000000000e+01 5.000000000000000000e+00
4.360262682113797439e+01 2.903664675173273224e+01 1.036646751732732241e+00
2.132246392308575622e+01 2.132246392308575622e+01 6.347176044450002053e+00
1.428574526493558849e+01 1.428574526493558849e+01 0.000000000000000000e+00
0.000000000000000000e+00 0.000000000000000000e+00 0.000000000000000000e+00
4.003681409004173730e+01 3.800000000000000000e+01 3.036814090041737302e+00
0.000000000000000000e+00 0.000000000000000000e+00 0.000000000000000000e+00
1.646068658365267012e+01 1.646068658365267012e+01 1.709899106237706690e+00
1.600452206895074880e+01 9.819940782103980581e+00 0.000000000000000000e+00
0.000000000000000000e+00 0.000000000000000000e+00 0.000000000000000000e+00
4.300000000000000000e+01 1.800000000000000000e+01 7.000000000000000000e+00
0.000000000000000000e+00 0.000000000000000000e+00 0.000000000000000000e+00
0.000000000000000000e+00 0.000000000000000000e+00 0.000000000000000000e+00
0.000000000000000000e+00 0.000000000000000000e+00 0.000000000000000000e+00
3.600000000000000000e+01 2.000000000000000000e+01 1.100000000000000000e+01
1.162826092367665254e+01 2.604971377918850806e+00 0.000000000000000000e+00
2.408912811657266317e+01 2.408912811657266317e+01 7.656481188666120374e+00
0.000000000000000000e+00 0.000000000000000000e+00 0.000000000000000000e+00
3.267490633475773620e+00 0.000000000000000000e+00 0.000000000000000000e+00
2.734000240267536341e+01 2.634000240267536341e+01 2.820498064764680635e+01
0.000000000000000000e+00 0.000000000000000000e+00 0.000000000000000000e+00
1.499279174529547021e+01 3.785096237093277693e+00 0.000000000000000000e+00
0.000000000000000000e+00 0.000000000000000000e+00 0.000000000000000000e+00
4.220454470362139432e+01 1.944423821096106764e+01 1.844423821096106764e+01
3.065713048117324746e+01 4.033882714816081716e+01 0.000000000000000000e+00
0.000000000000000000e+00 0.000000000000000000e+00 0.000000000000000000e+00
0.000000000000000000e+00 0.000000000000000000e+00 0.000000000000000000e+00
5.000000000000000000e+01 2.131762254741924778e+01 2.317622547419247780e+00
0.000000000000000000e+00 0.000000000000000000e+00 0.000000000000000000e+00
7.554815123104916097e+00 0.000000000000000000e+00 0.000000000000000000e+00
0.000000000000000000e+00 0.000000000000000000e+00 0.000000000000000000e+00
0.000000000000000000e+00 0.000000000000000000e+00 0.000000000000000000e+00
0.000000000000000000e+00 0.000000000000000000e+00 0.000000000000000000e+00
0.000000000000000000e+00 0.000000000000000000e+00 0.000000000000000000e+00
1.397533620642754570e+01 0.000000000000000000e+00 0.000000000000000000e+00
0.000000000000000000e+00 0.000000000000000000e+00 0.000000000000000000e+00
1.600000000000000000e+01 1.500000000000000000e+01 1.200000000000000000e+01
4.900000000000000000e+01 3.422816203168679294e-01 0.000000000000000000e+00
1.536562279208790471e+01 4.621759392621292761e+00 0.000000000000000000e+00
0.000000000000000000e+00 0.000000000000000000e+00 0.000000000000000000e+00
1.554423278086556337e+01 3.934113276038999629e-01 0.000000000000000000e+00
0.000000000000000000e+00 0.000000000000000000e+00 0.000000000000000000e+00
4.400000000000000000e+01 9.000000000000000000e+00 2.000000000000000000e+00
0.000000000000000000e+00 0.000000000000000000e+00 0.000000000000000000e+00
0.000000000000000000e+00 0.000000000000000000e+00 0.000000000000000000e+00
0.000000000000000000e+00 0.000000000000000000e+00 0.000000000000000000e+00
0.000000000000000000e+00 0.000000000000000000e+00 0.000000000000000000e+00
0.000000000000000000e+00 0.000000000000000000e+00 0.000000000000000000e+00
4.100000000000000000e+01 7.000000000000000000e+00 1.000000000000000000e+00
0.000000000000000000e+00 0.000000000000000000e+00 0.000000000000000000e+00
0.000000000000000000e+00 0.000000000000000000e+00 0.000000000000000000e+00
0.000000000000000000e+00 0.000000000000000000e+00 0.000000000000000000e+00
3.200000000000000000e+01 2.300000000000000000e+01 1.400000000000000000e+01
0.000000000000000000e+00 0.000000000000000000e+00 0.000000000000000000e+00
1.012560488464374231e+01 0.000000000000000000e+00 0.000000000000000000e+00
0.000000000000000000e+00 0.000000000000000000e+00 0.000000000000000000e+00
6.296569404153444793e-01 6.296569404153444793e-01 0.000000000000000000e+00
6.375033732191333513e+00 0.000000000000000000e+00 0.000000000000000000e+00
0.000000000000000000e+00 0.000000000000000000e+00 0.000000000000000000e+00
0.000000000000000000e+00 0.000000000000000000e+00 0.000000000000000000e+00
9.067612245332902887e+00 6.726023610545581732e+00 0.000000000000000000e+00
0.000000000000000000e+00 0.000000000000000000e+00 0.000000000000000000e+00
1.635822045782920497e+01 3.974250430271339951e+00 0.000000000000000000e+00
2.400000000000000000e+01 2.200000000000000000e+01 1.000000000000000000e+01
3.800000000000000000e+01 2.100000000000000000e+01 2.000000000000000000e+00
4.500000000000000000e+01 3.300000000000000000e+01 4.000000000000000000e+00
0.000000000000000000e+00 0.000000000000000000e+00 0.000000000000000000e+00
3.000000000000000000e+01 1.800000000000000000e+01 1.200000000000000000e+01
0.000000000000000000e+00 0.000000000000000000e+00 0.000000000000000000e+00
0.000000000000000000e+00 0.000000000000000000e+00 0.000000000000000000e+00
0.000000000000000000e+00 0.000000000000000000e+00 0.000000000000000000e+00
3.700000000000000000e+01 3.100000000000000000e+01 1.000000000000000000e+00
4.300000000000000000e+01 2.000000000000000000e+01 1.200000000000000000e+01
1.965369814375872082e+01 5.264075145713235315e+00 0.000000000000000000e+00
4.700000000000000000e+01 2.544804249967262422e+01 5.448042499672624217e+00
0.000000000000000000e+00 0.000000000000000000e+00 0.000000000000000000e+00
0.000000000000000000e+00 0.000000000000000000e+00 0.000000000000000000e+00
2.800000000000000000e+01 7.000000000000000000e+00 6.000000000000000000e+00
0.000000000000000000e+00 0.000000000000000000e+00 0.000000000000000000e+00
3.300000000000000000e+01 3.100000000000000000e+01 1.500000000000000000e+01
0.000000000000000000e+00 0.000000000000000000e+00 0.000000000000000000e+00
0.000000000000000000e+00 0.000000000000000000e+00 0.000000000000000000e+00
0.000000000000000000e+00 0.000000000000000000e+00 0.000000000000000000e+00
0.000000000000000000e+00 0.000000000000000000e+00 0.000000000000000000e+00
1.900000000000000000e+01 6.000000000000000000e+00 3.000000000000000000e+00
0.000000000000000000e+00 0.000000000000000000e+00 0.000000000000000000e+00
7.200110801097650892e+00 0.000000000000000000e+00 0.000000000000000000e+00
3.772115688102143594e+00 1.989747550584034741e+00 0.000000000000000000e+00
0.000000000000000000e+00 0.000000000000000000e+00 0.000000000000000000e+00
1.766170700837357543e+01 0.000000000000000000e+00 0.000000000000000000e+00
0.000000000000000000e+00 0.000000000000000000e+00 0.000000000000000000e+00
0.000000000000000000e+00 0.000000000000000000e+00 0.000000000000000000e+00
0.000000000000000000e+00 0.000000000000000000e+00 0.000000000000000000e+00
4.700000000000000000e+01 1.150773767199411424e+01 4.507737671994114237e+00
0.000000000000000000e+00 0.000000000000000000e+00 0.000000000000000000e+00
2.200000000000000000e+01 1.900000000000000000e+01 7.000000000000000000e+00
0.000000000000000000e+00 0.000000000000000000e+00 0.000000000000000000e+00
1.586690060436725247e+01 5.233248193059381492e+00 0.000000000000000000e+00
3.400000000000000000e+01 1.000000000000000000e+00 1.000000000000000000e+00
2.442163278063745224e+00 0.000000000000000000e+00 0.000000000000000000e+00
0.000000000000000000e+00 0.000000000000000000e+00 0.000000000000000000e+00
4.259577601382986245e+00 0.000000000000000000e+00 0.000000000000000000e+00
3.400000000000000000e+01 2.500000000000000000e+01 1.000000000000000000e+01
4.400000000000000000e+01 2.533921507507875504e+01 9.339215075078755035e+00
3.100000000000000000e+01 2.000000000000000000e+00 2.000000000000000000e+00
5.000000000000000000e+01 1.378789279171284221e+01 5.787892791712842211e+00
0.000000000000000000e+00 0.000000000000000000e+00 0.000000000000000000e+00
0.000000000000000000e+00 0.000000000000000000e+00 0.000000000000000000e+00
0.000000000000000000e+00 0.000000000000000000e+00 0.000000000000000000e+00
7.896664481358172338e+00 4.663501801975471039e+00 0.000000000000000000e+00
0.000000000000000000e+00 0.000000000000000000e+00 0.000000000000000000e+00
0.000000000000000000e+00 0.000000000000000000e+00 0.000000000000000000e+00
4.800000000000000000e+01 7.808810487326027783e+00 5.808810487326027783e+00
9.538819780701988549e+00 0.000000000000000000e+00 0.000000000000000000e+00
5.000000000000000000e+01 1.495027902367133521e+01 5.950279023671335210e+00
2.381689247660924735e+01 2.281689247660924735e+01 2.200000000000000000e+01
0.000000000000000000e+00 0.000000000000000000e+00 0.000000000000000000e+00
3.892458941696483521e+01 3.500000000000000000e+01 1.392458941696483521e+01
0.000000000000000000e+00 0.000000000000000000e+00 0.000000000000000000e+00
1.108804471195098174e+01 0.000000000000000000e+00 0.000000000000000000e+00
0.000000000000000000e+00 0.000000000000000000e+00 0.000000000000000000e+00
0.000000000000000000e+00 0.000000000000000000e+00 0.000000000000000000e+00
7.455724722595888920e+00 0.000000000000000000e+00 0.000000000000000000e+00
0.000000000000000000e+00 0.000000000000000000e+00 0.000000000000000000e+00
0.000000000000000000e+00 0.000000000000000000e+00 0.000000000000000000e+00
1.354583668556972498e+01 1.113208711650244709e+00 0.000000000000000000e+00
3.100000000000000000e+01 1.700000000000000000e+01 0.000000000000000000e+00
0.000000000000000000e+00 0.000000000000000000e+00 0.000000000000000000e+00
0.000000000000000000e+00 0.000000000000000000e+00 0.000000000000000000e+00
0.000000000000000000e+00 0.000000000000000000e+00 0.000000000000000000e+00
0.000000000000000000e+00 0.000000000000000000e+00 0.000000000000000000e+00
2.400000000000000000e+01 2.100000000000000000e+01 1.300000000000000000e+01
1.440226723294387412e+01 1.440226723294387412e+01 1.813832568132148992e+00
3.343182935045945925e+01 3.996006577939774473e+01 7.431829350459459249e+00
0.000000000000000000e+00 0.000000000000000000e+00 0.000000000000000000e+00
3.269329485181899031e+01 2.869329485181899386e+01 2.374069405284232204e+01
0.000000000000000000e+00 0.000000000000000000e+00 0.000000000000000000e+00
0.000000000000000000e+00 0.000000000000000000e+00 0.000000000000000000e+00
3.200000000000000000e+01 1.000000000000000000e+01 8.000000000000000000e+00
3.400000000000000000e+01 2.700000000000000000e+01 1.000000000000000000e+01
0.000000000000000000e+00 0.000000000000000000e+00 0.000000000000000000e+00
3.576370801814739764e+00 0.000000000000000000e+00 0.000000000000000000e+00
1.461911458457916524e+01 8.277425374522202617e+00 0.000000000000000000e+00
1.579481263252626988e+01 3.579727048274989443e+00 0.000000000000000000e+00
0.000000000000000000e+00 0.000000000000000000e+00 0.000000000000000000e+00
3.533656740663319340e+01 3.741700750511600404e+01 1.033656740663318985e+01
0.000000000000000000e+00 0.000000000000000000e+00 0.000000000000000000e+00
1.900000000000000000e+01 1.400000000000000000e+01 9.000000000000000000e+00
3.807788543580927154e+01 2.007788543580927154e+01 2.675443083134297950e+01
1.540711308567875193e+00 1.540711308567875193e+00 0.000000000000000000e+00
1.467293067164014531e+00 0.000000000000000000e+00 0.000000000000000000e+00
1.500159903099155656e+01 1.893838515990530880e+00 0.000000000000000000e+00
3.547700830682269668e+01 2.347700830682270023e+01 2.603365060040492551e+01
1.892278216327376228e+01 2.676869019041099307e+00 0.000000000000000000e+00
0.000000000000000000e+00 0.000000000000000000e+00 0.000000000000000000e+00
3.200000000000000000e+01 2.000000000000000000e+01 1.500000000000000000e+01
0.000000000000000000e+00 0.000000000000000000e+00 0.000000000000000000e+00
4.632300870934622594e+01 2.630828863641374937e+01 7.308288636413749373e+00
4.264552370625761313e+00 0.000000000000000000e+00 0.000000000000000000e+00
1.183785688864115215e+01 1.183785688864115215e+01 0.000000000000000000e+00
3.197980643568300607e+01 1.997980643568300607e+01 2.900000000000000000e+01
4.300000000000000000e+01 2.600000000000000000e+01 1.000000000000000000e+01
0.000000000000000000e+00 0.000000000000000000e+00 0.000000000000000000e+00
1.006349636390324065e+01 6.191908100362393697e+00 0.000000000000000000e+00
1.314311971741805962e+01 0.000000000000000000e+00 0.000000000000000000e+00
0.000000000000000000e+00 0.000000000000000000e+00 0.000000000000000000e+00
2.600000000000000000e+01 1.500000000000000000e+01 3.000000000000000000e+00
2.005509193281355351e+00 0.000000000000000000e+00 0.000000000000000000e+00
0.000000000000000000e+00 0.000000000000000000e+00 0.000000000000000000e+00
3.305422663220473112e+01 3.849665180475746240e+01 1.305422663220473467e+01
3.600781311529988216e+01 1.800781311529988216e+01 1.900000000000000000e+01
2.400000000000000000e+01 1.800000000000000000e+01 4.000000000000000000e+00
0.000000000000000000e+00 0.000000000000000000e+00 0.000000000000000000e+00
1.452462564261183076e+01 5.634449763632716213e-01 0.000000000000000000e+00
0.000000000000000000e+00 0.000000000000000000e+00 0.000000000000000000e+00
0.000000000000000000e+00 0.000000000000000000e+00 0.000000000000000000e+00
4.500000000000000000e+01 2.800000000000000000e+01 8.000000000000000000e+00
3.103878281787430637e+01 1.803878281787430637e+01 2.400000000000000000e+01
2.860634330526990965e+01 2.860634330526990965e+01 2.000000000000000000e+01
3.500000000000000000e+01 1.100000000000000000e+01 6.000000000000000000e+00
0.000000000000000000e+00 0.000000000000000000e+00 0.000000000000000000e+00
1.137375667706233173e+01 5.694766022754274459e+00 0.000000000000000000e+00
0.000000000000000000e+00 0.000000000000000000e+00 0.000000000000000000e+00
0.000000000000000000e+00 0.000000000000000000e+00 0.000000000000000000e+00
0.000000000000000000e+00 0.000000000000000000e+00 0.000000000000000000e+00
0.000000000000000000e+00 0.000000000000000000e+00 0.000000000000000000e+00
3.796093625453057996e+01 3.096093625453057641e+01 2.390226044466497157e+01
0.000000000000000000e+00 0.000000000000000000e+00 0.000000000000000000e+00
4.675025493743268612e+01 2.122225608101878436e+01 1.622225608101878436e+01
0.000000000000000000e+00 0.000000000000000000e+00 0.000000000000000000e+00
0.000000000000000000e+00 0.000000000000000000e+00 0.000000000000000000e+00
0.000000000000000000e+00 0.000000000000000000e+00 0.000000000000000000e+00
3.300000000000000000e+01 2.500000000000000000e+01 5.000000000000000000e+00
0.000000000000000000e+00 0.000000000000000000e+00 0.000000000000000000e+00
4.100000000000000000e+01 5.000000000000000000e+00 3.000000000000000000e+00
2.278712111141133079e+01 2.078712111141133079e+01 3.000000000000000000e+01
4.505650422030647206e+01 3.540542307525705468e+01 1.205650422030647206e+01
1.800000000000000000e+01 1.600000000000000000e+01 8.000000000000000000e+00
4.500000000000000000e+01 1.711164880451850934e+01 1.611164880451850934e+01
4.200000000000000000e+01 1.480702425777519693e+01 1.080702425777519693e+01
4.900000000000000000e+01 1.862689709593051646e+01 0.000000000000000000e+00
1.220625190262929749e+01 1.130981450186972381e+00 0.000000000000000000e+00
5.000000000000000000e+01 4.099613580383547173e+00 0.000000000000000000e+00
4.300000000000000000e+01 1.000000000000000000e+01 5.000000000000000000e+00
2.813081669747913693e+01 2.713081669747913693e+01 2.400000000000000000e+01
3.989465978257669576e+00 0.000000000000000000e+00 0.000000000000000000e+00
0.000000000000000000e+00 0.000000000000000000e+00 0.000000000000000000e+00
4.900000000000000000e+01 9.412622466386146414e+00 6.412622466386146414e+00
3.100000000000000000e+01 7.000000000000000000e+00 0.000000000000000000e+00
0.000000000000000000e+00 0.000000000000000000e+00 0.000000000000000000e+00
2.900000000000000000e+01 1.700000000000000000e+01 2.000000000000000000e+00
0.000000000000000000e+00 0.000000000000000000e+00 0.000000000000000000e+00
0.000000000000000000e+00 0.000000000000000000e+00 0.000000000000000000e+00
2.600000000000000000e+01 1.500000000000000000e+01 1.100000000000000000e+01
1.512589491038001199e+01 1.512589491038001199e+01 1.959704749945572644e+00
0.000000000000000000e+00 0.000000000000000000e+00 0.000000000000000000e+00
5.429064832771892668e+00 0.000000000000000000e+00 0.000000000000000000e+00
3.200000000000000000e+01 2.900000000000000000e+01 3.000000000000000000e+00
4.393072545068223889e+01 3.056857630200848774e+01 1.156857630200848774e+01
1.167580392365546516e+01 4.067648603211644343e+00 0.000000000000000000e+00
0.000000000000000000e+00 0.000000000000000000e+00 0.000000000000000000e+00
2.253181932523180109e+00 2.253181932523180109e+00 0.000000000000000000e+00
0.000000000000000000e+00 0.000000000000000000e+00 0.000000000000000000e+00
0.000000000000000000e+00 0.000000000000000000e+00 0.000000000000000000e+00
2.500000000000000000e+01 9.000000000000000000e+00 2.000000000000000000e+00
2.507640532310202630e+01 2.507640532310202630e+01 7.301351488759536323e+00
1.100000000000000000e+01 8.000000000000000000e+00 7.000000000000000000e+00
3.500000000000000000e+01 2.500000000000000000e+01 8.000000000000000000e+00
0.000000000000000000e+00 0.000000000000000000e+00 0.000000000000000000e+00
0.000000000000000000e+00 0.000000000000000000e+00 0.000000000000000000e+00
0.000000000000000000e+00 0.000000000000000000e+00 0.000000000000000000e+00
4.600000000000000000e+01 1.887145471056253143e+01 8.714547105625314316e-01
6.945428917085173737e+00 6.832233668622794909e+00 0.000000000000000000e+00
3.305356578285422131e+01 3.700000000000000000e+01 2.053565782854217758e+00
3.600000000000000000e+01 2.600000000000000000e+01 2.000000000000000000e+01
0.000000000000000000e+00 0.000000000000000000e+00 0.000000000000000000e+00
4.358404602121638050e+00 0.000000000000000000e+00 0.000000000000000000e+00
2.100000000000000000e+01 2.000000000000000000e+01 1.700000000000000000e+01
2.400000000000000000e+01 2.200000000000000000e+01 4.000000000000000000e+00
9.838735171607169150e-01 0.000000000000000000e+00 0.000000000000000000e+00
1.259060630502361278e+01 1.259060630502361278e+01 0.000000000000000000e+00
0.000000000000000000e+00 0.000000000000000000e+00 0.000000000000000000e+00
1.916655122194735483e+01 1.916655122194735483e+01 1.766151656334642439e-01
0.000000000000000000e+00 0.000000000000000000e+00 0.000000000000000000e+00
6.734107438935581058e+00 3.666902983516500569e+00 0.000000000000000000e+00
4.100000000000000000e+01 2.700000000000000000e+01 7.000000000000000000e+00
0.000000000000000000e+00 0.000000000000000000e+00 0.000000000000000000e+00
3.468430287061870843e+01 4.287139910598777703e+01 0.000000000000000000e+00
2.000000000000000000e+01 1.100000000000000000e+01 2.000000000000000000e+00
0.000000000000000000e+00 0.000000000000000000e+00 0.000000000000000000e+00
0.000000000000000000e+00 0.000000000000000000e+00 0.000000000000000000e+00
0.000000000000000000e+00 0.000000000000000000e+00 0.000000000000000000e+00
0.000000000000000000e+00 0.000000000000000000e+00 0.000000000000000000e+00
4.000000000000000000e+01 1.300000000000000000e+01 2.000000000000000000e+00
0.000000000000000000e+00 0.000000000000000000e+00 0.000000000000000000e+00
0.000000000000000000e+00 0.000000000000000000e+00 0.000000000000000000e+00
1.257124651105537794e+01 3.867569830785093643e+00 0.000000000000000000e+00
3.852084224537072998e+00 3.852084224537072998e+00 0.000000000000000000e+00
0.000000000000000000e+00 0.000000000000000000e+00 0.000000000000000000e+00
2.210099775375788056e+01 2.210099775375788056e+01 6.854901863451701161e+00
0.000000000000000000e+00 0.000000000000000000e+00 0.000000000000000000e+00
3.000659845258867975e+01 2.100659845258867975e+01 3.300000000000000000e+01
0.000000000000000000e+00 0.000000000000000000e+00 0.000000000000000000e+00
0.000000000000000000e+00 0.000000000000000000e+00 0.000000000000000000e+00
0.000000000000000000e+00 0.000000000000000000e+00 0.000000000000000000e+00
5.616463917165901876e+00 5.616463917165901876e+00 0.000000000000000000e+00
0.000000000000000000e+00 0.000000000000000000e+00 0.000000000000000000e+00
3.100000000000000000e+01 2.000000000000000000e+01 7.000000000000000000e+00
0.000000000000000000e+00 0.000000000000000000e+00 0.000000000000000000e+00
4.300000000000000000e+01 2.000000000000000000e+01 6.000000000000000000e+00
0.000000000000000000e+00 0.000000000000000000e+00 0.000000000000000000e+00
1.218979913143856919e+01 1.218979913143856919e+01 0.000000000000000000e+00
1.576746193728947176e+01 2.370038064624345964e+00 0.000000000000000000e+00
2.899021100873639512e+00 0.000000000000000000e+00 0.000000000000000000e+00
2.600000000000000000e+01 2.600000000000000000e+01 1.100000000000000000e+01
2.234358194926624464e+00 0.000000000000000000e+00 0.000000000000000000e+00
0.000000000000000000e+00 0.000000000000000000e+00 0.000000000000000000e+00
3.000000000000000000e+01 8.000000000000000000e+00 2.000000000000000000e+00
0.000000000000000000e+00 0.000000000000000000e+00 0.000000000000000000e+00
4.300000000000000000e+01 5.544769610229820955e+00 2.544769610229820955e+00
1.649396666912160470e+00 0.000000000000000000e+00 0.000000000000000000e+00
1.766600386679938595e+01 1.075795780270478730e+01 0.000000000000000000e+00
4.652787630058977442e+01 2.840906771997433111e+01 1.040906771997433111e+01
0.000000000000000000e+00 0.000000000000000000e+00 0.000000000000000000e+00
0.000000000000000000e+00 0.000000000000000000e+00 0.000000000000000000e+00
0.000000000000000000e+00 0.000000000000000000e+00 0.000000000000000000e+00
3.442875381750643271e+01 4.100000000000000000e+01 0.000000000000000000e+00
3.860408181043066378e+01 3.283917485118458046e+01 1.960408181043066378e+01
0.000000000000000000e+00 0.000000000000000000e+00 0.000000000000000000e+00
0.000000000000000000e+00 0.000000000000000000e+00 0.000000000000000000e+00
0.000000000000000000e+00 0.000000000000000000e+00 0.000000000000000000e+00
3.400000000000000000e+01 9.000000000000000000e+00 1.000000000000000000e+00
3.100000000000000000e+01 2.000000000000000000e+01 6.000000000000000000e+00
3.263533741604148020e+01 3.626072722266287229e+01 1.263533741604148375e+01
0.000000000000000000e+00 0.000000000000000000e+00 0.000000000000000000e+00
4.480881303935444748e+01 3.003843474611309716e+01 1.003843474611309716e+01
0.000000000000000000e+00 0.000000000000000000e+00 0.000000000000000000e+00
0.000000000000000000e+00 0.000000000000000000e+00 0.000000000000000000e+00
3.900000000000000000e+01 2.100000000000000000e+01 2.000000000000000000e+00
2.700000000000000000e+01 1.100000000000000000e+01 2.000000000000000000e+00
3.280542058104108349e+01 4.529405434567867417e+01 8.054205810410834943e-01
0.000000000000000000e+00 0.000000000000000000e+00 0.000000000000000000e+00
0.000000000000000000e+00 0.000000000000000000e+00 0.000000000000000000e+00
0.000000000000000000e+00 0.000000000000000000e+00 0.000000000000000000e+00
0.000000000000000000e+00 0.000000000000000000e+00 0.000000000000000000e+00
3.100000000000000000e+01 2.500000000000000000e+01 1.500000000000000000e+01
0.000000000000000000e+00 0.000000000000000000e+00 0.000000000000000000e+00
0.000000000000000000e+00 0.000000000000000000e+00 0.000000000000000000e+00
0.000000000000000000e+00 0.000000000000000000e+00 0.000000000000000000e+00
1.257507104589571867e+01 6.590392134804062607e+00 0.000000000000000000e+00
0.000000000000000000e+00 0.000000000000000000e+00 0.000000000000000000e+00
2.300000000000000000e+01 1.000000000000000000e+01 4.000000000000000000e+00
4.600000000000000000e+01 2.515138089991524595e+01 1.515138089991524595e+01
0.000000000000000000e+00 0.000000000000000000e+00 0.000000000000000000e+00
3.679041824147390116e+00 3.679041824147390116e+00 0.000000000000000000e+00
2.181073603893912960e+01 2.181073603893912960e+01 7.290673927786258446e+00
4.061314626748050216e+01 2.961314626748050571e+01 1.699069469412393829e+01
1.800715459056257828e+01 7.253692186479426596e+00 0.000000000000000000e+00
2.419591771187075935e+01 2.419591771187075935e+01 6.943947275131847618e+00
0.000000000000000000e+00 0.000000000000000000e+00 0.000000000000000000e+00
0.000000000000000000e+00 0.000000000000000000e+00 0.000000000000000000e+00
0.000000000000000000e+00 0.000000000000000000e+00 0.000000000000000000e+00
0.000000000000000000e+00 0.000000000000000000e+00 0.000000000000000000e+00
2.553775293721436768e+01 2.353775293721436768e+01 2.692215662261426345e+01
0.000000000000000000e+00 0.000000000000000000e+00 0.000000000000000000e+00
0.000000000000000000e+00 0.000000000000000000e+00 0.000000000000000000e+00
2.220690348601186770e+01 2.220690348601186770e+01 1.493312299956909328e+01
3.442894866455716851e+01 1.942894866455716496e+01 2.400000000000000000e+01
2.600000000000000000e+01 1.400000000000000000e+01 1.200000000000000000e+01
0.000000000000000000e+00 0.000000000000000000e+00 0.000000000000000000e+00
0.000000000000000000e+00 0.000000000000000000e+00 0.000000000000000000e+00
0.000000000000000000e+00 0.000000000000000000e+00 0.000000000000000000e+00
0.000000000000000000e+00 0.000000000000000000e+00 0.000000000000000000e+00
3.850425659408239198e+01 3.252758097915537405e+01 2.050425659408239198e+01
3.800000000000000000e+01 3.400000000000000000e+01 1.400000000000000000e+01
2.922388597936350862e+00 0.000000000000000000e+00 0.000000000000000000e+00
1.211565860696380525e+01 1.211565860696380525e+01 0.000000000000000000e+00
3.595579441268826315e+01 4.453107753447277162e+01 0.000000000000000000e+00
0.000000000000000000e+00 0.000000000000000000e+00 0.000000000000000000e+00
2.961019679021838158e+01 2.161019679021838158e+01 2.500000000000000000e+01
0.000000000000000000e+00 0.000000000000000000e+00 0.000000000000000000e+00
3.800000000000000000e+01 2.100000000000000000e+01 1.700000000000000000e+01
0.000000000000000000e+00 0.000000000000000000e+00 0.000000000000000000e+00
0.000000000000000000e+00 0.000000000000000000e+00 0.000000000000000000e+00
0.000000000000000000e+00 0.000000000000000000e+00 0.000000000000000000e+00
2.991536119492593571e+00 0.000000000000000000e+00 0.000000000000000000e+00
1.411401304862901185e+01 1.411401304862901185e+01 3.000000000000000000e+01
0.000000000000000000e+00 0.000000000000000000e+00 0.000000000000000000e+00
3.829139119196322127e+01 3.700000000000000000e+01 1.529139119196322127e+01
5.746004909006714456e-01 0.000000000000000000e+00 0.000000000000000000e+00
0.000000000000000000e+00 0.000000000000000000e+00 0.000000000000000000e+00
0.000000000000000000e+00 0.000000000000000000e+00 0.000000000000000000e+00
1.032116077613173744e+01 1.032116077613173744e+01 0.000000000000000000e+00
0.000000000000000000e+00 0.000000000000000000e+00 0.000000000000000000e+00
4.200238868320661823e+01 2.900238868320662178e+01 2.247525315151478509e+01
2.800000000000000000e+01 6.000000000000000000e+00 6.000000000000000000e+00
0.000000000000000000e+00 0.000000000000000000e+00 0.000000000000000000e+00
0.000000000000000000e+00 0.000000000000000000e+00 0.000000000000000000e+00
0.000000000000000000e+00 0.000000000000000000e+00 0.000000000000000000e+00
0.000000000000000000e+00 0.000000000000000000e+00 0.000000000000000000e+00
0.000000000000000000e+00 0.000000000000000000e+00 0.000000000000000000e+00
0.000000000000000000e+00 0.000000000000000000e+00 0.000000000000000000e+00
0.000000000000000000e+00 0.000000000000000000e+00 0.000000000000000000e+00
2.200000000000000000e+01 1.200000000000000000e+01 2.000000000000000000e+00
4.000000000000000000e+01 1.800000000000000000e+01 0.000000000000000000e+00
4.500000000000000000e+01 2.203899471472439586e+00 1.203899471472439586e+00
0.000000000000000000e+00 0.000000000000000000e+00 0.000000000000000000e+00
3.000000000000000000e+01 1.600000000000000000e+01 1.400000000000000000e+01
0.000000000000000000e+00 0.000000000000000000e+00 0.000000000000000000e+00
1.473302411784527166e+01 1.473302411784527166e+01 0.000000000000000000e+00
4.138122777139759734e+00 4.138122777139759734e+00 0.000000000000000000e+00
3.087657053180936728e+01 2.087657053180936728e+01 2.900000000000000000e+01
0.000000000000000000e+00 0.000000000000000000e+00 0.000000000000000000e+00
2.848528686491317075e+01 2.448528686491317075e+01 3.003362830582305776e+01
0.000000000000000000e+00 0.000000000000000000e+00 0.000000000000000000e+00
1.989826694169497756e+00 1.989826694169497756e+00 0.000000000000000000e+00
1.609673352954249026e+01 1.411827461772746517e+01 5.096733529542490260e+00
6.707683802310555166e+00 2.274357778449218159e+00 0.000000000000000000e+00
0.000000000000000000e+00 0.000000000000000000e+00 0.000000000000000000e+00
2.129772301269097667e+01 1.929772301269097667e+01 1.900000000000000000e+01
5.809113460251275285e+00 0.000000000000000000e+00 0.000000000000000000e+00
1.748191403535784616e+00 0.000000000000000000e+00 0.000000000000000000e+00
2.345229034165605242e+00 2.345229034165605242e+00 0.000000000000000000e+00
2.636788356769592667e+00 2.636788356769592667e+00 0.000000000000000000e+00
0.000000000000000000e+00 0.000000000000000000e+00 0.000000000000000000e+00
2.260257623095425927e+01 2.260257623095425927e+01 7.264113081545580997e+00
0.000000000000000000e+00 0.000000000000000000e+00 0.000000000000000000e+00
0.000000000000000000e+00 0.000000000000000000e+00 0.000000000000000000e+00
7.104875662334968922e+00 6.444296199962060712e-01 0.000000000000000000e+00
2.900000000000000000e+01 2.800000000000000000e+01 1.000000000000000000e+01
0.000000000000000000e+00 0.000000000000000000e+00 0.000000000000000000e+00
3.821175588073405294e+00 3.821175588073405294e+00 0.000000000000000000e+00
1.133125423944704835e+01 1.133125423944704835e+01 0.000000000000000000e+00
0.000000000000000000e+00 0.000000000000000000e+00 0.000000000000000000e+00
0.000000000000000000e+00 0.000000000000000000e+00 0.000000000000000000e+00
3.900000000000000000e+01 1.000000000000000000e+01 8.000000000000000000e+00
4.388739662724842105e+01 3.063194303040876321e+01 1.463194303040876321e+01
4.100000000000000000e+01 2.300000000000000000e+01 2.100000000000000000e+01
0.000000000000000000e+00 0.000000000000000000e+00 0.000000000000000000e+00
0.000000000000000000e+00 0.000000000000000000e+00 0.000000000000000000e+00
0.000000000000000000e+00 0.000000000000000000e+00 0.000000000000000000e+00
1.836578219215773089e+01 1.377066922970045226e+01 3.365782192157730890e+00
0.000000000000000000e+00 0.000000000000000000e+00 0.000000000000000000e+00
4.900000000000000000e+01 2.524344247634817151e+01 0.000000000000000000e+00
0.000000000000000000e+00 0.000000000000000000e+00 0.000000000000000000e+00
1.634526664921897066e+01 8.188888106069583728e+00 0.000000000000000000e+00
0.000000000000000000e+00 0.000000000000000000e+00 0.000000000000000000e+00
6.038764184290954518e-01 0.000000000000000000e+00 0.000000000000000000e+00
0.000000000000000000e+00 0.000000000000000000e+00 0.000000000000000000e+00
2.907904683747504038e+01 1.607904683747504038e+01 2.500000000000000000e+01
0.000000000000000000e+00 0.000000000000000000e+00 0.000000000000000000e+00
6.622971969973356465e+00 0.000000000000000000e+00 0.000000000000000000e+00
0.000000000000000000e+00 0.000000000000000000e+00 0.000000000000000000e+00
0.000000000000000000e+00 0.000000000000000000e+00 0.000000000000000000e+00
0.000000000000000000e+00 0.000000000000000000e+00 0.000000000000000000e+00
0.000000000000000000e+00 0.000000000000000000e+00 0.000000000000000000e+00
0.000000000000000000e+00 0.000000000000000000e+00 0.000000000000000000e+00
1.642995049890872750e+01 1.642995049890872750e+01 4.664767595862699068e+00
1.636610752709365357e+01 1.636610752709365357e+01 1.229950083188624532e+01
4.000000000000000000e+01 1.900000000000000000e+01 1.000000000000000000e+01
0.000000000000000000e+00 0.000000000000000000e+00 0.000000000000000000e+00
0.000000000000000000e+00 0.000000000000000000e+00 0.000000000000000000e+00
0.000000000000000000e+00 0.000000000000000000e+00 0.000000000000000000e+00
3.855540281309785655e+01 2.155540281309786010e+01 2.247112552071254044e+01
0.000000000000000000e+00 0.000000000000000000e+00 0.000000000000000000e+00
3.474082041980745572e+01 3.600000000000000000e+01 1.074082041980745572e+01
3.500000000000000000e+01 1.600000000000000000e+01 1.300000000000000000e+01
4.100000000000000000e+01 1.300000000000000000e+01 1.300000000000000000e+01
1.398987012697373444e+01 1.698232299120704170e+00 0.000000000000000000e+00
0.000000000000000000e+00 0.000000000000000000e+00 0.000000000000000000e+00
0.000000000000000000e+00 0.000000000000000000e+00 0.000000000000000000e+00
0.000000000000000000e+00 0.000000000000000000e+00 0.000000000000000000e+00
0.000000000000000000e+00 0.000000000000000000e+00 0.000000000000000000e+00
0.000000000000000000e+00 0.000000000000000000e+00 0.000000000000000000e+00
0.000000000000000000e+00 0.000000000000000000e+00 0.000000000000000000e+00
3.754128186557553448e+01 2.354128186557553448e+01 1.600000000000000000e+01
4.200054405274654812e+01 3.495243918210476153e+01 1.000054405274654812e+01
4.600000000000000000e+01 2.044030799172277568e+01 0.000000000000000000e+00
3.100000000000000000e+01 2.100000000000000000e+01 1.500000000000000000e+01
3.142182156453127817e+01 3.224264464736960178e+01 1.742182156453127817e+01
