4.779480000000000217e+01 6.485899999999999110e+00 4.062599999999999767e+00
1.741389999999999816e+01 3.665799999999999415e+01 5.135399999999999743e+00
0.000000000000000000e+00 0.000000000000000000e+00 0.000000000000000000e+00
0.000000000000000000e+00 0.000000000000000000e+00 0.000000000000000000e+00
0.000000000000000000e+00 0.000000000000000000e+00 0.000000000000000000e+00
1.129969999999999963e+01 3.999909999999999854e+01 3.975000000000000200e-01
2.687159999999999727e+01 3.509560000000000457e+01 7.381999999999999673e+00
1.795560000000000045e+01 5.955599999999999561e+00 4.000000000000000000e+00
0.000000000000000000e+00 0.000000000000000000e+00 0.000000000000000000e+00
0.000000000000000000e+00 0.000000000000000000e+00 0.000000000000000000e+00
1.441580000000000084e+01 1.242079999999999984e+01 1.298440000000000083e+01
0.000000000000000000e+00 0.000000000000000000e+00 0.000000000000000000e+00
0.000000000000000000e+00 0.000000000000000000e+00 0.000000000000000000e+00
0.000000000000000000e+00 0.000000000000000000e+00 0.000000000000000000e+00
1.386490000000000045e+01 1.286750000000000149e+01 1.498050000000000104e+01
0.000000000000000000e+00 0.000000000000000000e+00 0.000000000000000000e+00
0.000000000000000000e+00 0.000000000000000000e+00 0.000000000000000000e+00
0.000000000000000000e+00 0.000000000000000000e+00 0.000000000000000000e+00
0.000000000000000000e+00 0.000000000000000000e+00 0.000000000000000000e+00
0.000000000000000000e+00 0.000000000000000000e+00 0.000000000000000000e+00
0.000000000000000000e+00 0.000000000000000000e+00 0.000000000000000000e+00
0.000000000000000000e+00 0.000000000000000000e+00 0.000000000000000000e+00
2.645430000000000348e+01 3.097829999999999728e+01 0.000000000000000000e+00
3.491999999999999460e+01 5.641599999999999504e+00 4.765499999999999403e+00
0.000000000000000000e+00 0.000000000000000000e+00 0.000000000000000000e+00
3.055940000000000012e+01 3.270300000000000296e+01 4.534200000000000230e+00
0.000000000000000000e+00 0.000000000000000000e+00 0.000000000000000000e+00
0.000000000000000000e+00 0.000000000000000000e+00 0.000000000000000000e+00
0.000000000000000000e+00 0.000000000000000000e+00 0.000000000000000000e+00
2.857499999999999929e+01 9.557999999999999829e+00 7.984799999999999898e+00
0.000000000000000000e+00 0.000000000000000000e+00 0.000000000000000000e+00
4.598799999999999955e+01 6.560599999999999987e+00 1.823500000000000121e+00
0.000000000000000000e+00 0.000000000000000000e+00 0.000000000000000000e+00
0.000000000000000000e+00 0.000000000000000000e+00 0.000000000000000000e+00
0.000000000000000000e+00 0.000000000000000000e+00 0.000000000000000000e+00
0.000000000000000000e+00 0.000000000000000000e+00 0.000000000000000000e+00
0.000000000000000000e+00 0.000000000000000000e+00 0.000000000000000000e+00
5.103600000000000136e+00 3.103600000000000136e+00 3.100000000000000000e+01
0.000000000000000000e+00 0.000000000000000000e+00 0.000000000000000000e+00
2.831869999999999976e+01 1.856369999999999720e+01 7.860800000000000232e+00
0.000000000000000000e+00 0.000000000000000000e+00 0.000000000000000000e+00
0.000000000000000000e+00 0.000000000000000000e+00 0.000000000000000000e+00
1.553100000000000236e+01 3.785759999999999792e+01 3.617599999999999927e+00
2.673049999999999926e+01 6.724199999999999733e+00 6.993699999999999584e+00
2.958530000000000015e+01 2.003480000000000061e+01 9.695999999999999730e+00
2.798049999999999926e+01 8.967900000000000205e+00 2.995199999999999640e+00
0.000000000000000000e+00 0.000000000000000000e+00 0.000000000000000000e+00
0.000000000000000000e+00 0.000000000000000000e+00 0.000000000000000000e+00
0.000000000000000000e+00 0.000000000000000000e+00 0.000000000000000000e+00
0.000000000000000000e+00 0.000000000000000000e+00 0.000000000000000000e+00
2.444640000000000057e+01 1.753999999999999915e+01 2.078580000000000183e+01
3.244889999999999475e+01 1.418360000000000021e+01 2.259059999999999846e+01
4.678379999999999939e+01 9.533500000000000085e+00 4.507500000000000284e+00
0.000000000000000000e+00 0.000000000000000000e+00 0.000000000000000000e+00
2.003429999999999822e+01 3.690390000000000015e+01 3.267599999999999838e+00
0.000000000000000000e+00 0.000000000000000000e+00 0.000000000000000000e+00
0.000000000000000000e+00 0.000000000000000000e+00 0.000000000000000000e+00
0.000000000000000000e+00 0.000000000000000000e+00 0.000000000000000000e+00
0.000000000000000000e+00 0.000000000000000000e+00 0.000000000000000000e+00
0.000000000000000000e+00 0.000000000000000000e+00 0.000000000000000000e+00
0.000000000000000000e+00 0.000000000000000000e+00 0.000000000000000000e+00
0.000000000000000000e+00 0.000000000000000000e+00 0.000000000000000000e+00
0.000000000000000000e+00 0.000000000000000000e+00 0.000000000000000000e+00
0.000000000000000000e+00 0.000000000000000000e+00 0.000000000000000000e+00
7.885800000000000587e+00 4.299249999999999972e+01 5.150000000000000133e-01
2.908670000000000044e+01 9.058999999999999275e+00 2.294019999999999726e+01
0.000000000000000000e+00 0.000000000000000000e+00 0.000000000000000000e+00
9.076999999999999957e+00 8.076999999999999957e+00 3.500000000000000000e+01
0.000000000000000000e+00 0.000000000000000000e+00 0.000000000000000000e+00
0.000000000000000000e+00 0.000000000000000000e+00 0.000000000000000000e+00
0.000000000000000000e+00 0.000000000000000000e+00 0.000000000000000000e+00
0.000000000000000000e+00 0.000000000000000000e+00 0.000000000000000000e+00
0.000000000000000000e+00 0.000000000000000000e+00 0.000000000000000000e+00
0.000000000000000000e+00 0.000000000000000000e+00 0.000000000000000000e+00
0.000000000000000000e+00 0.000000000000000000e+00 0.000000000000000000e+00
0.000000000000000000e+00 0.000000000000000000e+00 0.000000000000000000e+00
0.000000000000000000e+00 0.000000000000000000e+00 0.000000000000000000e+00
0.000000000000000000e+00 0.000000000000000000e+00 0.000000000000000000e+00
0.000000000000000000e+00 0.000000000000000000e+00 0.000000000000000000e+00
0.000000000000000000e+00 0.000000000000000000e+00 0.000000000000000000e+00
3.045999999999999819e+00 4.600000000000000000e+01 2.800000000000000058e-02
0.000000000000000000e+00 0.000000000000000000e+00 0.000000000000000000e+00
0.000000000000000000e+00 0.000000000000000000e+00 0.000000000000000000e+00
0.000000000000000000e+00 0.000000000000000000e+00 0.000000000000000000e+00
0.000000000000000000e+00 0.000000000000000000e+00 0.000000000000000000e+00
0.000000000000000000e+00 0.000000000000000000e+00 0.000000000000000000e+00
0.000000000000000000e+00 0.000000000000000000e+00 0.000000000000000000e+00
0.000000000000000000e+00 0.000000000000000000e+00 0.000000000000000000e+00
0.000000000000000000e+00 0.000000000000000000e+00 0.000000000000000000e+00
4.999609999999999843e+01 7.820000000000000284e-01 5.979999999999999760e-01
0.000000000000000000e+00 0.000000000000000000e+00 0.000000000000000000e+00
5.083199999999999719e+00 4.199640000000000128e+01 5.951999999999999513e-01
0.000000000000000000e+00 0.000000000000000000e+00 0.000000000000000000e+00
9.083199999999999719e+00 4.199640000000000128e+01 5.951999999999999513e-01
0.000000000000000000e+00 0.000000000000000000e+00 0.000000000000000000e+00
0.000000000000000000e+00 0.000000000000000000e+00 0.000000000000000000e+00
0.000000000000000000e+00 0.000000000000000000e+00 0.000000000000000000e+00
0.000000000000000000e+00 0.000000000000000000e+00 0.000000000000000000e+00
4.292860000000000298e+01 1.420440000000000147e+01 1.180199999999999916e+00
2.586020000000000252e+01 1.803849999999999909e+01 9.872999999999999332e+00
0.000000000000000000e+00 0.000000000000000000e+00 0.000000000000000000e+00
0.000000000000000000e+00 0.000000000000000000e+00 0.000000000000000000e+00
2.203319999999999723e+01 1.003200000000000003e+01 1.199279999999999902e+01
0.000000000000000000e+00 0.000000000000000000e+00 0.000000000000000000e+00
0.000000000000000000e+00 0.000000000000000000e+00 0.000000000000000000e+00
0.000000000000000000e+00 0.000000000000000000e+00 0.000000000000000000e+00
0.000000000000000000e+00 0.000000000000000000e+00 0.000000000000000000e+00
0.000000000000000000e+00 0.000000000000000000e+00 0.000000000000000000e+00
1.313600000000000101e+01 2.136000000000000121e+00 3.400000000000000000e+01
0.000000000000000000e+00 0.000000000000000000e+00 0.000000000000000000e+00
0.000000000000000000e+00 0.000000000000000000e+00 0.000000000000000000e+00
0.000000000000000000e+00 0.000000000000000000e+00 0.000000000000000000e+00
3.897420000000000329e+01 1.314440000000000097e+01 1.641199999999999992e+00
2.864240000000000208e+01 2.158059999999999690e+01 7.616799999999999571e+00
0.000000000000000000e+00 0.000000000000000000e+00 0.000000000000000000e+00
1.261549999999999905e+01 1.161639999999999873e+01 1.798379999999999868e+01
0.000000000000000000e+00 0.000000000000000000e+00 0.000000000000000000e+00
0.000000000000000000e+00 0.000000000000000000e+00 0.000000000000000000e+00
0.000000000000000000e+00 0.000000000000000000e+00 0.000000000000000000e+00
0.000000000000000000e+00 0.000000000000000000e+00 0.000000000000000000e+00
4.495170000000000243e+01 4.878199999999999648e+00 3.119899999999999896e+00
0.000000000000000000e+00 0.000000000000000000e+00 0.000000000000000000e+00
3.696559999999999491e+01 1.348080000000000034e+01 1.794399999999999995e+00
2.482739999999999725e+01 3.449990000000000379e+01 6.435200000000000031e+00
0.000000000000000000e+00 0.000000000000000000e+00 0.000000000000000000e+00
0.000000000000000000e+00 0.000000000000000000e+00 0.000000000000000000e+00
0.000000000000000000e+00 0.000000000000000000e+00 0.000000000000000000e+00
2.792020000000000124e+01 1.701599999999999824e+01 9.900999999999999801e+00
0.000000000000000000e+00 0.000000000000000000e+00 0.000000000000000000e+00
0.000000000000000000e+00 0.000000000000000000e+00 0.000000000000000000e+00
0.000000000000000000e+00 0.000000000000000000e+00 0.000000000000000000e+00
0.000000000000000000e+00 0.000000000000000000e+00 0.000000000000000000e+00
0.000000000000000000e+00 0.000000000000000000e+00 0.000000000000000000e+00
0.000000000000000000e+00 0.000000000000000000e+00 0.000000000000000000e+00
1.588839999999999897e+01 5.888399999999999856e+00 2.900000000000000000e+01
0.000000000000000000e+00 0.000000000000000000e+00 0.000000000000000000e+00
0.000000000000000000e+00 0.000000000000000000e+00 0.000000000000000000e+00
0.000000000000000000e+00 0.000000000000000000e+00 0.000000000000000000e+00
4.299370000000000402e+01 6.460300000000000153e+00 1.762799999999999923e+00
2.337289999999999779e+01 2.257070000000000221e+01 1.684980000000000189e+01
0.000000000000000000e+00 0.000000000000000000e+00 0.000000000000000000e+00
0.000000000000000000e+00 0.000000000000000000e+00 0.000000000000000000e+00
0.000000000000000000e+00 0.000000000000000000e+00 0.000000000000000000e+00
0.000000000000000000e+00 0.000000000000000000e+00 0.000000000000000000e+00
0.000000000000000000e+00 0.000000000000000000e+00 0.000000000000000000e+00
2.212359999999999971e+01 3.298140000000000072e+01 1.955200000000000049e+00
1.688839999999999719e+01 3.888399999999999856e+00 2.900000000000000000e+01
0.000000000000000000e+00 0.000000000000000000e+00 0.000000000000000000e+00
0.000000000000000000e+00 0.000000000000000000e+00 0.000000000000000000e+00
2.501660000000000039e+01 1.101639999999999908e+01 9.990000000000000213e+00
4.999969999999999715e+01 8.721000000000000973e-01 1.377000000000000168e-01
0.000000000000000000e+00 0.000000000000000000e+00 0.000000000000000000e+00
0.000000000000000000e+00 0.000000000000000000e+00 0.000000000000000000e+00
0.000000000000000000e+00 0.000000000000000000e+00 0.000000000000000000e+00
0.000000000000000000e+00 0.000000000000000000e+00 0.000000000000000000e+00
1.694480000000000075e+01 1.195359999999999978e+01 2.796920000000000073e+01
9.915799999999999059e+00 3.699980000000000047e+01 2.680000000000000160e-01
0.000000000000000000e+00 0.000000000000000000e+00 0.000000000000000000e+00
0.000000000000000000e+00 0.000000000000000000e+00 0.000000000000000000e+00
0.000000000000000000e+00 0.000000000000000000e+00 0.000000000000000000e+00
0.000000000000000000e+00 0.000000000000000000e+00 0.000000000000000000e+00
0.000000000000000000e+00 0.000000000000000000e+00 0.000000000000000000e+00
0.000000000000000000e+00 0.000000000000000000e+00 0.000000000000000000e+00
2.565080000000000382e+01 3.594800000000000040e+01 2.592799999999999994e+00
0.000000000000000000e+00 0.000000000000000000e+00 0.000000000000000000e+00
0.000000000000000000e+00 0.000000000000000000e+00 0.000000000000000000e+00
4.899880000000000280e+01 3.472199999999999953e+00 5.143999999999999684e-01
0.000000000000000000e+00 0.000000000000000000e+00 0.000000000000000000e+00
2.767670000000000385e+01 2.002049999999999841e+01 1.749239999999999995e+01
0.000000000000000000e+00 0.000000000000000000e+00 0.000000000000000000e+00
0.000000000000000000e+00 0.000000000000000000e+00 0.000000000000000000e+00
0.000000000000000000e+00 0.000000000000000000e+00 0.000000000000000000e+00
0.000000000000000000e+00 0.000000000000000000e+00 0.000000000000000000e+00
1.013509999999999955e+01 9.136000000000001009e+00 3.399660000000000082e+01
0.000000000000000000e+00 0.000000000000000000e+00 0.000000000000000000e+00
0.000000000000000000e+00 0.000000000000000000e+00 0.000000000000000000e+00
0.000000000000000000e+00 0.000000000000000000e+00 0.000000000000000000e+00
0.000000000000000000e+00 0.000000000000000000e+00 0.000000000000000000e+00
0.000000000000000000e+00 0.000000000000000000e+00 0.000000000000000000e+00
0.000000000000000000e+00 0.000000000000000000e+00 0.000000000000000000e+00
0.000000000000000000e+00 0.000000000000000000e+00 0.000000000000000000e+00
0.000000000000000000e+00 0.000000000000000000e+00 0.000000000000000000e+00
2.300000000000000000e+01 1.999400000000000066e+00 0.000000000000000000e+00
0.000000000000000000e+00 0.000000000000000000e+00 0.000000000000000000e+00
0.000000000000000000e+00 0.000000000000000000e+00 0.000000000000000000e+00
0.000000000000000000e+00 0.000000000000000000e+00 0.000000000000000000e+00
0.000000000000000000e+00 0.000000000000000000e+00 0.000000000000000000e+00
0.000000000000000000e+00 0.000000000000000000e+00 0.000000000000000000e+00
0.000000000000000000e+00 0.000000000000000000e+00 0.000000000000000000e+00
0.000000000000000000e+00 0.000000000000000000e+00 0.000000000000000000e+00
0.000000000000000000e+00 0.000000000000000000e+00 0.000000000000000000e+00
0.000000000000000000e+00 0.000000000000000000e+00 0.000000000000000000e+00
0.000000000000000000e+00 0.000000000000000000e+00 0.000000000000000000e+00
0.000000000000000000e+00 0.000000000000000000e+00 0.000000000000000000e+00
0.000000000000000000e+00 0.000000000000000000e+00 0.000000000000000000e+00
3.321200000000000330e+01 2.478139999999999787e+01 8.595000000000000639e+00
0.000000000000000000e+00 0.000000000000000000e+00 0.000000000000000000e+00
0.000000000000000000e+00 0.000000000000000000e+00 0.000000000000000000e+00
0.000000000000000000e+00 0.000000000000000000e+00 0.000000000000000000e+00
0.000000000000000000e+00 0.000000000000000000e+00 0.000000000000000000e+00
1.455829999999999913e+01 1.156119999999999948e+01 1.099009999999999998e+01
0.000000000000000000e+00 0.000000000000000000e+00 0.000000000000000000e+00
0.000000000000000000e+00 0.000000000000000000e+00 0.000000000000000000e+00
0.000000000000000000e+00 0.000000000000000000e+00 0.000000000000000000e+00
0.000000000000000000e+00 0.000000000000000000e+00 0.000000000000000000e+00
0.000000000000000000e+00 0.000000000000000000e+00 0.000000000000000000e+00
2.760360000000000014e+01 1.893709999999999738e+01 3.921199999999999797e+00
0.000000000000000000e+00 0.000000000000000000e+00 0.000000000000000000e+00
0.000000000000000000e+00 0.000000000000000000e+00 0.000000000000000000e+00
0.000000000000000000e+00 0.000000000000000000e+00 0.000000000000000000e+00
1.686490000000000222e+01 1.186600000000000144e+01 1.498349999999999937e+01
8.018500000000001293e+00 6.018499999999999517e+00 3.700000000000000000e+01
0.000000000000000000e+00 0.000000000000000000e+00 0.000000000000000000e+00
0.000000000000000000e+00 0.000000000000000000e+00 0.000000000000000000e+00
1.889199999999999946e+01 1.390160000000000018e+01 1.994800000000000040e+01
1.902690000000000126e+01 1.505910000000000082e+01 1.195199999999999996e+01
0.000000000000000000e+00 0.000000000000000000e+00 0.000000000000000000e+00
2.414630000000000010e+01 2.899130000000000251e+01 0.000000000000000000e+00
0.000000000000000000e+00 0.000000000000000000e+00 0.000000000000000000e+00
0.000000000000000000e+00 0.000000000000000000e+00 0.000000000000000000e+00
2.792760000000000176e+01 1.807520000000000238e+01 1.183680000000000021e+01
0.000000000000000000e+00 0.000000000000000000e+00 0.000000000000000000e+00
0.000000000000000000e+00 0.000000000000000000e+00 0.000000000000000000e+00
0.000000000000000000e+00 0.000000000000000000e+00 0.000000000000000000e+00
0.000000000000000000e+00 0.000000000000000000e+00 0.000000000000000000e+00
4.381199999999999761e+01 1.475960000000000072e+01 4.216000000000000192e+00
0.000000000000000000e+00 0.000000000000000000e+00 0.000000000000000000e+00
1.685340000000000060e+01 3.578720000000000567e+01 4.649399999999999977e+00
3.522240000000000038e+01 1.145550000000000068e+01 1.797019999999999840e+01
2.091950000000000287e+01 8.919499999999999318e+00 2.799439999999999884e+01
0.000000000000000000e+00 0.000000000000000000e+00 0.000000000000000000e+00
0.000000000000000000e+00 0.000000000000000000e+00 0.000000000000000000e+00
2.622240000000000393e+01 1.735469999999999757e+01 8.910899999999999821e+00
4.800000000000000000e+01 5.426199999999999690e+00 0.000000000000000000e+00
2.770320000000000249e+01 1.371370000000000111e+01 6.976900000000000546e+00
0.000000000000000000e+00 0.000000000000000000e+00 0.000000000000000000e+00
0.000000000000000000e+00 0.000000000000000000e+00 0.000000000000000000e+00
6.000000000000000000e+00 6.000000000000000000e+00 4.200000000000000000e+01
0.000000000000000000e+00 0.000000000000000000e+00 0.000000000000000000e+00
0.000000000000000000e+00 0.000000000000000000e+00 0.000000000000000000e+00
1.590040000000000120e+01 9.901999999999999247e+00 2.999399999999999977e+01
0.000000000000000000e+00 0.000000000000000000e+00 0.000000000000000000e+00
0.000000000000000000e+00 0.000000000000000000e+00 0.000000000000000000e+00
0.000000000000000000e+00 0.000000000000000000e+00 0.000000000000000000e+00
0.000000000000000000e+00 0.000000000000000000e+00 0.000000000000000000e+00
0.000000000000000000e+00 5.000000000000000000e+01 0.000000000000000000e+00
4.600000000000000000e+01 6.184600000000000541e+00 0.000000000000000000e+00
0.000000000000000000e+00 0.000000000000000000e+00 0.000000000000000000e+00
0.000000000000000000e+00 0.000000000000000000e+00 0.000000000000000000e+00
2.609260000000000090e+01 1.511250000000000071e+01 2.289189999999999969e+01
0.000000000000000000e+00 0.000000000000000000e+00 0.000000000000000000e+00
0.000000000000000000e+00 0.000000000000000000e+00 0.000000000000000000e+00
0.000000000000000000e+00 0.000000000000000000e+00 0.000000000000000000e+00
2.037969999999999970e+01 1.746449999999999747e+01 1.881759999999999877e+01
0.000000000000000000e+00 0.000000000000000000e+00 0.000000000000000000e+00
3.780499999999999261e+01 1.555680000000000085e+01 5.199600000000000222e+00
4.073719999999999430e+01 1.446999999999999886e+01 5.831999999999999851e+00
0.000000000000000000e+00 0.000000000000000000e+00 0.000000000000000000e+00
0.000000000000000000e+00 0.000000000000000000e+00 0.000000000000000000e+00
0.000000000000000000e+00 0.000000000000000000e+00 0.000000000000000000e+00
0.000000000000000000e+00 0.000000000000000000e+00 0.000000000000000000e+00
0.000000000000000000e+00 0.000000000000000000e+00 0.000000000000000000e+00
0.000000000000000000e+00 0.000000000000000000e+00 0.000000000000000000e+00
0.000000000000000000e+00 0.000000000000000000e+00 0.000000000000000000e+00
0.000000000000000000e+00 0.000000000000000000e+00 0.000000000000000000e+00
0.000000000000000000e+00 0.000000000000000000e+00 0.000000000000000000e+00
9.695800000000000196e+00 4.099040000000000106e+01 1.082400000000000029e+00
0.000000000000000000e+00 0.000000000000000000e+00 0.000000000000000000e+00
0.000000000000000000e+00 0.000000000000000000e+00 0.000000000000000000e+00
0.000000000000000000e+00 0.000000000000000000e+00 0.000000000000000000e+00
0.000000000000000000e+00 0.000000000000000000e+00 0.000000000000000000e+00
0.000000000000000000e+00 0.000000000000000000e+00 0.000000000000000000e+00
0.000000000000000000e+00 0.000000000000000000e+00 0.000000000000000000e+00
0.000000000000000000e+00 0.000000000000000000e+00 0.000000000000000000e+00
0.000000000000000000e+00 0.000000000000000000e+00 0.000000000000000000e+00
3.286539999999999395e+01 2.109919999999999973e+01 1.981350000000000122e+01
0.000000000000000000e+00 0.000000000000000000e+00 0.000000000000000000e+00
0.000000000000000000e+00 0.000000000000000000e+00 0.000000000000000000e+00
3.125999999999999890e+00 4.500000000000000000e+01 1.959999999999999937e-02
2.191300000000000026e+01 1.803379999999999939e+01 1.580160000000000053e+01
0.000000000000000000e+00 0.000000000000000000e+00 0.000000000000000000e+00
0.000000000000000000e+00 0.000000000000000000e+00 0.000000000000000000e+00
3.768260000000000076e+01 1.644539999999999935e+01 6.080200000000000493e+00
0.000000000000000000e+00 0.000000000000000000e+00 0.000000000000000000e+00
4.498799999999999955e+01 1.063199999999999967e+01 0.000000000000000000e+00
1.018800000000000150e+00 4.700000000000000000e+01 6.000000000000000125e-03
0.000000000000000000e+00 0.000000000000000000e+00 0.000000000000000000e+00
3.763520000000000465e+01 1.018459999999999965e+01 1.051200000000000045e+01
0.000000000000000000e+00 0.000000000000000000e+00 0.000000000000000000e+00
0.000000000000000000e+00 0.000000000000000000e+00 0.000000000000000000e+00
0.000000000000000000e+00 0.000000000000000000e+00 0.000000000000000000e+00
0.000000000000000000e+00 0.000000000000000000e+00 0.000000000000000000e+00
0.000000000000000000e+00 0.000000000000000000e+00 0.000000000000000000e+00
4.093800000000000239e+01 1.435800000000000054e+01 0.000000000000000000e+00
4.885799999999999699e+00 4.299779999999999802e+01 2.265999999999999959e-01
0.000000000000000000e+00 0.000000000000000000e+00 0.000000000000000000e+00
0.000000000000000000e+00 0.000000000000000000e+00 0.000000000000000000e+00
0.000000000000000000e+00 0.000000000000000000e+00 0.000000000000000000e+00
0.000000000000000000e+00 0.000000000000000000e+00 0.000000000000000000e+00
0.000000000000000000e+00 0.000000000000000000e+00 0.000000000000000000e+00
0.000000000000000000e+00 0.000000000000000000e+00 0.000000000000000000e+00
2.927209999999999823e+01 3.289520000000000266e+01 1.971999999999999975e+00
0.000000000000000000e+00 0.000000000000000000e+00 0.000000000000000000e+00
2.201379999999999981e+01 1.301919999999999966e+01 9.985000000000001208e+00
1.981769999999999854e+01 2.951739999999999853e+01 7.388700000000000045e+00
0.000000000000000000e+00 0.000000000000000000e+00 0.000000000000000000e+00
3.994899999999999807e+01 4.613199999999999967e+00 3.875999999999999890e+00
0.000000000000000000e+00 0.000000000000000000e+00 0.000000000000000000e+00
1.659580000000000055e+01 1.059779999999999944e+01 2.598960000000000292e+01
0.000000000000000000e+00 0.000000000000000000e+00 0.000000000000000000e+00
0.000000000000000000e+00 0.000000000000000000e+00 0.000000000000000000e+00
0.000000000000000000e+00 0.000000000000000000e+00 0.000000000000000000e+00
0.000000000000000000e+00 0.000000000000000000e+00 0.000000000000000000e+00
0.000000000000000000e+00 0.000000000000000000e+00 0.000000000000000000e+00
2.695599999999999952e+01 6.949000000000000732e+00 3.995999999999999996e+00
0.000000000000000000e+00 0.000000000000000000e+00 0.000000000000000000e+00
0.000000000000000000e+00 0.000000000000000000e+00 0.000000000000000000e+00
7.000000000000000000e+00 1.000000000000000000e+00 4.300000000000000000e+01
0.000000000000000000e+00 0.000000000000000000e+00 0.000000000000000000e+00
4.799910000000000565e+01 2.504399999999999959e+00 6.260999999999999899e-01
0.000000000000000000e+00 0.000000000000000000e+00 0.000000000000000000e+00
0.000000000000000000e+00 0.000000000000000000e+00 0.000000000000000000e+00
0.000000000000000000e+00 0.000000000000000000e+00 0.000000000000000000e+00
0.000000000000000000e+00 0.000000000000000000e+00 0.000000000000000000e+00
0.000000000000000000e+00 0.000000000000000000e+00 0.000000000000000000e+00
0.000000000000000000e+00 0.000000000000000000e+00 0.000000000000000000e+00
0.000000000000000000e+00 0.000000000000000000e+00 0.000000000000000000e+00
2.043120000000000047e+01 3.099060000000000059e+01 1.784100000000000019e+00
1.894359999999999999e+01 3.699310000000000542e+01 1.075199999999999934e+00
0.000000000000000000e+00 0.000000000000000000e+00 0.000000000000000000e+00
0.000000000000000000e+00 0.000000000000000000e+00 0.000000000000000000e+00
0.000000000000000000e+00 0.000000000000000000e+00 0.000000000000000000e+00
0.000000000000000000e+00 0.000000000000000000e+00 0.000000000000000000e+00
0.000000000000000000e+00 0.000000000000000000e+00 0.000000000000000000e+00
0.000000000000000000e+00 0.000000000000000000e+00 0.000000000000000000e+00
0.000000000000000000e+00 0.000000000000000000e+00 0.000000000000000000e+00
0.000000000000000000e+00 0.000000000000000000e+00 0.000000000000000000e+00
0.000000000000000000e+00 0.000000000000000000e+00 0.000000000000000000e+00
0.000000000000000000e+00 0.000000000000000000e+00 0.000000000000000000e+00
0.000000000000000000e+00 0.000000000000000000e+00 0.000000000000000000e+00
0.000000000000000000e+00 0.000000000000000000e+00 0.000000000000000000e+00
0.000000000000000000e+00 0.000000000000000000e+00 0.000000000000000000e+00
3.178390000000000271e+01 1.672820000000000107e+01 4.908500000000000085e+00
0.000000000000000000e+00 0.000000000000000000e+00 0.000000000000000000e+00
0.000000000000000000e+00 0.000000000000000000e+00 0.000000000000000000e+00
0.000000000000000000e+00 0.000000000000000000e+00 0.000000000000000000e+00
0.000000000000000000e+00 0.000000000000000000e+00 0.000000000000000000e+00
0.000000000000000000e+00 0.000000000000000000e+00 0.000000000000000000e+00
4.999900000000000233e+01 6.440000000000000169e-01 2.299999999999999822e-01
3.391700000000000159e+01 6.705499999999999794e+00 4.847500000000000142e+00
1.575440000000000040e+01 3.515399999999999636e+01 7.307999999999999829e+00
4.999960000000000093e+01 2.754000000000000337e-01 1.836000000000000132e-01
2.230320000000000036e+01 2.675540000000000163e+01 6.368000000000000327e+00
3.958469999999999800e+01 1.551820000000000022e+01 1.024399999999999977e+01
1.507699999999999996e+01 4.076999999999999957e+00 3.500000000000000000e+01
0.000000000000000000e+00 0.000000000000000000e+00 0.000000000000000000e+00
0.000000000000000000e+00 0.000000000000000000e+00 0.000000000000000000e+00
0.000000000000000000e+00 0.000000000000000000e+00 0.000000000000000000e+00
0.000000000000000000e+00 0.000000000000000000e+00 0.000000000000000000e+00
2.398139999999999716e+01 3.980200000000000404e+00 2.999100000000000321e+00
0.000000000000000000e+00 0.000000000000000000e+00 0.000000000000000000e+00
1.802419999999999689e+01 3.300209999999999866e+01 8.294299999999999784e+00
4.798950000000000671e+01 2.517199999999999882e+00 1.469999999999999973e+00
0.000000000000000000e+00 0.000000000000000000e+00 0.000000000000000000e+00
0.000000000000000000e+00 0.000000000000000000e+00 0.000000000000000000e+00
3.900000000000000000e+01 8.207999999999999741e-01 0.000000000000000000e+00
0.000000000000000000e+00 0.000000000000000000e+00 0.000000000000000000e+00
4.499920000000000186e+01 3.536399999999999988e+00 8.841999999999999860e-01
0.000000000000000000e+00 0.000000000000000000e+00 0.000000000000000000e+00
0.000000000000000000e+00 0.000000000000000000e+00 0.000000000000000000e+00
1.790200000000000102e+01 7.902000000000000135e+00 3.000000000000000000e+01
0.000000000000000000e+00 0.000000000000000000e+00 0.000000000000000000e+00
3.273769999999999669e+01 1.760020000000000095e+01 4.864499999999999602e+00
0.000000000000000000e+00 0.000000000000000000e+00 0.000000000000000000e+00
0.000000000000000000e+00 0.000000000000000000e+00 0.000000000000000000e+00
0.000000000000000000e+00 0.000000000000000000e+00 0.000000000000000000e+00
0.000000000000000000e+00 0.000000000000000000e+00 0.000000000000000000e+00
0.000000000000000000e+00 0.000000000000000000e+00 0.000000000000000000e+00
2.192320000000000135e+01 1.811390000000000100e+01 2.664359999999999928e+01
0.000000000000000000e+00 0.000000000000000000e+00 0.000000000000000000e+00
0.000000000000000000e+00 0.000000000000000000e+00 0.000000000000000000e+00
0.000000000000000000e+00 0.000000000000000000e+00 0.000000000000000000e+00
0.000000000000000000e+00 0.000000000000000000e+00 0.000000000000000000e+00
4.089399999999999835e+01 1.439049999999999940e+01 3.595499999999999918e+00
2.377439999999999998e+01 1.690690000000000026e+01 4.956999999999999851e+00
2.145579999999999998e+01 3.091430000000000078e+01 4.180399999999999672e+00
4.597639999999999816e+01 1.059499999999999886e+01 1.826500000000000012e+00
2.549450000000000216e+01 1.552890000000000015e+01 2.487750000000000128e+01
0.000000000000000000e+00 0.000000000000000000e+00 0.000000000000000000e+00
0.000000000000000000e+00 0.000000000000000000e+00 0.000000000000000000e+00
0.000000000000000000e+00 0.000000000000000000e+00 0.000000000000000000e+00
0.000000000000000000e+00 0.000000000000000000e+00 0.000000000000000000e+00
0.000000000000000000e+00 0.000000000000000000e+00 0.000000000000000000e+00
0.000000000000000000e+00 0.000000000000000000e+00 0.000000000000000000e+00
0.000000000000000000e+00 0.000000000000000000e+00 0.000000000000000000e+00
0.000000000000000000e+00 0.000000000000000000e+00 0.000000000000000000e+00
0.000000000000000000e+00 0.000000000000000000e+00 0.000000000000000000e+00
0.000000000000000000e+00 0.000000000000000000e+00 0.000000000000000000e+00
0.000000000000000000e+00 0.000000000000000000e+00 0.000000000000000000e+00
0.000000000000000000e+00 0.000000000000000000e+00 0.000000000000000000e+00
0.000000000000000000e+00 0.000000000000000000e+00 0.000000000000000000e+00
0.000000000000000000e+00 0.000000000000000000e+00 0.000000000000000000e+00
2.332350000000000279e+01 1.435379999999999967e+01 8.969400000000000261e+00
2.317940000000000111e+01 2.723010000000000019e+01 1.086120000000000019e+01
0.000000000000000000e+00 0.000000000000000000e+00 0.000000000000000000e+00
0.000000000000000000e+00 0.000000000000000000e+00 0.000000000000000000e+00
0.000000000000000000e+00 0.000000000000000000e+00 0.000000000000000000e+00
0.000000000000000000e+00 0.000000000000000000e+00 0.000000000000000000e+00
2.583220000000000027e+01 2.195059999999999789e+01 3.792400000000000215e+00
2.459779999999999944e+01 6.592300000000000715e+00 2.599220000000000041e+01
0.000000000000000000e+00 0.000000000000000000e+00 0.000000000000000000e+00
2.401529999999999987e+01 3.433500000000000085e+01 6.973399999999999821e+00
0.000000000000000000e+00 0.000000000000000000e+00 0.000000000000000000e+00
0.000000000000000000e+00 0.000000000000000000e+00 0.000000000000000000e+00
0.000000000000000000e+00 0.000000000000000000e+00 0.000000000000000000e+00
1.856859999999999999e+01 9.569599999999999440e+00 7.999200000000000088e+00
0.000000000000000000e+00 0.000000000000000000e+00 0.000000000000000000e+00
0.000000000000000000e+00 0.000000000000000000e+00 0.000000000000000000e+00
0.000000000000000000e+00 0.000000000000000000e+00 0.000000000000000000e+00
1.113599999999999923e+01 3.136000000000000121e+00 3.400000000000000000e+01
0.000000000000000000e+00 0.000000000000000000e+00 0.000000000000000000e+00
2.284120000000000061e+01 2.796960000000000335e+01 2.979999999999999982e+00
1.406010000000000026e+01 1.307700000000000173e+01 3.495450000000000301e+01
0.000000000000000000e+00 0.000000000000000000e+00 0.000000000000000000e+00
0.000000000000000000e+00 0.000000000000000000e+00 0.000000000000000000e+00
1.987319999999999709e+01 1.798300000000000054e+01 1.679599999999999937e+01
2.044600000000000151e+01 3.199169999999999803e+01 1.635899999999999910e+00
0.000000000000000000e+00 0.000000000000000000e+00 0.000000000000000000e+00
2.904520000000000124e+01 1.403279999999999994e+01 1.193880000000000052e+01
0.000000000000000000e+00 0.000000000000000000e+00 0.000000000000000000e+00
4.893710000000000093e+01 4.418500000000000760e+00 2.279700000000000060e+00
0.000000000000000000e+00 0.000000000000000000e+00 0.000000000000000000e+00
9.819099999999998829e+00 8.819499999999999673e+00 2.699729999999999919e+01
1.240249999999999986e+01 6.402499999999999858e+00 2.500000000000000000e+01
0.000000000000000000e+00 0.000000000000000000e+00 0.000000000000000000e+00
0.000000000000000000e+00 0.000000000000000000e+00 0.000000000000000000e+00
0.000000000000000000e+00 0.000000000000000000e+00 0.000000000000000000e+00
0.000000000000000000e+00 0.000000000000000000e+00 0.000000000000000000e+00
0.000000000000000000e+00 0.000000000000000000e+00 0.000000000000000000e+00
0.000000000000000000e+00 0.000000000000000000e+00 0.000000000000000000e+00
0.000000000000000000e+00 0.000000000000000000e+00 0.000000000000000000e+00
2.000000000000000000e+01 9.999000000000000110e-01 0.000000000000000000e+00
0.000000000000000000e+00 0.000000000000000000e+00 0.000000000000000000e+00
0.000000000000000000e+00 0.000000000000000000e+00 0.000000000000000000e+00
0.000000000000000000e+00 0.000000000000000000e+00 0.000000000000000000e+00
0.000000000000000000e+00 0.000000000000000000e+00 0.000000000000000000e+00
0.000000000000000000e+00 0.000000000000000000e+00 0.000000000000000000e+00
6.993599999999999817e+00 4.993599999999999817e+00 2.000000000000000000e+00
0.000000000000000000e+00 0.000000000000000000e+00 0.000000000000000000e+00
0.000000000000000000e+00 0.000000000000000000e+00 0.000000000000000000e+00
0.000000000000000000e+00 0.000000000000000000e+00 0.000000000000000000e+00
2.723979999999999890e+01 3.493209999999999837e+01 2.650900000000000034e+00
3.015619999999999834e+01 1.307990000000000030e+01 2.286430000000000007e+01
0.000000000000000000e+00 0.000000000000000000e+00 0.000000000000000000e+00
0.000000000000000000e+00 0.000000000000000000e+00 0.000000000000000000e+00
0.000000000000000000e+00 0.000000000000000000e+00 0.000000000000000000e+00
0.000000000000000000e+00 0.000000000000000000e+00 0.000000000000000000e+00
0.000000000000000000e+00 0.000000000000000000e+00 0.000000000000000000e+00
2.934989999999999810e+01 1.232640000000000136e+01 8.964000000000000412e+00
0.000000000000000000e+00 0.000000000000000000e+00 0.000000000000000000e+00
1.336700000000000088e+01 3.799909999999999854e+01 6.606000000000000760e-01
0.000000000000000000e+00 0.000000000000000000e+00 0.000000000000000000e+00
4.197269999999999612e+01 1.251159999999999961e+01 1.315399999999999903e+00
0.000000000000000000e+00 0.000000000000000000e+00 0.000000000000000000e+00
1.536509999999999998e+01 3.799600000000000222e+01 1.100999999999999979e+00
0.000000000000000000e+00 0.000000000000000000e+00 0.000000000000000000e+00
0.000000000000000000e+00 0.000000000000000000e+00 0.000000000000000000e+00
2.364900000000000091e+01 1.784159999999999968e+01 5.929800000000000182e+00
0.000000000000000000e+00 0.000000000000000000e+00 0.000000000000000000e+00
0.000000000000000000e+00 0.000000000000000000e+00 0.000000000000000000e+00
0.000000000000000000e+00 0.000000000000000000e+00 0.000000000000000000e+00
0.000000000000000000e+00 0.000000000000000000e+00 0.000000000000000000e+00
4.231759999999999877e+01 1.415200000000000102e+01 1.015680000000000049e+01
0.000000000000000000e+00 0.000000000000000000e+00 0.000000000000000000e+00
0.000000000000000000e+00 0.000000000000000000e+00 0.000000000000000000e+00
0.000000000000000000e+00 0.000000000000000000e+00 0.000000000000000000e+00
0.000000000000000000e+00 0.000000000000000000e+00 0.000000000000000000e+00
0.000000000000000000e+00 0.000000000000000000e+00 0.000000000000000000e+00
0.000000000000000000e+00 0.000000000000000000e+00 0.000000000000000000e+00
2.045999999999999819e+00 4.600000000000000000e+01 1.600000000000000033e-02
4.599400000000000688e+01 3.277200000000000113e+00 1.457600000000000007e+00
2.099360000000000070e+01 4.993100000000000094e+00 1.999800000000000022e+00
2.167340000000000089e+01 2.584960000000000235e+01 1.168299999999999983e+01
0.000000000000000000e+00 0.000000000000000000e+00 0.000000000000000000e+00
0.000000000000000000e+00 0.000000000000000000e+00 0.000000000000000000e+00
0.000000000000000000e+00 0.000000000000000000e+00 0.000000000000000000e+00
4.259519999999999840e+01 1.205640000000000001e+01 6.766099999999999781e+00
0.000000000000000000e+00 0.000000000000000000e+00 0.000000000000000000e+00
4.336720000000000397e+01 1.488690000000000069e+01 7.296899999999999942e+00
0.000000000000000000e+00 0.000000000000000000e+00 0.000000000000000000e+00
2.271920000000000073e+01 3.169440000000000168e+01 6.154499999999999638e+00
3.639869999999999806e+01 1.904560000000000031e+01 6.293000000000000149e+00
3.993600000000000261e+00 2.993600000000000261e+00 2.000000000000000000e+00
1.440120000000000111e+01 3.796399999999999864e+01 2.213999999999999968e+00
0.000000000000000000e+00 0.000000000000000000e+00 0.000000000000000000e+00
0.000000000000000000e+00 0.000000000000000000e+00 0.000000000000000000e+00
0.000000000000000000e+00 0.000000000000000000e+00 0.000000000000000000e+00
0.000000000000000000e+00 0.000000000000000000e+00 0.000000000000000000e+00
0.000000000000000000e+00 0.000000000000000000e+00 0.000000000000000000e+00
3.083500000000000085e+01 1.177260000000000062e+01 5.958599999999999675e+00
0.000000000000000000e+00 0.000000000000000000e+00 0.000000000000000000e+00
0.000000000000000000e+00 0.000000000000000000e+00 0.000000000000000000e+00
0.000000000000000000e+00 0.000000000000000000e+00 0.000000000000000000e+00
0.000000000000000000e+00 0.000000000000000000e+00 0.000000000000000000e+00
0.000000000000000000e+00 0.000000000000000000e+00 0.000000000000000000e+00
4.597839999999999350e+01 7.301599999999999646e+00 2.193000000000000060e+00
0.000000000000000000e+00 0.000000000000000000e+00 0.000000000000000000e+00
3.232500000000000284e+01 2.755489999999999640e+01 3.788000000000000256e+00
0.000000000000000000e+00 0.000000000000000000e+00 0.000000000000000000e+00
0.000000000000000000e+00 0.000000000000000000e+00 0.000000000000000000e+00
0.000000000000000000e+00 0.000000000000000000e+00 0.000000000000000000e+00
0.000000000000000000e+00 0.000000000000000000e+00 0.000000000000000000e+00
0.000000000000000000e+00 0.000000000000000000e+00 0.000000000000000000e+00
0.000000000000000000e+00 0.000000000000000000e+00 0.000000000000000000e+00
0.000000000000000000e+00 0.000000000000000000e+00 0.000000000000000000e+00
0.000000000000000000e+00 0.000000000000000000e+00 0.000000000000000000e+00
0.000000000000000000e+00 0.000000000000000000e+00 0.000000000000000000e+00
0.000000000000000000e+00 0.000000000000000000e+00 0.000000000000000000e+00
0.000000000000000000e+00 0.000000000000000000e+00 0.000000000000000000e+00
0.000000000000000000e+00 0.000000000000000000e+00 0.000000000000000000e+00
0.000000000000000000e+00 0.000000000000000000e+00 0.000000000000000000e+00
0.000000000000000000e+00 0.000000000000000000e+00 0.000000000000000000e+00
3.065520000000000067e+01 2.605560000000000187e+01 9.062899999999999068e+00
2.734280000000000044e+01 2.283070000000000022e+01 1.023329999999999984e+01
0.000000000000000000e+00 0.000000000000000000e+00 0.000000000000000000e+00
2.722240000000000038e+01 1.734929999999999950e+01 8.908200000000000784e+00
0.000000000000000000e+00 0.000000000000000000e+00 0.000000000000000000e+00
0.000000000000000000e+00 0.000000000000000000e+00 0.000000000000000000e+00
0.000000000000000000e+00 0.000000000000000000e+00 0.000000000000000000e+00
0.000000000000000000e+00 0.000000000000000000e+00 0.000000000000000000e+00
0.000000000000000000e+00 0.000000000000000000e+00 0.000000000000000000e+00
0.000000000000000000e+00 0.000000000000000000e+00 0.000000000000000000e+00
0.000000000000000000e+00 0.000000000000000000e+00 0.000000000000000000e+00
4.891900000000000404e+01 2.576999999999999957e+00 2.451600000000000001e+00
0.000000000000000000e+00 0.000000000000000000e+00 0.000000000000000000e+00
0.000000000000000000e+00 0.000000000000000000e+00 0.000000000000000000e+00
0.000000000000000000e+00 0.000000000000000000e+00 0.000000000000000000e+00
0.000000000000000000e+00 0.000000000000000000e+00 0.000000000000000000e+00
1.018800000000000150e+00 4.700000000000000000e+01 6.800000000000000488e-03
0.000000000000000000e+00 0.000000000000000000e+00 0.000000000000000000e+00
0.000000000000000000e+00 0.000000000000000000e+00 0.000000000000000000e+00
0.000000000000000000e+00 0.000000000000000000e+00 0.000000000000000000e+00
2.787399999999999878e+01 2.794690000000000296e+01 2.236800000000000122e+00
0.000000000000000000e+00 0.000000000000000000e+00 0.000000000000000000e+00
7.759399999999999409e+00 4.093700000000000472e+01 1.931999999999999940e+00
0.000000000000000000e+00 0.000000000000000000e+00 0.000000000000000000e+00
0.000000000000000000e+00 0.000000000000000000e+00 0.000000000000000000e+00
4.483529999999999660e+01 1.360859999999999914e+01 4.085100000000000620e+00
0.000000000000000000e+00 0.000000000000000000e+00 0.000000000000000000e+00
2.585089999999999932e+01 2.539189999999999969e+01 1.364160000000000039e+01
0.000000000000000000e+00 0.000000000000000000e+00 0.000000000000000000e+00
1.641600000000000037e+01 1.141820000000000057e+01 1.298830000000000062e+01
0.000000000000000000e+00 0.000000000000000000e+00 0.000000000000000000e+00
0.000000000000000000e+00 0.000000000000000000e+00 0.000000000000000000e+00
0.000000000000000000e+00 0.000000000000000000e+00 0.000000000000000000e+00
0.000000000000000000e+00 0.000000000000000000e+00 0.000000000000000000e+00
0.000000000000000000e+00 0.000000000000000000e+00 0.000000000000000000e+00
1.000000000000000000e+00 1.000000000000000000e+00 4.300000000000000000e+01
0.000000000000000000e+00 0.000000000000000000e+00 0.000000000000000000e+00
2.522980000000000089e+01 3.119059999999999988e+01 8.194200000000000372e+00
2.112530000000000285e+01 2.091639999999999944e+01 4.808500000000000441e+00
2.723979999999999890e+01 3.493209999999999837e+01 2.650900000000000034e+00
0.000000000000000000e+00 0.000000000000000000e+00 0.000000000000000000e+00
0.000000000000000000e+00 0.000000000000000000e+00 0.000000000000000000e+00
0.000000000000000000e+00 0.000000000000000000e+00 0.000000000000000000e+00
1.336280000000000001e+01 3.799220000000000397e+01 1.321200000000000152e+00
0.000000000000000000e+00 0.000000000000000000e+00 0.000000000000000000e+00
0.000000000000000000e+00 0.000000000000000000e+00 0.000000000000000000e+00
0.000000000000000000e+00 0.000000000000000000e+00 0.000000000000000000e+00
0.000000000000000000e+00 0.000000000000000000e+00 0.000000000000000000e+00
4.290980000000000416e+01 1.063909999999999911e+01 4.155899999999999928e+00
0.000000000000000000e+00 0.000000000000000000e+00 0.000000000000000000e+00
0.000000000000000000e+00 0.000000000000000000e+00 0.000000000000000000e+00
0.000000000000000000e+00 0.000000000000000000e+00 0.000000000000000000e+00
3.459880000000000422e+01 1.801070000000000348e+01 1.042799999999999905e+01
0.000000000000000000e+00 0.000000000000000000e+00 0.000000000000000000e+00
0.000000000000000000e+00 0.000000000000000000e+00 0.000000000000000000e+00
0.000000000000000000e+00 0.000000000000000000e+00 0.000000000000000000e+00
0.000000000000000000e+00 0.000000000000000000e+00 0.000000000000000000e+00
1.000300000000000011e+01 9.003899999999999793e+00 3.899609999999999843e+01
0.000000000000000000e+00 0.000000000000000000e+00 0.000000000000000000e+00
0.000000000000000000e+00 0.000000000000000000e+00 0.000000000000000000e+00
0.000000000000000000e+00 0.000000000000000000e+00 0.000000000000000000e+00
2.908670000000000044e+01 9.058999999999999275e+00 2.294019999999999726e+01
1.004799999999999915e+00 4.800000000000000000e+01 1.800000000000000168e-03
0.000000000000000000e+00 0.000000000000000000e+00 0.000000000000000000e+00
0.000000000000000000e+00 0.000000000000000000e+00 0.000000000000000000e+00
4.999880000000000280e+01 1.149999999999999911e+00 2.760000000000000231e-01
0.000000000000000000e+00 0.000000000000000000e+00 0.000000000000000000e+00
0.000000000000000000e+00 0.000000000000000000e+00 0.000000000000000000e+00
0.000000000000000000e+00 0.000000000000000000e+00 0.000000000000000000e+00
0.000000000000000000e+00 0.000000000000000000e+00 0.000000000000000000e+00
0.000000000000000000e+00 0.000000000000000000e+00 0.000000000000000000e+00
0.000000000000000000e+00 0.000000000000000000e+00 0.000000000000000000e+00
0.000000000000000000e+00 0.000000000000000000e+00 0.000000000000000000e+00
0.000000000000000000e+00 0.000000000000000000e+00 0.000000000000000000e+00
1.403049999999999997e+01 1.303680000000000128e+01 1.198440000000000083e+01
4.899849999999999994e+01 9.001999999999998892e-01 6.430000000000000160e-01
0.000000000000000000e+00 0.000000000000000000e+00 0.000000000000000000e+00
0.000000000000000000e+00 0.000000000000000000e+00 0.000000000000000000e+00
0.000000000000000000e+00 0.000000000000000000e+00 0.000000000000000000e+00
0.000000000000000000e+00 0.000000000000000000e+00 0.000000000000000000e+00
4.399860000000000326e+01 4.642999999999999794e+00 1.032000000000000028e+00
0.000000000000000000e+00 0.000000000000000000e+00 0.000000000000000000e+00
0.000000000000000000e+00 0.000000000000000000e+00 0.000000000000000000e+00
0.000000000000000000e+00 0.000000000000000000e+00 0.000000000000000000e+00
0.000000000000000000e+00 0.000000000000000000e+00 0.000000000000000000e+00
0.000000000000000000e+00 0.000000000000000000e+00 0.000000000000000000e+00
4.099970000000000425e+01 5.000599999999999490e+00 7.144000000000000350e-01
0.000000000000000000e+00 0.000000000000000000e+00 0.000000000000000000e+00
0.000000000000000000e+00 0.000000000000000000e+00 0.000000000000000000e+00
0.000000000000000000e+00 0.000000000000000000e+00 0.000000000000000000e+00
2.846100000000000207e+01 1.982539999999999836e+01 1.361780000000000079e+01
0.000000000000000000e+00 0.000000000000000000e+00 0.000000000000000000e+00
0.000000000000000000e+00 0.000000000000000000e+00 0.000000000000000000e+00
0.000000000000000000e+00 0.000000000000000000e+00 0.000000000000000000e+00
0.000000000000000000e+00 0.000000000000000000e+00 0.000000000000000000e+00
0.000000000000000000e+00 0.000000000000000000e+00 0.000000000000000000e+00
0.000000000000000000e+00 0.000000000000000000e+00 0.000000000000000000e+00
0.000000000000000000e+00 0.000000000000000000e+00 0.000000000000000000e+00
0.000000000000000000e+00 0.000000000000000000e+00 0.000000000000000000e+00
0.000000000000000000e+00 0.000000000000000000e+00 0.000000000000000000e+00
0.000000000000000000e+00 0.000000000000000000e+00 0.000000000000000000e+00
2.231419999999999959e+01 2.111960000000000193e+01 9.589999999999999858e+00
3.769609999999999417e+01 1.835689999999999955e+01 1.725000000000000089e+00
2.821269999999999811e+01 3.293189999999999884e+01 1.965600000000000014e+00
0.000000000000000000e+00 0.000000000000000000e+00 0.000000000000000000e+00
2.801460000000000150e+01 1.605060000000000286e+01 1.191479999999999961e+01
0.000000000000000000e+00 0.000000000000000000e+00 0.000000000000000000e+00
0.000000000000000000e+00 0.000000000000000000e+00 0.000000000000000000e+00
0.000000000000000000e+00 0.000000000000000000e+00 0.000000000000000000e+00
2.443540000000000134e+01 3.099039999999999750e+01 5.947000000000000064e-01
4.242880000000000251e+01 1.221159999999999890e+01 7.541999999999999815e+00
0.000000000000000000e+00 0.000000000000000000e+00 0.000000000000000000e+00
4.696799999999999642e+01 7.996800000000000352e+00 2.287999999999999812e+00
0.000000000000000000e+00 0.000000000000000000e+00 0.000000000000000000e+00
0.000000000000000000e+00 0.000000000000000000e+00 0.000000000000000000e+00
2.784399999999999764e+01 6.834200000000000053e+00 5.991600000000000037e+00
0.000000000000000000e+00 0.000000000000000000e+00 0.000000000000000000e+00
2.184479999999999933e+01 2.948179999999999978e+01 1.009950000000000081e+01
0.000000000000000000e+00 0.000000000000000000e+00 0.000000000000000000e+00
0.000000000000000000e+00 0.000000000000000000e+00 0.000000000000000000e+00
0.000000000000000000e+00 0.000000000000000000e+00 0.000000000000000000e+00
0.000000000000000000e+00 0.000000000000000000e+00 0.000000000000000000e+00
1.898140000000000072e+01 5.980800000000000338e+00 2.999699999999999811e+00
0.000000000000000000e+00 0.000000000000000000e+00 0.000000000000000000e+00
0.000000000000000000e+00 0.000000000000000000e+00 0.000000000000000000e+00
0.000000000000000000e+00 0.000000000000000000e+00 0.000000000000000000e+00
0.000000000000000000e+00 0.000000000000000000e+00 0.000000000000000000e+00
0.000000000000000000e+00 0.000000000000000000e+00 0.000000000000000000e+00
0.000000000000000000e+00 0.000000000000000000e+00 0.000000000000000000e+00
0.000000000000000000e+00 0.000000000000000000e+00 0.000000000000000000e+00
0.000000000000000000e+00 0.000000000000000000e+00 0.000000000000000000e+00
4.698859999999999815e+01 3.693000000000000060e+00 1.706399999999999917e+00
0.000000000000000000e+00 0.000000000000000000e+00 0.000000000000000000e+00
2.142909999999999826e+01 1.874190000000000111e+01 6.878200000000000536e+00
0.000000000000000000e+00 0.000000000000000000e+00 0.000000000000000000e+00
0.000000000000000000e+00 0.000000000000000000e+00 0.000000000000000000e+00
3.399939999999999429e+01 9.677999999999999936e-01 9.684000000000000385e-01
0.000000000000000000e+00 0.000000000000000000e+00 0.000000000000000000e+00
0.000000000000000000e+00 0.000000000000000000e+00 0.000000000000000000e+00
0.000000000000000000e+00 0.000000000000000000e+00 0.000000000000000000e+00
3.079850000000000065e+01 2.415149999999999864e+01 8.926999999999999602e+00
4.327969999999999828e+01 1.616780000000000328e+01 7.348900000000000432e+00
3.099360000000000070e+01 1.981200000000000072e+00 1.987600000000000033e+00
4.999640000000000128e+01 9.199999999999999289e-01 5.520000000000000462e-01
0.000000000000000000e+00 0.000000000000000000e+00 0.000000000000000000e+00
0.000000000000000000e+00 0.000000000000000000e+00 0.000000000000000000e+00
0.000000000000000000e+00 0.000000000000000000e+00 0.000000000000000000e+00
0.000000000000000000e+00 0.000000000000000000e+00 0.000000000000000000e+00
0.000000000000000000e+00 0.000000000000000000e+00 0.000000000000000000e+00
0.000000000000000000e+00 0.000000000000000000e+00 0.000000000000000000e+00
4.798560000000000514e+01 2.097999999999999865e+00 1.681599999999999984e+00
0.000000000000000000e+00 0.000000000000000000e+00 0.000000000000000000e+00
4.999549999999999983e+01 1.104000000000000092e+00 6.899999999999999467e-01
1.171959999999999980e+01 1.072080000000000055e+01 2.198679999999999879e+01
0.000000000000000000e+00 0.000000000000000000e+00 0.000000000000000000e+00
2.225879999999999725e+01 3.415600000000000591e+01 7.563600000000000101e+00
0.000000000000000000e+00 0.000000000000000000e+00 0.000000000000000000e+00
0.000000000000000000e+00 0.000000000000000000e+00 0.000000000000000000e+00
0.000000000000000000e+00 0.000000000000000000e+00 0.000000000000000000e+00
0.000000000000000000e+00 0.000000000000000000e+00 0.000000000000000000e+00
0.000000000000000000e+00 0.000000000000000000e+00 0.000000000000000000e+00
0.000000000000000000e+00 0.000000000000000000e+00 0.000000000000000000e+00
0.000000000000000000e+00 0.000000000000000000e+00 0.000000000000000000e+00
0.000000000000000000e+00 0.000000000000000000e+00 0.000000000000000000e+00
3.085889999999999844e+01 1.689799999999999969e+01 0.000000000000000000e+00
0.000000000000000000e+00 0.000000000000000000e+00 0.000000000000000000e+00
0.000000000000000000e+00 0.000000000000000000e+00 0.000000000000000000e+00
0.000000000000000000e+00 0.000000000000000000e+00 0.000000000000000000e+00
0.000000000000000000e+00 0.000000000000000000e+00 0.000000000000000000e+00
2.132149999999999679e+01 1.853049999999999997e+01 1.279720000000000013e+01
0.000000000000000000e+00 0.000000000000000000e+00 0.000000000000000000e+00
8.410999999999999588e+00 3.993200000000000216e+01 2.306899999999999729e+00
0.000000000000000000e+00 0.000000000000000000e+00 0.000000000000000000e+00
1.301759999999999984e+01 9.018499999999999517e+00 3.699629999999999797e+01
0.000000000000000000e+00 0.000000000000000000e+00 0.000000000000000000e+00
0.000000000000000000e+00 0.000000000000000000e+00 0.000000000000000000e+00
3.158379999999999654e+01 9.494999999999999218e+00 7.924800000000000288e+00
2.851130000000000209e+01 2.639339999999999975e+01 8.121000000000000441e+00
0.000000000000000000e+00 0.000000000000000000e+00 0.000000000000000000e+00
0.000000000000000000e+00 0.000000000000000000e+00 0.000000000000000000e+00
0.000000000000000000e+00 0.000000000000000000e+00 0.000000000000000000e+00
0.000000000000000000e+00 0.000000000000000000e+00 0.000000000000000000e+00
0.000000000000000000e+00 0.000000000000000000e+00 0.000000000000000000e+00
1.047199999999999953e+01 3.989000000000000057e+01 2.750000000000000000e+00
0.000000000000000000e+00 0.000000000000000000e+00 0.000000000000000000e+00
1.833849999999999980e+01 1.335560000000000080e+01 8.983800000000000452e+00
2.282220000000000226e+01 4.819499999999999673e+00 2.699460000000000193e+01
0.000000000000000000e+00 0.000000000000000000e+00 0.000000000000000000e+00
0.000000000000000000e+00 0.000000000000000000e+00 0.000000000000000000e+00
0.000000000000000000e+00 0.000000000000000000e+00 0.000000000000000000e+00
2.089359999999999928e+01 8.893599999999999284e+00 2.899419999999999931e+01
0.000000000000000000e+00 0.000000000000000000e+00 0.000000000000000000e+00
0.000000000000000000e+00 0.000000000000000000e+00 0.000000000000000000e+00
2.787150000000000105e+01 1.588850000000000051e+01 1.490099999999999980e+01
0.000000000000000000e+00 0.000000000000000000e+00 0.000000000000000000e+00
4.693809999999999860e+01 8.349299999999999500e+00 2.887000000000000011e+00
0.000000000000000000e+00 0.000000000000000000e+00 0.000000000000000000e+00
0.000000000000000000e+00 0.000000000000000000e+00 0.000000000000000000e+00
1.588839999999999897e+01 3.888399999999999856e+00 2.900000000000000000e+01
4.260280000000000200e+01 1.581419999999999959e+01 6.118999999999999773e+00
0.000000000000000000e+00 0.000000000000000000e+00 0.000000000000000000e+00
0.000000000000000000e+00 0.000000000000000000e+00 0.000000000000000000e+00
0.000000000000000000e+00 0.000000000000000000e+00 0.000000000000000000e+00
0.000000000000000000e+00 0.000000000000000000e+00 0.000000000000000000e+00
2.592620000000000147e+01 1.497390000000000043e+01 2.987400000000000055e+00
0.000000000000000000e+00 0.000000000000000000e+00 0.000000000000000000e+00
0.000000000000000000e+00 0.000000000000000000e+00 0.000000000000000000e+00
4.104200000000000514e+00 4.197840000000000060e+01 1.202399999999999913e+00
3.261810000000000542e+01 1.435549999999999926e+01 1.863520000000000110e+01
2.374640000000000128e+01 1.795179999999999865e+01 3.951600000000000001e+00
0.000000000000000000e+00 0.000000000000000000e+00 0.000000000000000000e+00
0.000000000000000000e+00 0.000000000000000000e+00 0.000000000000000000e+00
0.000000000000000000e+00 0.000000000000000000e+00 0.000000000000000000e+00
0.000000000000000000e+00 0.000000000000000000e+00 0.000000000000000000e+00
4.489240000000000919e+01 1.260559999999999903e+01 3.604000000000000092e+00
2.124790000000000134e+01 8.247899999999999565e+00 2.399520000000000053e+01
2.096919999999999717e+01 2.181489999999999796e+01 1.902199999999999847e+01
3.484980000000000189e+01 1.035619999999999941e+01 5.724599999999999689e+00
0.000000000000000000e+00 0.000000000000000000e+00 0.000000000000000000e+00
0.000000000000000000e+00 0.000000000000000000e+00 0.000000000000000000e+00
0.000000000000000000e+00 0.000000000000000000e+00 0.000000000000000000e+00
0.000000000000000000e+00 0.000000000000000000e+00 0.000000000000000000e+00
0.000000000000000000e+00 0.000000000000000000e+00 0.000000000000000000e+00
0.000000000000000000e+00 0.000000000000000000e+00 0.000000000000000000e+00
1.507699999999999996e+01 8.076999999999999957e+00 3.500000000000000000e+01
0.000000000000000000e+00 0.000000000000000000e+00 0.000000000000000000e+00
4.884599999999999653e+01 3.823300000000000143e+00 3.134999999999999787e+00
0.000000000000000000e+00 0.000000000000000000e+00 0.000000000000000000e+00
0.000000000000000000e+00 0.000000000000000000e+00 0.000000000000000000e+00
0.000000000000000000e+00 0.000000000000000000e+00 0.000000000000000000e+00
2.976150000000000162e+01 2.485250000000000270e+01 4.355500000000000149e+00
0.000000000000000000e+00 0.000000000000000000e+00 0.000000000000000000e+00
4.098919999999999675e+01 3.567499999999999893e+00 2.145000000000000018e+00
4.902000000000000135e+00 2.902000000000000135e+00 3.000000000000000000e+01
1.541099999999999959e+01 3.993200000000000216e+01 2.306899999999999729e+00
1.751920000000000144e+01 1.557840000000000025e+01 7.964000000000000412e+00
4.261280000000000712e+01 1.006080000000000219e+01 1.105560000000000009e+01
4.148659999999999570e+01 9.944000000000000838e+00 7.561399999999999899e+00
4.899849999999999994e+01 3.086399999999999810e+00 6.430000000000000160e-01
0.000000000000000000e+00 0.000000000000000000e+00 0.000000000000000000e+00
4.999880000000000280e+01 5.520000000000000462e-01 2.760000000000000231e-01
4.296950000000000358e+01 5.868000000000000327e+00 2.943500000000000227e+00
1.530139999999999922e+01 1.432240000000000002e+01 2.392800000000000082e+01
0.000000000000000000e+00 0.000000000000000000e+00 0.000000000000000000e+00
0.000000000000000000e+00 0.000000000000000000e+00 0.000000000000000000e+00
4.897529999999999717e+01 2.096000000000000085e+00 1.703000000000000069e+00
3.100000000000000000e+01 6.956599999999999895e+00 0.000000000000000000e+00
0.000000000000000000e+00 0.000000000000000000e+00 0.000000000000000000e+00
2.884950000000000259e+01 1.695129999999999981e+01 1.978399999999999936e+00
0.000000000000000000e+00 0.000000000000000000e+00 0.000000000000000000e+00
0.000000000000000000e+00 0.000000000000000000e+00 0.000000000000000000e+00
2.455169999999999675e+01 1.356219999999999892e+01 1.097360000000000113e+01
0.000000000000000000e+00 0.000000000000000000e+00 0.000000000000000000e+00
0.000000000000000000e+00 0.000000000000000000e+00 0.000000000000000000e+00
0.000000000000000000e+00 0.000000000000000000e+00 0.000000000000000000e+00
2.315299999999999869e+01 2.898080000000000211e+01 2.085600000000000342e+00
2.071909999999999741e+01 3.773970000000000624e+01 4.408000000000000362e+00
0.000000000000000000e+00 0.000000000000000000e+00 0.000000000000000000e+00
0.000000000000000000e+00 0.000000000000000000e+00 0.000000000000000000e+00
0.000000000000000000e+00 0.000000000000000000e+00 0.000000000000000000e+00
0.000000000000000000e+00 0.000000000000000000e+00 0.000000000000000000e+00
0.000000000000000000e+00 0.000000000000000000e+00 0.000000000000000000e+00
2.499269999999999925e+01 8.990899999999999892e+00 1.999200000000000088e+00
0.000000000000000000e+00 0.000000000000000000e+00 0.000000000000000000e+00
1.072910000000000075e+01 7.729100000000000747e+00 7.000000000000000000e+00
3.197100000000000009e+01 2.438289999999999935e+01 7.050399999999999778e+00
0.000000000000000000e+00 0.000000000000000000e+00 0.000000000000000000e+00
0.000000000000000000e+00 0.000000000000000000e+00 0.000000000000000000e+00
0.000000000000000000e+00 0.000000000000000000e+00 0.000000000000000000e+00
4.599759999999999849e+01 7.640699999999999825e+00 1.091699999999999893e+00
0.000000000000000000e+00 0.000000000000000000e+00 0.000000000000000000e+00
1.298579999999999934e+01 3.696039999999999992e+01 2.432699999999999640e+00
2.592559999999999576e+01 1.595299999999999940e+01 1.988199999999999790e+01
0.000000000000000000e+00 0.000000000000000000e+00 0.000000000000000000e+00
0.000000000000000000e+00 0.000000000000000000e+00 0.000000000000000000e+00
1.484590000000000032e+01 1.385449999999999982e+01 1.696090000000000231e+01
2.283219999999999672e+01 2.195719999999999672e+01 3.793600000000000083e+00
0.000000000000000000e+00 0.000000000000000000e+00 0.000000000000000000e+00
0.000000000000000000e+00 0.000000000000000000e+00 0.000000000000000000e+00
0.000000000000000000e+00 0.000000000000000000e+00 0.000000000000000000e+00
0.000000000000000000e+00 0.000000000000000000e+00 0.000000000000000000e+00
0.000000000000000000e+00 0.000000000000000000e+00 0.000000000000000000e+00
0.000000000000000000e+00 0.000000000000000000e+00 0.000000000000000000e+00
3.982159999999999656e+01 2.095670000000000144e+01 5.250700000000000145e+00
0.000000000000000000e+00 0.000000000000000000e+00 0.000000000000000000e+00
1.885800000000000143e+00 4.300000000000000000e+01 1.030000000000000082e-01
1.998590000000000089e+01 1.099250000000000149e+01 1.998399999999999954e+00
0.000000000000000000e+00 0.000000000000000000e+00 0.000000000000000000e+00
0.000000000000000000e+00 0.000000000000000000e+00 0.000000000000000000e+00
0.000000000000000000e+00 0.000000000000000000e+00 0.000000000000000000e+00
0.000000000000000000e+00 0.000000000000000000e+00 0.000000000000000000e+00
3.999180000000000490e+01 1.004030000000000022e+01 1.544599999999999973e+00
0.000000000000000000e+00 0.000000000000000000e+00 0.000000000000000000e+00
0.000000000000000000e+00 0.000000000000000000e+00 0.000000000000000000e+00
0.000000000000000000e+00 0.000000000000000000e+00 0.000000000000000000e+00
0.000000000000000000e+00 0.000000000000000000e+00 0.000000000000000000e+00
0.000000000000000000e+00 0.000000000000000000e+00 0.000000000000000000e+00
0.000000000000000000e+00 0.000000000000000000e+00 0.000000000000000000e+00
0.000000000000000000e+00 0.000000000000000000e+00 0.000000000000000000e+00
1.028050000000000175e+01 1.280499999999999972e+00 3.300000000000000000e+01
0.000000000000000000e+00 0.000000000000000000e+00 0.000000000000000000e+00
0.000000000000000000e+00 0.000000000000000000e+00 0.000000000000000000e+00
0.000000000000000000e+00 0.000000000000000000e+00 0.000000000000000000e+00
0.000000000000000000e+00 0.000000000000000000e+00 0.000000000000000000e+00
0.000000000000000000e+00 0.000000000000000000e+00 0.000000000000000000e+00
3.027370000000000161e+01 1.965889999999999915e+01 6.798399999999999999e+00
0.000000000000000000e+00 0.000000000000000000e+00 0.000000000000000000e+00
4.292720000000000624e+01 1.180899999999999928e+01 3.549000000000000377e+00
0.000000000000000000e+00 0.000000000000000000e+00 0.000000000000000000e+00
0.000000000000000000e+00 0.000000000000000000e+00 0.000000000000000000e+00
0.000000000000000000e+00 0.000000000000000000e+00 0.000000000000000000e+00
0.000000000000000000e+00 0.000000000000000000e+00 0.000000000000000000e+00
2.175969999999999871e+01 2.505320000000000036e+01 9.529299999999999216e+00
0.000000000000000000e+00 0.000000000000000000e+00 0.000000000000000000e+00
0.000000000000000000e+00 0.000000000000000000e+00 0.000000000000000000e+00
2.999360000000000070e+01 7.960799999999999876e+00 1.991800000000000015e+00
0.000000000000000000e+00 0.000000000000000000e+00 0.000000000000000000e+00
4.298400000000000176e+01 4.105300000000000615e+00 2.351599999999999913e+00
0.000000000000000000e+00 0.000000000000000000e+00 0.000000000000000000e+00
0.000000000000000000e+00 0.000000000000000000e+00 0.000000000000000000e+00
3.179749999999999943e+01 3.176249999999999929e+01 8.304000000000000270e+00
0.000000000000000000e+00 0.000000000000000000e+00 0.000000000000000000e+00
0.000000000000000000e+00 0.000000000000000000e+00 0.000000000000000000e+00
0.000000000000000000e+00 0.000000000000000000e+00 0.000000000000000000e+00
5.681600000000000428e+00 4.099980000000000047e+01 1.796000000000000096e-01
2.737620000000000076e+01 2.104189999999999827e+01 2.206160000000000210e+01
0.000000000000000000e+00 0.000000000000000000e+00 0.000000000000000000e+00
0.000000000000000000e+00 0.000000000000000000e+00 0.000000000000000000e+00
0.000000000000000000e+00 0.000000000000000000e+00 0.000000000000000000e+00
3.399849999999999284e+01 8.714999999999999858e+00 9.683000000000000496e-01
3.035519999999999996e+01 1.975400000000000134e+01 5.823000000000000398e+00
8.526600000000000179e+00 3.983209999999999695e+01 3.201600000000000001e+00
0.000000000000000000e+00 0.000000000000000000e+00 0.000000000000000000e+00
2.940119999999999933e+01 3.347300000000000608e+01 6.440000000000000391e+00
0.000000000000000000e+00 0.000000000000000000e+00 0.000000000000000000e+00
0.000000000000000000e+00 0.000000000000000000e+00 0.000000000000000000e+00
3.879730000000000700e+01 1.742719999999999914e+01 1.645599999999999952e+00
2.698589999999999733e+01 1.098260000000000147e+01 1.996599999999999930e+00
1.018800000000000150e+00 4.700000000000000000e+01 6.400000000000000307e-03
0.000000000000000000e+00 0.000000000000000000e+00 0.000000000000000000e+00
0.000000000000000000e+00 0.000000000000000000e+00 0.000000000000000000e+00
0.000000000000000000e+00 0.000000000000000000e+00 0.000000000000000000e+00
0.000000000000000000e+00 0.000000000000000000e+00 0.000000000000000000e+00
2.653099999999999881e+01 2.122050000000000125e+01 1.436250000000000071e+01
0.000000000000000000e+00 0.000000000000000000e+00 0.000000000000000000e+00
0.000000000000000000e+00 0.000000000000000000e+00 0.000000000000000000e+00
0.000000000000000000e+00 0.000000000000000000e+00 0.000000000000000000e+00
0.000000000000000000e+00 0.000000000000000000e+00 0.000000000000000000e+00
0.000000000000000000e+00 0.000000000000000000e+00 0.000000000000000000e+00
2.295400000000000063e+01 9.953000000000001180e+00 3.998000000000000220e+00
4.507480000000000331e+01 1.176280000000000037e+01 7.844400000000000261e+00
0.000000000000000000e+00 0.000000000000000000e+00 0.000000000000000000e+00
0.000000000000000000e+00 0.000000000000000000e+00 0.000000000000000000e+00
0.000000000000000000e+00 0.000000000000000000e+00 0.000000000000000000e+00
3.115599999999999881e+01 2.929860000000000042e+01 1.360999999999999943e+01
0.000000000000000000e+00 0.000000000000000000e+00 0.000000000000000000e+00
0.000000000000000000e+00 0.000000000000000000e+00 0.000000000000000000e+00
0.000000000000000000e+00 0.000000000000000000e+00 0.000000000000000000e+00
0.000000000000000000e+00 0.000000000000000000e+00 0.000000000000000000e+00
0.000000000000000000e+00 0.000000000000000000e+00 0.000000000000000000e+00
0.000000000000000000e+00 0.000000000000000000e+00 0.000000000000000000e+00
4.018500000000000405e+00 2.018499999999999961e+00 3.700000000000000000e+01
0.000000000000000000e+00 0.000000000000000000e+00 0.000000000000000000e+00
0.000000000000000000e+00 0.000000000000000000e+00 0.000000000000000000e+00
0.000000000000000000e+00 0.000000000000000000e+00 0.000000000000000000e+00
2.224799999999999756e+01 7.245599999999999596e+00 2.399520000000000053e+01
2.403340000000000032e+01 1.203259999999999863e+01 1.198320000000000007e+01
0.000000000000000000e+00 0.000000000000000000e+00 0.000000000000000000e+00
0.000000000000000000e+00 0.000000000000000000e+00 0.000000000000000000e+00
0.000000000000000000e+00 0.000000000000000000e+00 0.000000000000000000e+00
0.000000000000000000e+00 0.000000000000000000e+00 0.000000000000000000e+00
2.285730000000000217e+01 1.387440000000000140e+01 2.692980000000000018e+01
1.923620000000000019e+01 3.357799999999999585e+01 6.370000000000000107e+00
0.000000000000000000e+00 0.000000000000000000e+00 0.000000000000000000e+00
0.000000000000000000e+00 0.000000000000000000e+00 0.000000000000000000e+00
1.125999999999999890e+00 4.500000000000000000e+01 5.599999999999999943e-03
0.000000000000000000e+00 0.000000000000000000e+00 0.000000000000000000e+00
2.041529999999999845e+01 1.242190000000000083e+01 2.496750000000000114e+01
0.000000000000000000e+00 0.000000000000000000e+00 0.000000000000000000e+00
3.200710000000000122e+01 1.482319999999999993e+01 1.673310000000000031e+01
0.000000000000000000e+00 0.000000000000000000e+00 0.000000000000000000e+00
0.000000000000000000e+00 0.000000000000000000e+00 0.000000000000000000e+00
0.000000000000000000e+00 0.000000000000000000e+00 0.000000000000000000e+00
0.000000000000000000e+00 0.000000000000000000e+00 0.000000000000000000e+00
1.901999999999999913e+00 1.901999999999999913e+00 3.000000000000000000e+01
0.000000000000000000e+00 0.000000000000000000e+00 0.000000000000000000e+00
1.554060000000000130e+01 3.658579999999999899e+01 5.498599999999999710e+00
0.000000000000000000e+00 0.000000000000000000e+00 0.000000000000000000e+00
0.000000000000000000e+00 0.000000000000000000e+00 0.000000000000000000e+00
0.000000000000000000e+00 0.000000000000000000e+00 0.000000000000000000e+00
0.000000000000000000e+00 0.000000000000000000e+00 0.000000000000000000e+00
0.000000000000000000e+00 0.000000000000000000e+00 0.000000000000000000e+00
3.026620000000000132e+01 1.726299999999999812e+01 2.268950000000000244e+01
2.784399999999999764e+01 5.835600000000000342e+00 5.991600000000000037e+00
0.000000000000000000e+00 0.000000000000000000e+00 0.000000000000000000e+00
0.000000000000000000e+00 0.000000000000000000e+00 0.000000000000000000e+00
0.000000000000000000e+00 0.000000000000000000e+00 0.000000000000000000e+00
0.000000000000000000e+00 0.000000000000000000e+00 0.000000000000000000e+00
0.000000000000000000e+00 0.000000000000000000e+00 0.000000000000000000e+00
0.000000000000000000e+00 0.000000000000000000e+00 0.000000000000000000e+00
0.000000000000000000e+00 0.000000000000000000e+00 0.000000000000000000e+00
2.198039999999999949e+01 1.199120000000000097e+01 1.997400000000000064e+00
3.995320000000000249e+01 1.394640000000000057e+01 0.000000000000000000e+00
4.499610000000000554e+01 1.767499999999999849e+00 1.327199999999999935e+00
0.000000000000000000e+00 0.000000000000000000e+00 0.000000000000000000e+00
2.670320000000000249e+01 1.269420000000000037e+01 1.396920000000000073e+01
0.000000000000000000e+00 0.000000000000000000e+00 0.000000000000000000e+00
0.000000000000000000e+00 0.000000000000000000e+00 0.000000000000000000e+00
0.000000000000000000e+00 0.000000000000000000e+00 0.000000000000000000e+00
1.488840000000000074e+01 4.888399999999999856e+00 2.900000000000000000e+01
0.000000000000000000e+00 0.000000000000000000e+00 0.000000000000000000e+00
7.000000000000000000e+00 3.000000000000000000e+00 4.100000000000000000e+01
0.000000000000000000e+00 0.000000000000000000e+00 0.000000000000000000e+00
0.000000000000000000e+00 0.000000000000000000e+00 0.000000000000000000e+00
0.000000000000000000e+00 0.000000000000000000e+00 0.000000000000000000e+00
0.000000000000000000e+00 0.000000000000000000e+00 0.000000000000000000e+00
0.000000000000000000e+00 0.000000000000000000e+00 0.000000000000000000e+00
1.330669999999999931e+01 1.130749999999999922e+01 1.898479999999999990e+01
0.000000000000000000e+00 0.000000000000000000e+00 0.000000000000000000e+00
0.000000000000000000e+00 0.000000000000000000e+00 0.000000000000000000e+00
0.000000000000000000e+00 0.000000000000000000e+00 0.000000000000000000e+00
0.000000000000000000e+00 0.000000000000000000e+00 0.000000000000000000e+00
0.000000000000000000e+00 0.000000000000000000e+00 0.000000000000000000e+00
0.000000000000000000e+00 0.000000000000000000e+00 0.000000000000000000e+00
0.000000000000000000e+00 0.000000000000000000e+00 0.000000000000000000e+00
0.000000000000000000e+00 0.000000000000000000e+00 0.000000000000000000e+00
0.000000000000000000e+00 0.000000000000000000e+00 0.000000000000000000e+00
2.203539999999999921e+01 2.751839999999999975e+01 7.642999999999999794e+00
0.000000000000000000e+00 0.000000000000000000e+00 0.000000000000000000e+00
0.000000000000000000e+00 0.000000000000000000e+00 0.000000000000000000e+00
0.000000000000000000e+00 0.000000000000000000e+00 0.000000000000000000e+00
0.000000000000000000e+00 0.000000000000000000e+00 0.000000000000000000e+00
0.000000000000000000e+00 0.000000000000000000e+00 0.000000000000000000e+00
3.873280000000000456e+01 8.103799999999999670e+00 6.668000000000000149e+00
2.974280000000000257e+01 3.246759999999999735e+01 9.298799999999999955e+00
2.939169999999999661e+01 1.135810000000000031e+01 2.092229999999999990e+01
0.000000000000000000e+00 0.000000000000000000e+00 0.000000000000000000e+00
0.000000000000000000e+00 0.000000000000000000e+00 0.000000000000000000e+00
0.000000000000000000e+00 0.000000000000000000e+00 0.000000000000000000e+00
0.000000000000000000e+00 0.000000000000000000e+00 0.000000000000000000e+00
0.000000000000000000e+00 0.000000000000000000e+00 0.000000000000000000e+00
4.899960000000000093e+01 3.986599999999999699e+00 2.571999999999999842e-01
0.000000000000000000e+00 0.000000000000000000e+00 0.000000000000000000e+00
0.000000000000000000e+00 0.000000000000000000e+00 0.000000000000000000e+00
0.000000000000000000e+00 0.000000000000000000e+00 0.000000000000000000e+00
0.000000000000000000e+00 0.000000000000000000e+00 0.000000000000000000e+00
0.000000000000000000e+00 0.000000000000000000e+00 0.000000000000000000e+00
1.940249999999999986e+01 6.402499999999999858e+00 2.499749999999999872e+01
0.000000000000000000e+00 0.000000000000000000e+00 0.000000000000000000e+00
0.000000000000000000e+00 0.000000000000000000e+00 0.000000000000000000e+00
0.000000000000000000e+00 0.000000000000000000e+00 0.000000000000000000e+00
0.000000000000000000e+00 0.000000000000000000e+00 0.000000000000000000e+00
0.000000000000000000e+00 0.000000000000000000e+00 0.000000000000000000e+00
0.000000000000000000e+00 0.000000000000000000e+00 0.000000000000000000e+00
0.000000000000000000e+00 0.000000000000000000e+00 0.000000000000000000e+00
0.000000000000000000e+00 0.000000000000000000e+00 0.000000000000000000e+00
0.000000000000000000e+00 0.000000000000000000e+00 0.000000000000000000e+00
3.941640000000000299e+01 1.477289999999999992e+01 7.976999999999999424e+00
0.000000000000000000e+00 0.000000000000000000e+00 0.000000000000000000e+00
0.000000000000000000e+00 0.000000000000000000e+00 0.000000000000000000e+00
0.000000000000000000e+00 0.000000000000000000e+00 0.000000000000000000e+00
2.540480000000000160e+01 8.399200000000000443e+00 2.498750000000000071e+01
0.000000000000000000e+00 0.000000000000000000e+00 0.000000000000000000e+00
1.278529999999999944e+01 3.584140000000000015e+01 4.283500000000000085e+00
3.252620000000000289e+01 1.331879999999999953e+01 1.277379999999999960e+01
3.964150000000000063e+01 9.158500000000000085e+00 1.024399999999999977e+01
0.000000000000000000e+00 0.000000000000000000e+00 0.000000000000000000e+00
0.000000000000000000e+00 0.000000000000000000e+00 0.000000000000000000e+00
0.000000000000000000e+00 0.000000000000000000e+00 0.000000000000000000e+00
0.000000000000000000e+00 0.000000000000000000e+00 0.000000000000000000e+00
0.000000000000000000e+00 0.000000000000000000e+00 0.000000000000000000e+00
0.000000000000000000e+00 0.000000000000000000e+00 0.000000000000000000e+00
0.000000000000000000e+00 0.000000000000000000e+00 0.000000000000000000e+00
3.414059999999999917e+01 1.981550000000000011e+01 1.509440000000000026e+01
1.908559999999999945e+01 3.685490000000000066e+01 3.841599999999999682e+00
4.599760000000000559e+01 8.733599999999999142e+00 0.000000000000000000e+00
2.684919999999999973e+01 1.691009999999999991e+01 1.486350000000000016e+01
1.983050000000000068e+01 1.914509999999999934e+01 2.547480000000000189e+01
