4.711744581914619978e+00
5.394651185465907162e+00
0.000000000000000000e+00
0.000000000000000000e+00
0.000000000000000000e+00
7.716148552414298756e+00
4.769556872982113838e+00
1.420323638703382615e-02
0.000000000000000000e+00
0.000000000000000000e+00
7.438588267208308125e-01
0.000000000000000000e+00
0.000000000000000000e+00
0.000000000000000000e+00
1.224461702688342868e+00
0.000000000000000000e+00
0.000000000000000000e+00
0.000000000000000000e+00
0.000000000000000000e+00
0.000000000000000000e+00
0.000000000000000000e+00
0.000000000000000000e+00
1.931444585861444629e+00
1.324902583068900963e-01
0.000000000000000000e+00
2.784232066097160896e+00
0.000000000000000000e+00
0.000000000000000000e+00
0.000000000000000000e+00
1.353548718856534272e-01
0.000000000000000000e+00
3.235141806554107546e+00
0.000000000000000000e+00
0.000000000000000000e+00
0.000000000000000000e+00
0.000000000000000000e+00
0.000000000000000000e+00
1.157844092392035051e+01
0.000000000000000000e+00
1.544504537284891454e-01
0.000000000000000000e+00
0.000000000000000000e+00
6.109118302216498542e+00
8.347821927380788543e-02
3.094240764957150724e-01
8.000373593617679177e-03
0.000000000000000000e+00
0.000000000000000000e+00
0.000000000000000000e+00
0.000000000000000000e+00
3.698920539556098674e+00
5.022068533704674209e+00
3.967300500010753517e+00
0.000000000000000000e+00
5.344666880316244928e+00
0.000000000000000000e+00
0.000000000000000000e+00
0.000000000000000000e+00
0.000000000000000000e+00
0.000000000000000000e+00
0.000000000000000000e+00
0.000000000000000000e+00
0.000000000000000000e+00
0.000000000000000000e+00
1.049336914903353524e+01
4.963852431200185933e+00
0.000000000000000000e+00
1.553771853261884495e+01
0.000000000000000000e+00
0.000000000000000000e+00
0.000000000000000000e+00
0.000000000000000000e+00
0.000000000000000000e+00
0.000000000000000000e+00
0.000000000000000000e+00
0.000000000000000000e+00
0.000000000000000000e+00
0.000000000000000000e+00
0.000000000000000000e+00
0.000000000000000000e+00
1.347409240781626671e+01
0.000000000000000000e+00
0.000000000000000000e+00
0.000000000000000000e+00
0.000000000000000000e+00
0.000000000000000000e+00
0.000000000000000000e+00
0.000000000000000000e+00
0.000000000000000000e+00
6.425278269753588845e+00
0.000000000000000000e+00
9.529491803825338891e+00
0.000000000000000000e+00
9.529491803825338891e+00
0.000000000000000000e+00
0.000000000000000000e+00
0.000000000000000000e+00
0.000000000000000000e+00
1.667660512891097513e+00
2.911523320821443050e-01
0.000000000000000000e+00
0.000000000000000000e+00
5.596918872912541865e-01
0.000000000000000000e+00
0.000000000000000000e+00
0.000000000000000000e+00
0.000000000000000000e+00
0.000000000000000000e+00
1.454004660790831593e+01
0.000000000000000000e+00
0.000000000000000000e+00
0.000000000000000000e+00
5.278146282966439395e-01
2.236419160015022944e-01
0.000000000000000000e+00
2.267610186849551290e+00
0.000000000000000000e+00
0.000000000000000000e+00
0.000000000000000000e+00
0.000000000000000000e+00
2.646819784355726846e+00
0.000000000000000000e+00
2.546033351271928535e-01
4.086442268516758958e+00
0.000000000000000000e+00
0.000000000000000000e+00
0.000000000000000000e+00
2.870809806804425213e-01
0.000000000000000000e+00
0.000000000000000000e+00
0.000000000000000000e+00
0.000000000000000000e+00
0.000000000000000000e+00
0.000000000000000000e+00
9.698622813868368553e+00
0.000000000000000000e+00
0.000000000000000000e+00
0.000000000000000000e+00
1.670946965358915293e+00
2.235585276711555380e+00
0.000000000000000000e+00
0.000000000000000000e+00
0.000000000000000000e+00
0.000000000000000000e+00
0.000000000000000000e+00
2.847667951658897856e+00
9.698622813868368553e+00
0.000000000000000000e+00
0.000000000000000000e+00
2.920148099661814545e-01
6.425352238016320605e+00
0.000000000000000000e+00
0.000000000000000000e+00
0.000000000000000000e+00
0.000000000000000000e+00
8.811760048417957236e+00
5.318935889621815072e+00
0.000000000000000000e+00
0.000000000000000000e+00
0.000000000000000000e+00
0.000000000000000000e+00
0.000000000000000000e+00
0.000000000000000000e+00
4.624695311610893533e+00
0.000000000000000000e+00
0.000000000000000000e+00
5.504099012890699250e+00
0.000000000000000000e+00
2.161120517104271332e+00
0.000000000000000000e+00
0.000000000000000000e+00
0.000000000000000000e+00
0.000000000000000000e+00
1.454024115041315035e+01
0.000000000000000000e+00
0.000000000000000000e+00
0.000000000000000000e+00
0.000000000000000000e+00
0.000000000000000000e+00
0.000000000000000000e+00
0.000000000000000000e+00
0.000000000000000000e+00
1.225843781272573166e-05
0.000000000000000000e+00
0.000000000000000000e+00
0.000000000000000000e+00
0.000000000000000000e+00
0.000000000000000000e+00
0.000000000000000000e+00
0.000000000000000000e+00
0.000000000000000000e+00
0.000000000000000000e+00
0.000000000000000000e+00
0.000000000000000000e+00
0.000000000000000000e+00
6.064126402184084608e-01
0.000000000000000000e+00
0.000000000000000000e+00
0.000000000000000000e+00
0.000000000000000000e+00
4.094876781055779569e-01
0.000000000000000000e+00
0.000000000000000000e+00
0.000000000000000000e+00
0.000000000000000000e+00
0.000000000000000000e+00
5.156374073650533962e-02
0.000000000000000000e+00
0.000000000000000000e+00
0.000000000000000000e+00
1.225887396773396310e+00
1.753545085401298564e+01
0.000000000000000000e+00
0.000000000000000000e+00
3.187351452015008135e+00
5.488757062636667738e-01
0.000000000000000000e+00
1.234736592642238007e+00
0.000000000000000000e+00
0.000000000000000000e+00
5.393860357509893122e-01
0.000000000000000000e+00
0.000000000000000000e+00
0.000000000000000000e+00
0.000000000000000000e+00
2.147488593905618970e+00
0.000000000000000000e+00
4.668621887052121444e+00
2.885316758316090358e+00
8.809524110817466891e+00
0.000000000000000000e+00
0.000000000000000000e+00
2.017515224258905060e-01
4.670358672677352274e+00
8.491202854975989089e-02
0.000000000000000000e+00
0.000000000000000000e+00
2.253365077141132389e+01
0.000000000000000000e+00
0.000000000000000000e+00
1.062326743107479210e+01
0.000000000000000000e+00
0.000000000000000000e+00
0.000000000000000000e+00
0.000000000000000000e+00
1.747285452510257286e+01
3.233419789634829566e+00
0.000000000000000000e+00
0.000000000000000000e+00
4.936211834622926453e+00
0.000000000000000000e+00
0.000000000000000000e+00
0.000000000000000000e+00
2.664501776782933096e+00
0.000000000000000000e+00
4.087773842003712410e-01
1.034962640286965607e+00
0.000000000000000000e+00
0.000000000000000000e+00
0.000000000000000000e+00
0.000000000000000000e+00
0.000000000000000000e+00
0.000000000000000000e+00
0.000000000000000000e+00
0.000000000000000000e+00
0.000000000000000000e+00
8.603835574263220209e+00
0.000000000000000000e+00
0.000000000000000000e+00
0.000000000000000000e+00
0.000000000000000000e+00
0.000000000000000000e+00
0.000000000000000000e+00
0.000000000000000000e+00
0.000000000000000000e+00
3.733106425889994195e+00
0.000000000000000000e+00
0.000000000000000000e+00
1.247590201142476296e+01
1.469664199894124446e+00
0.000000000000000000e+00
0.000000000000000000e+00
4.267292750581926364e-01
0.000000000000000000e+00
2.635318778012123442e+00
1.447323594142527092e+01
0.000000000000000000e+00
8.592941574309824748e-01
0.000000000000000000e+00
0.000000000000000000e+00
0.000000000000000000e+00
0.000000000000000000e+00
0.000000000000000000e+00
9.806191814920536265e-01
1.049336914903353524e+01
0.000000000000000000e+00
0.000000000000000000e+00
0.000000000000000000e+00
0.000000000000000000e+00
0.000000000000000000e+00
0.000000000000000000e+00
2.811197431563724702e+00
0.000000000000000000e+00
2.914896629663231709e-01
1.658246917038572077e+00
0.000000000000000000e+00
7.487920097354452409e-01
0.000000000000000000e+00
7.138471861422991616e+00
0.000000000000000000e+00
0.000000000000000000e+00
0.000000000000000000e+00
0.000000000000000000e+00
0.000000000000000000e+00
1.480999150817070321e-02
0.000000000000000000e+00
0.000000000000000000e+00
2.353355077141134899e+01
0.000000000000000000e+00
4.670260974643414720e+00
0.000000000000000000e+00
0.000000000000000000e+00
0.000000000000000000e+00
0.000000000000000000e+00
0.000000000000000000e+00
0.000000000000000000e+00
0.000000000000000000e+00
1.937498000686294075e+00
5.320538398436676530e+00
0.000000000000000000e+00
0.000000000000000000e+00
0.000000000000000000e+00
0.000000000000000000e+00
0.000000000000000000e+00
0.000000000000000000e+00
0.000000000000000000e+00
0.000000000000000000e+00
0.000000000000000000e+00
0.000000000000000000e+00
0.000000000000000000e+00
0.000000000000000000e+00
0.000000000000000000e+00
5.846624381915677127e-02
0.000000000000000000e+00
0.000000000000000000e+00
0.000000000000000000e+00
0.000000000000000000e+00
0.000000000000000000e+00
6.425333582812534416e+00
9.280321449025025204e-02
4.769174309107389043e+00
6.425352238016320605e+00
7.865418983821826915e-01
1.281882438035423455e+00
1.553763854443366377e+01
0.000000000000000000e+00
0.000000000000000000e+00
0.000000000000000000e+00
0.000000000000000000e+00
6.315582597627711348e-03
0.000000000000000000e+00
3.574084042451894483e+00
4.673292515959621696e+00
0.000000000000000000e+00
0.000000000000000000e+00
5.296716850648998109e-01
0.000000000000000000e+00
2.635280872955475306e+00
0.000000000000000000e+00
0.000000000000000000e+00
1.062350338567747876e+01
0.000000000000000000e+00
8.311025736840831069e-02
0.000000000000000000e+00
0.000000000000000000e+00
0.000000000000000000e+00
0.000000000000000000e+00
0.000000000000000000e+00
7.963903581861665693e+00
0.000000000000000000e+00
0.000000000000000000e+00
0.000000000000000000e+00
0.000000000000000000e+00
9.950816002066176225e-01
4.430846018188351609e-02
1.961945175409431918e+00
3.236317153109153910e+00
6.353902609291552928e+00
0.000000000000000000e+00
0.000000000000000000e+00
0.000000000000000000e+00
0.000000000000000000e+00
0.000000000000000000e+00
0.000000000000000000e+00
0.000000000000000000e+00
0.000000000000000000e+00
0.000000000000000000e+00
0.000000000000000000e+00
0.000000000000000000e+00
0.000000000000000000e+00
0.000000000000000000e+00
0.000000000000000000e+00
1.973053268810888716e-01
1.541003044076328932e+00
0.000000000000000000e+00
0.000000000000000000e+00
0.000000000000000000e+00
0.000000000000000000e+00
1.481267424758691831e-01
7.140193558045704769e+00
0.000000000000000000e+00
4.105566600488153028e+00
0.000000000000000000e+00
0.000000000000000000e+00
0.000000000000000000e+00
1.322763295582910226e-01
0.000000000000000000e+00
0.000000000000000000e+00
0.000000000000000000e+00
1.454004660790831593e+01
0.000000000000000000e+00
9.681750105564529418e-01
1.554356732398193941e+01
0.000000000000000000e+00
0.000000000000000000e+00
1.817751406996079400e+00
2.364219170798996572e+00
0.000000000000000000e+00
5.564300791980937300e-01
0.000000000000000000e+00
5.511100267917398376e+00
0.000000000000000000e+00
7.957041766836606023e+00
6.365565182479254069e+00
0.000000000000000000e+00
0.000000000000000000e+00
0.000000000000000000e+00
0.000000000000000000e+00
0.000000000000000000e+00
0.000000000000000000e+00
0.000000000000000000e+00
0.000000000000000000e+00
0.000000000000000000e+00
0.000000000000000000e+00
0.000000000000000000e+00
0.000000000000000000e+00
0.000000000000000000e+00
2.169627839910451446e-03
0.000000000000000000e+00
0.000000000000000000e+00
0.000000000000000000e+00
3.971755092185705660e+00
4.978390921064149488e+00
0.000000000000000000e+00
0.000000000000000000e+00
0.000000000000000000e+00
0.000000000000000000e+00
0.000000000000000000e+00
2.052196299978074068e-01
0.000000000000000000e+00
6.072549205702667763e+00
0.000000000000000000e+00
1.296238677493970926e+00
0.000000000000000000e+00
6.073605839939204998e+00
0.000000000000000000e+00
0.000000000000000000e+00
7.244382440812362212e-02
0.000000000000000000e+00
0.000000000000000000e+00
0.000000000000000000e+00
0.000000000000000000e+00
2.417188679655301264e+00
0.000000000000000000e+00
0.000000000000000000e+00
0.000000000000000000e+00
0.000000000000000000e+00
0.000000000000000000e+00
0.000000000000000000e+00
1.347409240781626671e+01
3.235101445426774358e+00
2.169627839910451446e-03
1.321789378035229667e+00
0.000000000000000000e+00
0.000000000000000000e+00
0.000000000000000000e+00
1.762400429967630799e+00
0.000000000000000000e+00
2.246955823742707636e+00
0.000000000000000000e+00
2.433045678560571190e+00
3.233010073609027812e-01
2.169627839910451446e-03
6.081988928426865115e+00
0.000000000000000000e+00
0.000000000000000000e+00
0.000000000000000000e+00
0.000000000000000000e+00
0.000000000000000000e+00
6.357111230538800561e-02
0.000000000000000000e+00
0.000000000000000000e+00
0.000000000000000000e+00
0.000000000000000000e+00
0.000000000000000000e+00
3.236567290506133787e+00
0.000000000000000000e+00
8.533201004443664583e-01
0.000000000000000000e+00
0.000000000000000000e+00
0.000000000000000000e+00
0.000000000000000000e+00
0.000000000000000000e+00
0.000000000000000000e+00
0.000000000000000000e+00
0.000000000000000000e+00
0.000000000000000000e+00
0.000000000000000000e+00
0.000000000000000000e+00
0.000000000000000000e+00
0.000000000000000000e+00
0.000000000000000000e+00
8.215716993439811100e-01
5.311718504815637898e-01
0.000000000000000000e+00
2.000473927616457648e-01
0.000000000000000000e+00
0.000000000000000000e+00
0.000000000000000000e+00
0.000000000000000000e+00
0.000000000000000000e+00
0.000000000000000000e+00
0.000000000000000000e+00
5.512555045510549867e+00
0.000000000000000000e+00
0.000000000000000000e+00
0.000000000000000000e+00
0.000000000000000000e+00
1.447323594142527092e+01
0.000000000000000000e+00
0.000000000000000000e+00
0.000000000000000000e+00
9.407047268831314479e-01
0.000000000000000000e+00
8.603546825216874083e+00
0.000000000000000000e+00
0.000000000000000000e+00
2.660386058105835616e+00
0.000000000000000000e+00
1.762476840917886589e+00
0.000000000000000000e+00
7.431601990734801877e-01
0.000000000000000000e+00
0.000000000000000000e+00
0.000000000000000000e+00
0.000000000000000000e+00
0.000000000000000000e+00
2.353355077141134899e+01
0.000000000000000000e+00
2.524188033919826157e+00
1.173662893063353030e-01
3.971755092185705660e+00
0.000000000000000000e+00
0.000000000000000000e+00
0.000000000000000000e+00
6.073627217936710565e+00
0.000000000000000000e+00
0.000000000000000000e+00
0.000000000000000000e+00
0.000000000000000000e+00
1.690897894028531967e+00
0.000000000000000000e+00
0.000000000000000000e+00
0.000000000000000000e+00
4.809109416388473446e-01
0.000000000000000000e+00
0.000000000000000000e+00
0.000000000000000000e+00
0.000000000000000000e+00
1.953447404412388266e+01
0.000000000000000000e+00
0.000000000000000000e+00
0.000000000000000000e+00
4.963852431200185933e+00
1.547304196003590704e+01
0.000000000000000000e+00
0.000000000000000000e+00
6.425333582812534416e+00
0.000000000000000000e+00
0.000000000000000000e+00
0.000000000000000000e+00
0.000000000000000000e+00
0.000000000000000000e+00
0.000000000000000000e+00
0.000000000000000000e+00
0.000000000000000000e+00
5.592728370853662367e-01
5.504044132828425084e+00
0.000000000000000000e+00
0.000000000000000000e+00
0.000000000000000000e+00
0.000000000000000000e+00
2.115904806399985905e+00
0.000000000000000000e+00
0.000000000000000000e+00
0.000000000000000000e+00
0.000000000000000000e+00
0.000000000000000000e+00
9.858841630851625792e-01
0.000000000000000000e+00
0.000000000000000000e+00
0.000000000000000000e+00
9.066176817743031302e-01
0.000000000000000000e+00
0.000000000000000000e+00
0.000000000000000000e+00
0.000000000000000000e+00
0.000000000000000000e+00
0.000000000000000000e+00
0.000000000000000000e+00
0.000000000000000000e+00
0.000000000000000000e+00
0.000000000000000000e+00
3.368753865095578393e-01
3.817812586291330912e-01
2.826962772507112476e+00
0.000000000000000000e+00
5.494963143959014085e-01
0.000000000000000000e+00
0.000000000000000000e+00
0.000000000000000000e+00
1.933298010794114896e+00
1.805623977517171186e+00
0.000000000000000000e+00
3.916470755059277664e+00
0.000000000000000000e+00
0.000000000000000000e+00
5.121378880306785147e-02
0.000000000000000000e+00
2.219691939185604479e+00
0.000000000000000000e+00
0.000000000000000000e+00
0.000000000000000000e+00
0.000000000000000000e+00
6.203324159814985542e-03
0.000000000000000000e+00
0.000000000000000000e+00
0.000000000000000000e+00
0.000000000000000000e+00
0.000000000000000000e+00
0.000000000000000000e+00
0.000000000000000000e+00
0.000000000000000000e+00
3.915636738053060117e+00
0.000000000000000000e+00
1.069451796327429566e-01
0.000000000000000000e+00
0.000000000000000000e+00
6.635254448877214717e-02
0.000000000000000000e+00
0.000000000000000000e+00
0.000000000000000000e+00
5.141152350493727319e-01
2.252012320697494019e+00
1.454483430987666900e-02
6.425278269753588845e+00
0.000000000000000000e+00
0.000000000000000000e+00
0.000000000000000000e+00
0.000000000000000000e+00
0.000000000000000000e+00
0.000000000000000000e+00
4.673416884758690770e+00
0.000000000000000000e+00
6.425210776315358530e+00
4.315678064725406493e+00
0.000000000000000000e+00
4.138671142668028047e+00
0.000000000000000000e+00
0.000000000000000000e+00
0.000000000000000000e+00
0.000000000000000000e+00
0.000000000000000000e+00
0.000000000000000000e+00
0.000000000000000000e+00
0.000000000000000000e+00
2.488588588183098665e-02
0.000000000000000000e+00
0.000000000000000000e+00
0.000000000000000000e+00
0.000000000000000000e+00
7.134997182407636362e-01
0.000000000000000000e+00
7.725642624588009433e+00
0.000000000000000000e+00
1.753564539651781828e+01
0.000000000000000000e+00
0.000000000000000000e+00
1.513904796680196063e-01
8.248051740950810284e-01
0.000000000000000000e+00
0.000000000000000000e+00
0.000000000000000000e+00
0.000000000000000000e+00
0.000000000000000000e+00
7.735946681872008845e+00
0.000000000000000000e+00
1.982015771200687781e-01
7.957361778651425688e+00
0.000000000000000000e+00
0.000000000000000000e+00
0.000000000000000000e+00
9.698216263147713789e+00
0.000000000000000000e+00
0.000000000000000000e+00
1.201418747707991619e+00
0.000000000000000000e+00
3.923358124594381824e+00
0.000000000000000000e+00
0.000000000000000000e+00
9.698622813868368553e+00
1.738260910766938006e+00
0.000000000000000000e+00
0.000000000000000000e+00
0.000000000000000000e+00
0.000000000000000000e+00
1.336619620173694692e-02
0.000000000000000000e+00
0.000000000000000000e+00
9.528584860190608907e+00
2.758893540571306424e+00
4.050668987546252736e-02
0.000000000000000000e+00
0.000000000000000000e+00
0.000000000000000000e+00
0.000000000000000000e+00
2.653364471753754117e+00
5.634711263626565270e+00
3.144347026680175627e+00
1.512978933172930418e-01
0.000000000000000000e+00
0.000000000000000000e+00
0.000000000000000000e+00
0.000000000000000000e+00
0.000000000000000000e+00
0.000000000000000000e+00
1.553771853261884495e+01
0.000000000000000000e+00
5.523354582067245389e+00
0.000000000000000000e+00
0.000000000000000000e+00
0.000000000000000000e+00
3.874102168158218285e-01
0.000000000000000000e+00
9.879031424100847003e-01
1.062362339749229534e+01
7.725642624588009433e+00
1.350656084583942429e-01
3.014630666718173480e+00
1.425488174627987270e+00
5.504044132828425084e+00
0.000000000000000000e+00
6.425333582812534416e+00
1.676731850151024217e+00
5.626420037988706824e+00
0.000000000000000000e+00
0.000000000000000000e+00
5.507392723015750668e+00
1.237560538288944370e-02
0.000000000000000000e+00
2.137022844500196042e-02
0.000000000000000000e+00
0.000000000000000000e+00
4.063580123836464941e-01
0.000000000000000000e+00
0.000000000000000000e+00
0.000000000000000000e+00
1.238101636803513816e+00
6.132170578772245584e+00
0.000000000000000000e+00
0.000000000000000000e+00
0.000000000000000000e+00
0.000000000000000000e+00
0.000000000000000000e+00
2.576428782556685216e-03
0.000000000000000000e+00
8.298697951950342877e-02
4.193123730693519846e-01
0.000000000000000000e+00
0.000000000000000000e+00
0.000000000000000000e+00
3.232959210306908915e+00
0.000000000000000000e+00
5.328371229622625549e+00
3.166751824177996610e+00
0.000000000000000000e+00
0.000000000000000000e+00
1.866943890286310914e+00
1.499352341515030884e-01
0.000000000000000000e+00
0.000000000000000000e+00
0.000000000000000000e+00
0.000000000000000000e+00
0.000000000000000000e+00
0.000000000000000000e+00
1.049663943275462863e+00
0.000000000000000000e+00
1.049341210989748419e+01
3.109948790091595847e-03
0.000000000000000000e+00
0.000000000000000000e+00
0.000000000000000000e+00
0.000000000000000000e+00
7.308513011651966984e-01
0.000000000000000000e+00
0.000000000000000000e+00
0.000000000000000000e+00
0.000000000000000000e+00
0.000000000000000000e+00
0.000000000000000000e+00
0.000000000000000000e+00
1.354513320578527136e+01
0.000000000000000000e+00
0.000000000000000000e+00
0.000000000000000000e+00
0.000000000000000000e+00
0.000000000000000000e+00
1.276952158102808710e-01
0.000000000000000000e+00
1.679728055084574123e+00
0.000000000000000000e+00
0.000000000000000000e+00
0.000000000000000000e+00
0.000000000000000000e+00
7.328504489094648244e-01
0.000000000000000000e+00
0.000000000000000000e+00
8.537778953277841421e-03
0.000000000000000000e+00
1.672258469663790770e+00
0.000000000000000000e+00
0.000000000000000000e+00
2.880246018827452126e+00
0.000000000000000000e+00
0.000000000000000000e+00
0.000000000000000000e+00
8.602255794122068977e+00
4.916688147622694238e+00
0.000000000000000000e+00
0.000000000000000000e+00
0.000000000000000000e+00
6.563253267395412205e-02
1.073619395174421898e-01
7.747292589746345826e+00
0.000000000000000000e+00
3.437343565166084414e+00
0.000000000000000000e+00
0.000000000000000000e+00
5.297297434370542568e-01
3.716703911228469871e-03
1.447323594142527092e+01
0.000000000000000000e+00
0.000000000000000000e+00
0.000000000000000000e+00
0.000000000000000000e+00
1.169002630677588916e+00
0.000000000000000000e+00
0.000000000000000000e+00
0.000000000000000000e+00
0.000000000000000000e+00
0.000000000000000000e+00
1.465963965577855160e-02
3.443146103686856918e+00
0.000000000000000000e+00
0.000000000000000000e+00
0.000000000000000000e+00
3.705669138445833788e+00
0.000000000000000000e+00
0.000000000000000000e+00
0.000000000000000000e+00
0.000000000000000000e+00
0.000000000000000000e+00
0.000000000000000000e+00
1.753545085401298564e+01
0.000000000000000000e+00
0.000000000000000000e+00
0.000000000000000000e+00
5.634611263626564615e+00
5.605966369250836578e-01
0.000000000000000000e+00
0.000000000000000000e+00
0.000000000000000000e+00
0.000000000000000000e+00
7.957128636102343222e+00
3.479062518787113589e+00
0.000000000000000000e+00
0.000000000000000000e+00
1.247590201142476296e+01
0.000000000000000000e+00
6.365475838580686663e+00
0.000000000000000000e+00
1.892387141136767648e+00
0.000000000000000000e+00
0.000000000000000000e+00
0.000000000000000000e+00
0.000000000000000000e+00
1.062362339749229534e+01
0.000000000000000000e+00
5.410502541500400220e+00
0.000000000000000000e+00
0.000000000000000000e+00
0.000000000000000000e+00
0.000000000000000000e+00
0.000000000000000000e+00
4.951923662771986479e+00
5.121378880306785147e-02
0.000000000000000000e+00
0.000000000000000000e+00
0.000000000000000000e+00
0.000000000000000000e+00
0.000000000000000000e+00
0.000000000000000000e+00
0.000000000000000000e+00
3.809948790091595948e-03
7.241103510879587368e-01
2.636115284218519594e+00
0.000000000000000000e+00
9.640916448278296080e-01
0.000000000000000000e+00
0.000000000000000000e+00
0.000000000000000000e+00
9.698622813868368553e+00
0.000000000000000000e+00
2.153375077141127747e+01
0.000000000000000000e+00
0.000000000000000000e+00
0.000000000000000000e+00
0.000000000000000000e+00
0.000000000000000000e+00
2.707350353102075502e+00
0.000000000000000000e+00
0.000000000000000000e+00
0.000000000000000000e+00
0.000000000000000000e+00
0.000000000000000000e+00
0.000000000000000000e+00
0.000000000000000000e+00
0.000000000000000000e+00
0.000000000000000000e+00
1.056399747663149036e+00
0.000000000000000000e+00
0.000000000000000000e+00
0.000000000000000000e+00
0.000000000000000000e+00
0.000000000000000000e+00
6.070458416379693745e-01
3.587854306703623930e+00
3.741560979052523273e+00
0.000000000000000000e+00
0.000000000000000000e+00
0.000000000000000000e+00
0.000000000000000000e+00
0.000000000000000000e+00
5.504099058140048406e+00
0.000000000000000000e+00
0.000000000000000000e+00
0.000000000000000000e+00
0.000000000000000000e+00
0.000000000000000000e+00
6.365565182479254069e+00
0.000000000000000000e+00
0.000000000000000000e+00
0.000000000000000000e+00
0.000000000000000000e+00
0.000000000000000000e+00
0.000000000000000000e+00
0.000000000000000000e+00
0.000000000000000000e+00
0.000000000000000000e+00
8.690163850245120614e-01
0.000000000000000000e+00
0.000000000000000000e+00
0.000000000000000000e+00
6.364654092591202073e+00
0.000000000000000000e+00
4.659934575544497193e+00
7.812829676837839132e-01
1.291248426466248045e+00
0.000000000000000000e+00
0.000000000000000000e+00
0.000000000000000000e+00
0.000000000000000000e+00
0.000000000000000000e+00
0.000000000000000000e+00
0.000000000000000000e+00
1.522677112201143546e+00
5.355724975061325388e+00
3.232699618955485299e+00
1.187835843872898867e+00
7.138152829985214609e+00
