4.670358672677352274e+00
5.318778850749203535e+00
0.000000000000000000e+00
0.000000000000000000e+00
0.000000000000000000e+00
7.715591513278249103e+00
4.615426216370005719e+00
0.000000000000000000e+00
0.000000000000000000e+00
0.000000000000000000e+00
6.852197535171306551e-03
0.000000000000000000e+00
0.000000000000000000e+00
0.000000000000000000e+00
1.767405134475185519e-02
0.000000000000000000e+00
0.000000000000000000e+00
0.000000000000000000e+00
0.000000000000000000e+00
0.000000000000000000e+00
0.000000000000000000e+00
0.000000000000000000e+00
1.931444585861444629e+00
1.067243270373128827e-01
0.000000000000000000e+00
2.750135596696166473e+00
0.000000000000000000e+00
0.000000000000000000e+00
0.000000000000000000e+00
3.686700285911882497e-03
0.000000000000000000e+00
3.233419789634829566e+00
0.000000000000000000e+00
0.000000000000000000e+00
0.000000000000000000e+00
0.000000000000000000e+00
0.000000000000000000e+00
2.843316764637702665e+00
0.000000000000000000e+00
4.052664506472312966e-02
0.000000000000000000e+00
0.000000000000000000e+00
6.071746903736602974e+00
6.067551211368744576e-04
8.949521813948009552e-02
1.797049433802692334e-03
0.000000000000000000e+00
0.000000000000000000e+00
0.000000000000000000e+00
0.000000000000000000e+00
1.219195219017670251e+00
3.913228381762433816e+00
3.912342936082085387e+00
0.000000000000000000e+00
5.318778807085253746e+00
0.000000000000000000e+00
0.000000000000000000e+00
0.000000000000000000e+00
0.000000000000000000e+00
0.000000000000000000e+00
0.000000000000000000e+00
0.000000000000000000e+00
0.000000000000000000e+00
0.000000000000000000e+00
1.049341210989748419e+01
2.114917865061057167e+00
0.000000000000000000e+00
1.049341210989748419e+01
0.000000000000000000e+00
0.000000000000000000e+00
0.000000000000000000e+00
0.000000000000000000e+00
0.000000000000000000e+00
0.000000000000000000e+00
0.000000000000000000e+00
0.000000000000000000e+00
0.000000000000000000e+00
0.000000000000000000e+00
0.000000000000000000e+00
0.000000000000000000e+00
1.347409240781626671e+01
0.000000000000000000e+00
0.000000000000000000e+00
0.000000000000000000e+00
0.000000000000000000e+00
0.000000000000000000e+00
0.000000000000000000e+00
0.000000000000000000e+00
0.000000000000000000e+00
6.425376550050224012e+00
0.000000000000000000e+00
9.529589670201541907e+00
0.000000000000000000e+00
9.529589670201541907e+00
0.000000000000000000e+00
0.000000000000000000e+00
0.000000000000000000e+00
0.000000000000000000e+00
1.667461790434881630e+00
4.173264353681135908e-02
0.000000000000000000e+00
0.000000000000000000e+00
1.752579387993870308e-03
0.000000000000000000e+00
0.000000000000000000e+00
0.000000000000000000e+00
0.000000000000000000e+00
0.000000000000000000e+00
3.913992538408184174e+00
0.000000000000000000e+00
0.000000000000000000e+00
0.000000000000000000e+00
5.237200610268706313e-01
1.271394862872203824e-01
0.000000000000000000e+00
4.122407870961043025e-02
0.000000000000000000e+00
0.000000000000000000e+00
0.000000000000000000e+00
0.000000000000000000e+00
2.635133585611018514e+00
0.000000000000000000e+00
2.528922217002674833e-01
3.967545826451763347e+00
0.000000000000000000e+00
0.000000000000000000e+00
0.000000000000000000e+00
2.662585685736272578e-02
0.000000000000000000e+00
0.000000000000000000e+00
0.000000000000000000e+00
0.000000000000000000e+00
0.000000000000000000e+00
0.000000000000000000e+00
2.347002368527489669e+00
0.000000000000000000e+00
0.000000000000000000e+00
0.000000000000000000e+00
1.669858874642581537e+00
1.236625177810263043e+00
0.000000000000000000e+00
0.000000000000000000e+00
0.000000000000000000e+00
0.000000000000000000e+00
0.000000000000000000e+00
2.843315782180781959e+00
1.693202061106378498e+00
0.000000000000000000e+00
0.000000000000000000e+00
1.952579387993870399e-03
6.425376550050224012e+00
0.000000000000000000e+00
0.000000000000000000e+00
0.000000000000000000e+00
0.000000000000000000e+00
4.616322038646750059e+00
5.318778850749203535e+00
0.000000000000000000e+00
0.000000000000000000e+00
0.000000000000000000e+00
0.000000000000000000e+00
0.000000000000000000e+00
0.000000000000000000e+00
4.615426216370005719e+00
0.000000000000000000e+00
0.000000000000000000e+00
5.504142019003998243e+00
0.000000000000000000e+00
6.865771064150166803e-01
0.000000000000000000e+00
0.000000000000000000e+00
0.000000000000000000e+00
0.000000000000000000e+00
1.049341210989748419e+01
0.000000000000000000e+00
0.000000000000000000e+00
0.000000000000000000e+00
0.000000000000000000e+00
0.000000000000000000e+00
0.000000000000000000e+00
0.000000000000000000e+00
0.000000000000000000e+00
1.225843781272573166e-05
0.000000000000000000e+00
0.000000000000000000e+00
0.000000000000000000e+00
0.000000000000000000e+00
0.000000000000000000e+00
0.000000000000000000e+00
0.000000000000000000e+00
0.000000000000000000e+00
0.000000000000000000e+00
0.000000000000000000e+00
0.000000000000000000e+00
0.000000000000000000e+00
4.641396446252422647e-01
0.000000000000000000e+00
0.000000000000000000e+00
0.000000000000000000e+00
0.000000000000000000e+00
2.428779548276413687e-03
0.000000000000000000e+00
0.000000000000000000e+00
0.000000000000000000e+00
0.000000000000000000e+00
0.000000000000000000e+00
3.898970657647017612e-02
0.000000000000000000e+00
0.000000000000000000e+00
0.000000000000000000e+00
1.134374004930432771e-02
1.049341210989748419e+01
0.000000000000000000e+00
0.000000000000000000e+00
2.851091618302097896e-01
1.767405134475185519e-02
0.000000000000000000e+00
1.234737436248075637e+00
0.000000000000000000e+00
0.000000000000000000e+00
6.110298976201922888e-02
0.000000000000000000e+00
0.000000000000000000e+00
0.000000000000000000e+00
0.000000000000000000e+00
2.120181993738007087e+00
0.000000000000000000e+00
4.616322038646750059e+00
1.667091961579141302e+00
2.647416760750857634e+00
0.000000000000000000e+00
0.000000000000000000e+00
2.577374401796528325e-02
4.670358672677352274e+00
5.596535773358009280e-03
0.000000000000000000e+00
0.000000000000000000e+00
4.666802138296619162e+00
0.000000000000000000e+00
0.000000000000000000e+00
6.071746903736602974e+00
0.000000000000000000e+00
0.000000000000000000e+00
0.000000000000000000e+00
0.000000000000000000e+00
1.747285452510257286e+01
3.233419789634829566e+00
0.000000000000000000e+00
0.000000000000000000e+00
1.465346447131500973e+00
0.000000000000000000e+00
0.000000000000000000e+00
0.000000000000000000e+00
5.463299096412199685e-01
0.000000000000000000e+00
3.711629309671014010e-01
9.802977664247153333e-01
0.000000000000000000e+00
0.000000000000000000e+00
0.000000000000000000e+00
0.000000000000000000e+00
0.000000000000000000e+00
0.000000000000000000e+00
0.000000000000000000e+00
0.000000000000000000e+00
0.000000000000000000e+00
8.602080099782233091e+00
0.000000000000000000e+00
0.000000000000000000e+00
0.000000000000000000e+00
0.000000000000000000e+00
0.000000000000000000e+00
0.000000000000000000e+00
0.000000000000000000e+00
0.000000000000000000e+00
2.148918665566440289e+00
0.000000000000000000e+00
0.000000000000000000e+00
1.247590201142476296e+01
2.000927364786910523e-01
0.000000000000000000e+00
0.000000000000000000e+00
3.701997586439237931e-01
0.000000000000000000e+00
2.633173693156794837e+00
1.447323594142527092e+01
0.000000000000000000e+00
5.281120060150807927e-01
0.000000000000000000e+00
0.000000000000000000e+00
0.000000000000000000e+00
0.000000000000000000e+00
0.000000000000000000e+00
9.802977664247153333e-01
1.049341210989748419e+01
0.000000000000000000e+00
0.000000000000000000e+00
0.000000000000000000e+00
0.000000000000000000e+00
0.000000000000000000e+00
0.000000000000000000e+00
2.799506342580894369e+00
0.000000000000000000e+00
4.008924636638218353e-03
1.561099451765603607e+00
0.000000000000000000e+00
7.315721081862534003e-01
0.000000000000000000e+00
1.933096365292444441e+00
0.000000000000000000e+00
0.000000000000000000e+00
0.000000000000000000e+00
0.000000000000000000e+00
0.000000000000000000e+00
6.067551211368744576e-04
0.000000000000000000e+00
0.000000000000000000e+00
6.425376550050224012e+00
0.000000000000000000e+00
4.670358672677352274e+00
0.000000000000000000e+00
0.000000000000000000e+00
0.000000000000000000e+00
0.000000000000000000e+00
0.000000000000000000e+00
0.000000000000000000e+00
0.000000000000000000e+00
1.934785190025031687e+00
5.318778850749203535e+00
0.000000000000000000e+00
0.000000000000000000e+00
0.000000000000000000e+00
0.000000000000000000e+00
0.000000000000000000e+00
0.000000000000000000e+00
0.000000000000000000e+00
0.000000000000000000e+00
0.000000000000000000e+00
0.000000000000000000e+00
0.000000000000000000e+00
0.000000000000000000e+00
0.000000000000000000e+00
3.204546886450097831e-02
0.000000000000000000e+00
0.000000000000000000e+00
0.000000000000000000e+00
0.000000000000000000e+00
0.000000000000000000e+00
6.425376550050224012e+00
6.589295313734853943e-02
4.616322038646750059e+00
6.425376550050224012e+00
7.328061056979648935e-01
9.812990578452650547e-01
6.425376550050224012e+00
0.000000000000000000e+00
0.000000000000000000e+00
0.000000000000000000e+00
0.000000000000000000e+00
1.122584378127257246e-04
0.000000000000000000e+00
3.377809316702804932e+00
4.670358672677352274e+00
0.000000000000000000e+00
0.000000000000000000e+00
5.296716850648998109e-01
0.000000000000000000e+00
2.635133585611018514e+00
0.000000000000000000e+00
0.000000000000000000e+00
3.229191841102025951e+00
0.000000000000000000e+00
5.739658450811756241e-02
0.000000000000000000e+00
0.000000000000000000e+00
0.000000000000000000e+00
0.000000000000000000e+00
0.000000000000000000e+00
7.715591513278249103e+00
0.000000000000000000e+00
0.000000000000000000e+00
0.000000000000000000e+00
0.000000000000000000e+00
9.802977664247153333e-01
1.778630978256457926e-02
1.934785190025031687e+00
3.232459951720484614e+00
2.181573263604051238e+00
0.000000000000000000e+00
0.000000000000000000e+00
0.000000000000000000e+00
0.000000000000000000e+00
0.000000000000000000e+00
0.000000000000000000e+00
0.000000000000000000e+00
0.000000000000000000e+00
0.000000000000000000e+00
0.000000000000000000e+00
0.000000000000000000e+00
0.000000000000000000e+00
0.000000000000000000e+00
0.000000000000000000e+00
6.964455972984032357e-03
1.236625177810263043e+00
0.000000000000000000e+00
0.000000000000000000e+00
0.000000000000000000e+00
0.000000000000000000e+00
1.376266248803889869e-01
2.633756591140003156e+00
0.000000000000000000e+00
3.967445826451763580e+00
0.000000000000000000e+00
0.000000000000000000e+00
0.000000000000000000e+00
4.441448309319982247e-04
0.000000000000000000e+00
0.000000000000000000e+00
0.000000000000000000e+00
2.679218714286508263e+00
0.000000000000000000e+00
9.586057630506186200e-01
1.547304196003590704e+01
0.000000000000000000e+00
0.000000000000000000e+00
2.864800571685976460e-01
2.361760164686318664e+00
0.000000000000000000e+00
2.046951380377151283e-02
0.000000000000000000e+00
5.504142019003998243e+00
0.000000000000000000e+00
1.934785461277108709e+00
3.892158881405808346e-01
0.000000000000000000e+00
0.000000000000000000e+00
0.000000000000000000e+00
0.000000000000000000e+00
0.000000000000000000e+00
0.000000000000000000e+00
0.000000000000000000e+00
0.000000000000000000e+00
0.000000000000000000e+00
0.000000000000000000e+00
0.000000000000000000e+00
0.000000000000000000e+00
0.000000000000000000e+00
0.000000000000000000e+00
0.000000000000000000e+00
0.000000000000000000e+00
0.000000000000000000e+00
3.957583546326616464e+00
2.635504076699064058e+00
0.000000000000000000e+00
0.000000000000000000e+00
0.000000000000000000e+00
0.000000000000000000e+00
0.000000000000000000e+00
8.717341389385041550e-03
0.000000000000000000e+00
6.071746903736602974e+00
0.000000000000000000e+00
1.295371114803043788e+00
0.000000000000000000e+00
6.071746903736602974e+00
0.000000000000000000e+00
0.000000000000000000e+00
2.711584507516352077e-02
0.000000000000000000e+00
0.000000000000000000e+00
0.000000000000000000e+00
0.000000000000000000e+00
2.114917865061057167e+00
0.000000000000000000e+00
0.000000000000000000e+00
0.000000000000000000e+00
0.000000000000000000e+00
0.000000000000000000e+00
0.000000000000000000e+00
1.347409240781626671e+01
3.233419789634829566e+00
0.000000000000000000e+00
9.606953122884090979e-01
0.000000000000000000e+00
0.000000000000000000e+00
0.000000000000000000e+00
1.667091961579141302e+00
0.000000000000000000e+00
2.114260271282311088e+00
0.000000000000000000e+00
2.361758835772938436e+00
2.707252000011425297e-01
0.000000000000000000e+00
6.071746903736602974e+00
0.000000000000000000e+00
0.000000000000000000e+00
0.000000000000000000e+00
0.000000000000000000e+00
0.000000000000000000e+00
1.401520156270604812e-02
0.000000000000000000e+00
0.000000000000000000e+00
0.000000000000000000e+00
0.000000000000000000e+00
0.000000000000000000e+00
3.232699777820011278e+00
0.000000000000000000e+00
8.299995404349328476e-01
0.000000000000000000e+00
0.000000000000000000e+00
0.000000000000000000e+00
0.000000000000000000e+00
0.000000000000000000e+00
0.000000000000000000e+00
0.000000000000000000e+00
0.000000000000000000e+00
0.000000000000000000e+00
0.000000000000000000e+00
0.000000000000000000e+00
0.000000000000000000e+00
0.000000000000000000e+00
0.000000000000000000e+00
6.552660923614173072e-01
2.803298459658524200e-01
0.000000000000000000e+00
2.499518219015436568e-02
0.000000000000000000e+00
0.000000000000000000e+00
0.000000000000000000e+00
0.000000000000000000e+00
0.000000000000000000e+00
0.000000000000000000e+00
0.000000000000000000e+00
5.504142019003998243e+00
0.000000000000000000e+00
0.000000000000000000e+00
0.000000000000000000e+00
0.000000000000000000e+00
1.447323594142527092e+01
0.000000000000000000e+00
0.000000000000000000e+00
0.000000000000000000e+00
9.328645360574883139e-01
0.000000000000000000e+00
8.602080099782233091e+00
0.000000000000000000e+00
0.000000000000000000e+00
2.634562258530441792e+00
0.000000000000000000e+00
1.234737436248075637e+00
0.000000000000000000e+00
3.996666198825492809e-03
0.000000000000000000e+00
0.000000000000000000e+00
0.000000000000000000e+00
0.000000000000000000e+00
0.000000000000000000e+00
1.148003938410896652e+01
0.000000000000000000e+00
2.360171094210751441e+00
9.502416244217171126e-02
3.957583546326616464e+00
0.000000000000000000e+00
0.000000000000000000e+00
0.000000000000000000e+00
6.071746903736602974e+00
0.000000000000000000e+00
0.000000000000000000e+00
0.000000000000000000e+00
0.000000000000000000e+00
1.668850163159558253e+00
0.000000000000000000e+00
0.000000000000000000e+00
0.000000000000000000e+00
1.761546522311438490e-01
0.000000000000000000e+00
0.000000000000000000e+00
0.000000000000000000e+00
0.000000000000000000e+00
5.504142019003998243e+00
0.000000000000000000e+00
0.000000000000000000e+00
0.000000000000000000e+00
2.114917865061057167e+00
1.547304196003590704e+01
0.000000000000000000e+00
0.000000000000000000e+00
6.425376550050224012e+00
0.000000000000000000e+00
0.000000000000000000e+00
0.000000000000000000e+00
0.000000000000000000e+00
0.000000000000000000e+00
0.000000000000000000e+00
0.000000000000000000e+00
0.000000000000000000e+00
6.852197535171306551e-03
5.504142019003998243e+00
0.000000000000000000e+00
0.000000000000000000e+00
0.000000000000000000e+00
0.000000000000000000e+00
2.115745215048562944e+00
0.000000000000000000e+00
0.000000000000000000e+00
0.000000000000000000e+00
0.000000000000000000e+00
0.000000000000000000e+00
9.857607786555346863e-01
0.000000000000000000e+00
0.000000000000000000e+00
0.000000000000000000e+00
1.795357354857139986e-01
0.000000000000000000e+00
0.000000000000000000e+00
0.000000000000000000e+00
0.000000000000000000e+00
0.000000000000000000e+00
0.000000000000000000e+00
0.000000000000000000e+00
0.000000000000000000e+00
0.000000000000000000e+00
0.000000000000000000e+00
1.394148932192445789e-01
3.742274161508662433e-01
2.820803247470857755e+00
0.000000000000000000e+00
2.779210768655080918e-02
0.000000000000000000e+00
0.000000000000000000e+00
0.000000000000000000e+00
1.933096365292444441e+00
1.667091961579141302e+00
0.000000000000000000e+00
3.913228777896224475e+00
0.000000000000000000e+00
0.000000000000000000e+00
1.602506928969184632e-03
0.000000000000000000e+00
1.934785190025031687e+00
0.000000000000000000e+00
0.000000000000000000e+00
0.000000000000000000e+00
0.000000000000000000e+00
0.000000000000000000e+00
0.000000000000000000e+00
0.000000000000000000e+00
0.000000000000000000e+00
0.000000000000000000e+00
0.000000000000000000e+00
0.000000000000000000e+00
0.000000000000000000e+00
0.000000000000000000e+00
3.913948789711043208e+00
0.000000000000000000e+00
4.122407870961043025e-02
0.000000000000000000e+00
0.000000000000000000e+00
6.589295313734853943e-02
0.000000000000000000e+00
0.000000000000000000e+00
0.000000000000000000e+00
3.534494723873836119e-01
2.126808566945738832e+00
1.237560538288944370e-02
6.425376550050224012e+00
0.000000000000000000e+00
0.000000000000000000e+00
0.000000000000000000e+00
0.000000000000000000e+00
0.000000000000000000e+00
0.000000000000000000e+00
4.670358672677352274e+00
0.000000000000000000e+00
6.425376550050224012e+00
2.885677987307849190e-01
0.000000000000000000e+00
3.968734689021318651e+00
0.000000000000000000e+00
0.000000000000000000e+00
0.000000000000000000e+00
0.000000000000000000e+00
0.000000000000000000e+00
0.000000000000000000e+00
0.000000000000000000e+00
0.000000000000000000e+00
2.487325812798008365e-02
0.000000000000000000e+00
0.000000000000000000e+00
0.000000000000000000e+00
0.000000000000000000e+00
9.513642087998444574e-02
0.000000000000000000e+00
7.715591513278249103e+00
0.000000000000000000e+00
6.425376550050224012e+00
0.000000000000000000e+00
0.000000000000000000e+00
2.344369833757090765e-02
7.082454379882360262e-01
0.000000000000000000e+00
0.000000000000000000e+00
0.000000000000000000e+00
0.000000000000000000e+00
0.000000000000000000e+00
7.715591513278249103e+00
0.000000000000000000e+00
3.996666198825492809e-03
2.633756591140003156e+00
0.000000000000000000e+00
0.000000000000000000e+00
0.000000000000000000e+00
3.913892538408184407e+00
0.000000000000000000e+00
0.000000000000000000e+00
7.325708283529992759e-02
0.000000000000000000e+00
3.913228381762433816e+00
0.000000000000000000e+00
0.000000000000000000e+00
1.426593717812413953e+00
1.678185416566662758e+00
0.000000000000000000e+00
0.000000000000000000e+00
0.000000000000000000e+00
0.000000000000000000e+00
7.164455972984032014e-03
0.000000000000000000e+00
0.000000000000000000e+00
9.529589670201541907e+00
9.909891295565412817e-01
2.711584507516352077e-02
0.000000000000000000e+00
0.000000000000000000e+00
0.000000000000000000e+00
0.000000000000000000e+00
2.635504076699064058e+00
4.267277933688082281e-01
1.934785461277108709e+00
1.064684476552548442e-01
0.000000000000000000e+00
0.000000000000000000e+00
0.000000000000000000e+00
0.000000000000000000e+00
0.000000000000000000e+00
0.000000000000000000e+00
6.425376550050224012e+00
0.000000000000000000e+00
5.504142019003998243e+00
0.000000000000000000e+00
0.000000000000000000e+00
0.000000000000000000e+00
3.716774459045166235e-01
0.000000000000000000e+00
9.857607786555346863e-01
1.934785190025031687e+00
7.715591513278249103e+00
1.134374004930432771e-02
2.634413573796200225e+00
1.293734890011018157e+00
5.504142019003998243e+00
0.000000000000000000e+00
6.425376550050224012e+00
1.669858874642581537e+00
1.934785461277108709e+00
0.000000000000000000e+00
0.000000000000000000e+00
5.504142019003998243e+00
1.237560538288944370e-02
0.000000000000000000e+00
1.920099951801472818e-02
0.000000000000000000e+00
0.000000000000000000e+00
7.164455972984032014e-03
0.000000000000000000e+00
0.000000000000000000e+00
0.000000000000000000e+00
1.234637436248075648e+00
6.071746248587781558e+00
0.000000000000000000e+00
0.000000000000000000e+00
0.000000000000000000e+00
0.000000000000000000e+00
0.000000000000000000e+00
4.068009426462335532e-04
0.000000000000000000e+00
7.998818518199150678e-05
3.479821884640678098e-01
0.000000000000000000e+00
0.000000000000000000e+00
0.000000000000000000e+00
3.232699777820011278e+00
0.000000000000000000e+00
5.318778850749203535e+00
4.800750164958745847e-01
0.000000000000000000e+00
0.000000000000000000e+00
6.317475731910307535e-02
1.394148932192445789e-01
0.000000000000000000e+00
0.000000000000000000e+00
0.000000000000000000e+00
0.000000000000000000e+00
0.000000000000000000e+00
0.000000000000000000e+00
1.010880776986674112e+00
0.000000000000000000e+00
1.049341210989748419e+01
9.403209501811446176e-04
0.000000000000000000e+00
0.000000000000000000e+00
0.000000000000000000e+00
0.000000000000000000e+00
7.293162136142106178e-01
0.000000000000000000e+00
0.000000000000000000e+00
0.000000000000000000e+00
0.000000000000000000e+00
0.000000000000000000e+00
0.000000000000000000e+00
0.000000000000000000e+00
3.376420150124577191e+00
0.000000000000000000e+00
0.000000000000000000e+00
0.000000000000000000e+00
0.000000000000000000e+00
0.000000000000000000e+00
6.292036170641254755e-02
0.000000000000000000e+00
1.667091961579141302e+00
0.000000000000000000e+00
0.000000000000000000e+00
0.000000000000000000e+00
0.000000000000000000e+00
5.483176512034073635e-01
0.000000000000000000e+00
0.000000000000000000e+00
6.369123968896064913e-03
0.000000000000000000e+00
1.669858874642581537e+00
0.000000000000000000e+00
0.000000000000000000e+00
2.750135596696166473e+00
0.000000000000000000e+00
0.000000000000000000e+00
0.000000000000000000e+00
8.602080099782233091e+00
3.968734689021318651e+00
0.000000000000000000e+00
0.000000000000000000e+00
0.000000000000000000e+00
6.517294132253052819e-02
6.292036170641254755e-02
7.715591513278249103e+00
0.000000000000000000e+00
3.346183856086231589e+00
0.000000000000000000e+00
0.000000000000000000e+00
5.326493867715722530e-01
1.547076071318019075e-03
1.447323594142527092e+01
0.000000000000000000e+00
0.000000000000000000e+00
0.000000000000000000e+00
0.000000000000000000e+00
3.892158881405808346e-01
0.000000000000000000e+00
0.000000000000000000e+00
0.000000000000000000e+00
0.000000000000000000e+00
0.000000000000000000e+00
4.564032687447239852e-04
3.232663775601235301e+00
0.000000000000000000e+00
0.000000000000000000e+00
0.000000000000000000e+00
3.376620150124577169e+00
0.000000000000000000e+00
0.000000000000000000e+00
0.000000000000000000e+00
0.000000000000000000e+00
0.000000000000000000e+00
0.000000000000000000e+00
6.871451226748166441e+00
0.000000000000000000e+00
0.000000000000000000e+00
0.000000000000000000e+00
5.557113448078818685e-01
4.308924636638218272e-03
0.000000000000000000e+00
0.000000000000000000e+00
0.000000000000000000e+00
0.000000000000000000e+00
2.665029273686574829e+00
3.377809316702804932e+00
0.000000000000000000e+00
0.000000000000000000e+00
1.247590201142476296e+01
0.000000000000000000e+00
1.931444585861444629e+00
0.000000000000000000e+00
3.742274161508662433e-01
0.000000000000000000e+00
0.000000000000000000e+00
0.000000000000000000e+00
0.000000000000000000e+00
1.561099451765603607e+00
0.000000000000000000e+00
5.318778850749203535e+00
0.000000000000000000e+00
0.000000000000000000e+00
0.000000000000000000e+00
0.000000000000000000e+00
0.000000000000000000e+00
2.642978903651018285e+00
1.602506928969184632e-03
0.000000000000000000e+00
0.000000000000000000e+00
0.000000000000000000e+00
0.000000000000000000e+00
0.000000000000000000e+00
0.000000000000000000e+00
0.000000000000000000e+00
1.640320950181144502e-03
7.241193223101761722e-01
2.635133585611018514e+00
0.000000000000000000e+00
1.601511418613822679e-02
0.000000000000000000e+00
0.000000000000000000e+00
0.000000000000000000e+00
1.912381741978604888e+00
0.000000000000000000e+00
4.668752535970519979e+00
0.000000000000000000e+00
0.000000000000000000e+00
0.000000000000000000e+00
0.000000000000000000e+00
0.000000000000000000e+00
6.317475731910307535e-02
0.000000000000000000e+00
0.000000000000000000e+00
0.000000000000000000e+00
0.000000000000000000e+00
0.000000000000000000e+00
0.000000000000000000e+00
0.000000000000000000e+00
0.000000000000000000e+00
0.000000000000000000e+00
9.606935046128061151e-01
0.000000000000000000e+00
0.000000000000000000e+00
0.000000000000000000e+00
0.000000000000000000e+00
0.000000000000000000e+00
5.289516732500817442e-01
3.359882527725712720e+00
9.909891295565412817e-01
0.000000000000000000e+00
0.000000000000000000e+00
0.000000000000000000e+00
0.000000000000000000e+00
0.000000000000000000e+00
5.504142019003998243e+00
0.000000000000000000e+00
0.000000000000000000e+00
0.000000000000000000e+00
0.000000000000000000e+00
0.000000000000000000e+00
4.267277933688082281e-01
0.000000000000000000e+00
0.000000000000000000e+00
0.000000000000000000e+00
0.000000000000000000e+00
0.000000000000000000e+00
0.000000000000000000e+00
0.000000000000000000e+00
0.000000000000000000e+00
0.000000000000000000e+00
7.276320484226950214e-01
0.000000000000000000e+00
0.000000000000000000e+00
0.000000000000000000e+00
2.114260271282311088e+00
0.000000000000000000e+00
4.616322038646750059e+00
1.063842163609222818e-01
9.841552083782624250e-01
0.000000000000000000e+00
0.000000000000000000e+00
0.000000000000000000e+00
0.000000000000000000e+00
0.000000000000000000e+00
0.000000000000000000e+00
0.000000000000000000e+00
5.593529985705920637e-01
5.318778850749203535e+00
3.231814173275136870e+00
8.949521813948009552e-02
6.871451226748166441e+00
