2.058244736500740757e+01
0.000000000000000000e+00
0.000000000000000000e+00
1.375903780591900549e+01
-2.153948286934567857e+00
0.000000000000000000e+00
8.917152886465098405e+00
2.157673093219078808e+01
0.000000000000000000e+00
-5.159534461466900312e-01
2.331382199351223861e+01
0.000000000000000000e+00
0.000000000000000000e+00
1.850845700688444451e+00
0.000000000000000000e+00
-3.662960213014396782e+00
-7.377682394902794094e+00
0.000000000000000000e+00
-2.416097389972709508e-01
0.000000000000000000e+00
1.595510871851495160e+01
0.000000000000000000e+00
5.836418826284043959e+00
0.000000000000000000e+00
0.000000000000000000e+00
1.584180328858733722e+00
-5.037228433690486007e+00
1.761471620813617633e+01
0.000000000000000000e+00
0.000000000000000000e+00
1.850845700688444451e+00
5.581234505607688412e+00
0.000000000000000000e+00
0.000000000000000000e+00
0.000000000000000000e+00
-2.957619840633881128e-02
0.000000000000000000e+00
1.928569554868994018e+01
0.000000000000000000e+00
8.695345349154246506e+00
0.000000000000000000e+00
2.676529919816621828e+01
2.257294181179201686e+01
0.000000000000000000e+00
2.665958523978848760e+01
1.100684819613710275e+01
0.000000000000000000e+00
4.911372583109686829e+00
0.000000000000000000e+00
0.000000000000000000e+00
3.841340147473037536e+00
0.000000000000000000e+00
6.730616858531759839e+00
0.000000000000000000e+00
2.526852803933163116e+01
2.627020752333285714e+01
0.000000000000000000e+00
0.000000000000000000e+00
0.000000000000000000e+00
0.000000000000000000e+00
-1.062393403748461695e+00
0.000000000000000000e+00
6.910686362460620735e+00
0.000000000000000000e+00
1.663488609523878026e+01
0.000000000000000000e+00
0.000000000000000000e+00
0.000000000000000000e+00
5.910716066111196376e+00
0.000000000000000000e+00
2.456802049060303617e+01
2.357007476036783089e+01
0.000000000000000000e+00
0.000000000000000000e+00
0.000000000000000000e+00
0.000000000000000000e+00
1.768254210191263098e+01
5.271772635033172172e+00
0.000000000000000000e+00
0.000000000000000000e+00
0.000000000000000000e+00
0.000000000000000000e+00
0.000000000000000000e+00
0.000000000000000000e+00
0.000000000000000000e+00
8.621138741957374840e-01
0.000000000000000000e+00
-1.341968330959993416e+01
0.000000000000000000e+00
0.000000000000000000e+00
0.000000000000000000e+00
0.000000000000000000e+00
6.558336864268802913e+00
4.937334859000391596e+00
0.000000000000000000e+00
-6.049949817496803384e+00
0.000000000000000000e+00
0.000000000000000000e+00
0.000000000000000000e+00
0.000000000000000000e+00
1.288793265497123919e+01
3.607222689730083864e+00
4.937334859000391596e+00
0.000000000000000000e+00
1.553886122117946833e+01
1.031257910582133697e+01
2.668254210191252795e+01
2.065315252740183638e+01
0.000000000000000000e+00
1.194886235416369402e+01
-1.993102283697285415e+01
0.000000000000000000e+00
0.000000000000000000e+00
0.000000000000000000e+00
2.357007476036783089e+01
0.000000000000000000e+00
1.469580337718644891e+01
1.664285405502737802e+01
0.000000000000000000e+00
0.000000000000000000e+00
0.000000000000000000e+00
1.326842803933162607e+01
0.000000000000000000e+00
2.845129267871819856e+00
1.591081606611122545e+01
2.456802049060303617e+01
1.761471620813617633e+01
2.058244736500740757e+01
0.000000000000000000e+00
2.058244736500740757e+01
0.000000000000000000e+00
2.257294181179201686e+01
1.006266689536076164e+01
-3.296125178335877148e+00
0.000000000000000000e+00
0.000000000000000000e+00
1.099858499932498290e+00
-1.149263294871235352e+00
-1.402128593800764822e+00
-9.363750455090004365e+00
5.686384603225273615e+00
7.580703896840880418e+00
6.590971340115409305e+00
1.370257366953801892e+01
0.000000000000000000e+00
2.727020752333287490e+01
5.836418826284043959e+00
0.000000000000000000e+00
0.000000000000000000e+00
6.866029527744190730e+00
0.000000000000000000e+00
0.000000000000000000e+00
-3.408561306187489315e+00
2.357007476036783089e+01
0.000000000000000000e+00
0.000000000000000000e+00
0.000000000000000000e+00
1.471198580518406196e+01
0.000000000000000000e+00
0.000000000000000000e+00
1.035281895340408020e+01
4.333257727758280664e-01
2.357007476036783089e+01
7.349867531339735471e+00
-3.312668782663953593e+00
0.000000000000000000e+00
2.257294181179201686e+01
2.178293124358824784e+01
0.000000000000000000e+00
2.127020752333282161e+01
0.000000000000000000e+00
1.926842803933159232e+01
0.000000000000000000e+00
0.000000000000000000e+00
1.165481657213667610e+01
9.274955784192709274e+00
2.947742714725739788e+00
6.072226897300800896e-01
0.000000000000000000e+00
0.000000000000000000e+00
0.000000000000000000e+00
5.634510148268984331e+00
0.000000000000000000e+00
-6.241629047531206176e+00
0.000000000000000000e+00
0.000000000000000000e+00
0.000000000000000000e+00
0.000000000000000000e+00
-1.062393403748461695e+00
0.000000000000000000e+00
1.860426057615835127e+00
0.000000000000000000e+00
0.000000000000000000e+00
2.456802049060303617e+01
0.000000000000000000e+00
1.235685114753378500e+01
1.926823092089188449e+01
8.282168019641794388e+00
0.000000000000000000e+00
0.000000000000000000e+00
0.000000000000000000e+00
0.000000000000000000e+00
0.000000000000000000e+00
0.000000000000000000e+00
0.000000000000000000e+00
0.000000000000000000e+00
0.000000000000000000e+00
1.664129968785656644e+01
0.000000000000000000e+00
2.765435413012945176e+01
5.836418826284043959e+00
0.000000000000000000e+00
0.000000000000000000e+00
0.000000000000000000e+00
0.000000000000000000e+00
5.379913633727053224e+00
2.456802049060303617e+01
0.000000000000000000e+00
1.860039720325692514e+01
1.901616064181514076e+01
0.000000000000000000e+00
0.000000000000000000e+00
0.000000000000000000e+00
0.000000000000000000e+00
0.000000000000000000e+00
4.838473096048849342e+00
7.619389681412589432e+00
1.958987424909273045e+01
9.355667874295479081e+00
2.357007476036783089e+01
0.000000000000000000e+00
0.000000000000000000e+00
0.000000000000000000e+00
-1.312044610620604068e-01
0.000000000000000000e+00
0.000000000000000000e+00
0.000000000000000000e+00
0.000000000000000000e+00
0.000000000000000000e+00
0.000000000000000000e+00
2.914292498129044784e+00
0.000000000000000000e+00
0.000000000000000000e+00
0.000000000000000000e+00
0.000000000000000000e+00
2.456802049060303617e+01
2.481529894919819768e+01
0.000000000000000000e+00
0.000000000000000000e+00
1.914292498129047893e+00
0.000000000000000000e+00
2.456802049060303617e+01
1.430790570236486126e+01
1.860039720325692514e+01
0.000000000000000000e+00
3.841340147473037536e+00
0.000000000000000000e+00
0.000000000000000000e+00
0.000000000000000000e+00
3.841340147473037536e+00
0.000000000000000000e+00
0.000000000000000000e+00
0.000000000000000000e+00
0.000000000000000000e+00
0.000000000000000000e+00
3.976958902617371283e+00
0.000000000000000000e+00
2.793379513042768281e+01
3.841340147473037536e+00
2.574621653381069297e+00
0.000000000000000000e+00
0.000000000000000000e+00
4.789067749702962673e-01
3.841340147473037536e+00
0.000000000000000000e+00
1.131092052307513462e+01
0.000000000000000000e+00
2.485058237661557534e+00
1.827200447134945804e+01
2.845129267871819856e+00
2.026842803933161363e+01
0.000000000000000000e+00
0.000000000000000000e+00
0.000000000000000000e+00
0.000000000000000000e+00
-5.271242240849747240e+00
1.566135574330501612e+01
-1.227250860376707831e+00
0.000000000000000000e+00
1.279532433817963266e+01
1.958987424909273045e+01
2.372231234899628660e+01
2.805870920563065951e+01
5.791330710883451083e-01
0.000000000000000000e+00
0.000000000000000000e+00
-6.151551458832050123e+00
0.000000000000000000e+00
1.084636309504486862e+00
3.533028896746189140e+00
0.000000000000000000e+00
0.000000000000000000e+00
0.000000000000000000e+00
2.357007476036783089e+01
0.000000000000000000e+00
0.000000000000000000e+00
0.000000000000000000e+00
5.836418826284043959e+00
2.531217585750928478e+01
5.942031616112665837e+00
2.157673093219078808e+01
5.917152886465104622e+00
1.191715288646512505e+01
0.000000000000000000e+00
4.099472520452239088e+00
1.471641197687711689e+01
6.271896318474261989e+00
0.000000000000000000e+00
2.170208838885564973e+01
-2.032998152510295586e+00
0.000000000000000000e+00
2.257294181179201686e+01
0.000000000000000000e+00
0.000000000000000000e+00
0.000000000000000000e+00
0.000000000000000000e+00
0.000000000000000000e+00
0.000000000000000000e+00
1.391071606611119016e+01
2.427200447134947581e+01
-5.613416841581555516e+00
0.000000000000000000e+00
2.926842803933162784e+01
-1.636537772481131192e+00
0.000000000000000000e+00
-7.471339502690590884e+00
-1.419604182993384889e+01
0.000000000000000000e+00
0.000000000000000000e+00
0.000000000000000000e+00
2.456802049060303617e+01
4.348965429828854923e+00
4.459596583030276840e+00
6.914292498129037234e+00
2.330391236681824907e+01
1.291249555011243899e+01
-7.416177458202895423e+00
2.799213403100781594e+00
-1.170761647598437705e+00
2.058244736500740757e+01
-1.286206304627159547e+01
6.584180328858732167e+00
2.365958523978853023e+01
2.970809235749277466e+00
0.000000000000000000e+00
0.000000000000000000e+00
0.000000000000000000e+00
0.000000000000000000e+00
2.766893652331932785e+01
0.000000000000000000e+00
0.000000000000000000e+00
0.000000000000000000e+00
1.006266689536076164e+01
5.836418826284043959e+00
2.456802049060303617e+01
0.000000000000000000e+00
0.000000000000000000e+00
0.000000000000000000e+00
0.000000000000000000e+00
2.264408263304563462e+01
8.927983575469539801e+00
0.000000000000000000e+00
0.000000000000000000e+00
2.157673093219078808e+01
1.092155086308284595e+01
6.950940437593589039e+00
-1.483716251705387457e+00
1.006266689536076164e+01
1.097526453282621439e+01
0.000000000000000000e+00
0.000000000000000000e+00
9.987246293811126163e-01
0.000000000000000000e+00
1.281665225291712673e+01
0.000000000000000000e+00
0.000000000000000000e+00
0.000000000000000000e+00
0.000000000000000000e+00
0.000000000000000000e+00
0.000000000000000000e+00
2.826852803933164537e+01
6.408378021518234213e+00
3.910716066111197708e+00
2.456802049060303617e+01
0.000000000000000000e+00
1.860039720325692514e+01
0.000000000000000000e+00
0.000000000000000000e+00
2.744742907375961494e+00
8.656647623502813360e-01
-1.312044610620604068e-01
0.000000000000000000e+00
0.000000000000000000e+00
0.000000000000000000e+00
2.157673093219078808e+01
0.000000000000000000e+00
0.000000000000000000e+00
-1.212422434527579540e+01
0.000000000000000000e+00
2.527020752333285358e+01
0.000000000000000000e+00
0.000000000000000000e+00
1.761471620813617633e+01
9.275510839144883946e+00
0.000000000000000000e+00
0.000000000000000000e+00
0.000000000000000000e+00
2.058244736500740757e+01
1.860039720325692514e+01
0.000000000000000000e+00
3.070702263435854285e+00
0.000000000000000000e+00
2.584180328858728615e+00
4.280090304184587802e-01
6.640935156294789365e+00
4.910716066111200817e+00
0.000000000000000000e+00
1.131217585750929366e+01
0.000000000000000000e+00
0.000000000000000000e+00
3.064700978468920667e+01
0.000000000000000000e+00
2.456802049060303617e+01
2.265435413012947663e+01
0.000000000000000000e+00
0.000000000000000000e+00
0.000000000000000000e+00
0.000000000000000000e+00
7.950940437593573051e+00
-6.908637901680364735e+00
0.000000000000000000e+00
-6.271430790014174139e-01
0.000000000000000000e+00
8.365841175080342751e+00
0.000000000000000000e+00
0.000000000000000000e+00
0.000000000000000000e+00
0.000000000000000000e+00
0.000000000000000000e+00
0.000000000000000000e+00
1.288740157805113817e+01
0.000000000000000000e+00
2.649443925059216109e+00
0.000000000000000000e+00
0.000000000000000000e+00
0.000000000000000000e+00
-2.118512218163808303e+00
0.000000000000000000e+00
1.471672701372303749e+01
0.000000000000000000e+00
6.735833687839265949e+00
7.144106087721500131e+00
0.000000000000000000e+00
0.000000000000000000e+00
1.191071606611121503e+01
0.000000000000000000e+00
0.000000000000000000e+00
1.157782102963816051e+01
7.496185933286083625e+00
0.000000000000000000e+00
2.279824841474267672e+01
1.850845700688444451e+00
0.000000000000000000e+00
1.186813886322394218e+01
1.327200007950819938e+01
1.860039720325692514e+01
0.000000000000000000e+00
0.000000000000000000e+00
4.407947127010377386e+00
1.430340344134578245e+01
0.000000000000000000e+00
0.000000000000000000e+00
0.000000000000000000e+00
1.663488609523878026e+01
-1.042069826437931113e+00
0.000000000000000000e+00
5.580703896840893741e+00
1.193682757882277956e+00
0.000000000000000000e+00
1.580703896840887079e+00
0.000000000000000000e+00
5.841803288587316123e-01
0.000000000000000000e+00
3.164733885944348302e+01
0.000000000000000000e+00
5.836418826284043959e+00
0.000000000000000000e+00
1.521379430358385498e+01
1.009337988087196791e+01
8.368778951425898782e+00
7.582383380842098397e+00
4.854767188093618735e+00
-6.132493853704131581e+00
0.000000000000000000e+00
3.587040717194795558e+00
0.000000000000000000e+00
0.000000000000000000e+00
-5.157531249628928727e+00
9.790926013554624774e+00
8.432361678536549832e+00
0.000000000000000000e+00
0.000000000000000000e+00
-1.002759004203438886e+00
0.000000000000000000e+00
0.000000000000000000e+00
0.000000000000000000e+00
0.000000000000000000e+00
9.657723288675178708e+00
2.357007476036783089e+01
0.000000000000000000e+00
0.000000000000000000e+00
0.000000000000000000e+00
0.000000000000000000e+00
0.000000000000000000e+00
-1.403947818627180544e+00
0.000000000000000000e+00
0.000000000000000000e+00
0.000000000000000000e+00
0.000000000000000000e+00
0.000000000000000000e+00
4.798691284106896937e+00
0.000000000000000000e+00
0.000000000000000000e+00
4.914292498129047004e+00
0.000000000000000000e+00
0.000000000000000000e+00
3.910716066111197708e+00
0.000000000000000000e+00
5.311210084997872727e+00
5.540391528008460353e-01
-3.404148229165104400e+00
0.000000000000000000e+00
-1.397431269273171184e+00
-2.086485901435799040e+00
0.000000000000000000e+00
2.534585419315268950e+01
0.000000000000000000e+00
0.000000000000000000e+00
0.000000000000000000e+00
0.000000000000000000e+00
2.031217585750923149e+01
0.000000000000000000e+00
0.000000000000000000e+00
2.916334106987406583e-01
1.839127689552229583e+01
0.000000000000000000e+00
0.000000000000000000e+00
0.000000000000000000e+00
0.000000000000000000e+00
0.000000000000000000e+00
2.058244736500740757e+01
0.000000000000000000e+00
0.000000000000000000e+00
4.838473096048849342e+00
0.000000000000000000e+00
0.000000000000000000e+00
0.000000000000000000e+00
0.000000000000000000e+00
2.127020752333282161e+01
1.470732126561914832e+01
-6.320966781229705234e+00
0.000000000000000000e+00
0.000000000000000000e+00
6.580603896840885980e+00
2.456802049060303617e+01
1.426839833568103444e+01
1.442437593756959480e+01
2.058244736500740757e+01
0.000000000000000000e+00
0.000000000000000000e+00
0.000000000000000000e+00
3.649693973847393469e+00
3.568583344905098897e+01
4.838473096048849342e+00
8.921550863082821081e+00
1.470647558790432541e+01
0.000000000000000000e+00
0.000000000000000000e+00
8.914292498129039899e+00
2.026842803933161363e+01
4.838473096048849342e+00
0.000000000000000000e+00
0.000000000000000000e+00
0.000000000000000000e+00
-5.843844921645217738e+00
0.000000000000000000e+00
0.000000000000000000e+00
0.000000000000000000e+00
5.219706784252607257e+00
1.664685900911759120e+01
0.000000000000000000e+00
4.912495550112419451e+00
0.000000000000000000e+00
1.551890729747980124e+01
-5.337214534981363778e-01
0.000000000000000000e+00
1.019395459507803992e+01
0.000000000000000000e+00
2.580574193190307231e+00
0.000000000000000000e+00
0.000000000000000000e+00
0.000000000000000000e+00
3.645070174599438051e+00
-6.032321169834521157e+00
1.376605497774835385e+01
-3.868634087404177802e+00
1.532738700100263785e+01
0.000000000000000000e+00
0.000000000000000000e+00
2.157673093219078808e+01
2.506613465210939040e+01
1.391137258310967795e+01
0.000000000000000000e+00
0.000000000000000000e+00
-1.312044610620604068e-01
7.580603896840879763e+00
0.000000000000000000e+00
1.186663099342939098e+01
0.000000000000000000e+00
0.000000000000000000e+00
0.000000000000000000e+00
0.000000000000000000e+00
1.469580337718644891e+01
1.914292498129047893e+00
-3.788362946449342239e+00
1.290250952662513839e+01
1.526908455633008010e+01
8.660495248143259772e+00
1.664313255013803072e+01
0.000000000000000000e+00
2.227486485968552898e+01
0.000000000000000000e+00
0.000000000000000000e+00
-2.576018081800996451e-01
-1.029369393567823643e+00
0.000000000000000000e+00
0.000000000000000000e+00
2.845129267871819856e+00
0.000000000000000000e+00
0.000000000000000000e+00
0.000000000000000000e+00
0.000000000000000000e+00
-3.381896862183015884e+00
0.000000000000000000e+00
0.000000000000000000e+00
0.000000000000000000e+00
0.000000000000000000e+00
2.929568297184282244e+00
2.901153825627594163e+00
0.000000000000000000e+00
0.000000000000000000e+00
-2.889680251929725774e+00
7.859892277381762327e+00
0.000000000000000000e+00
0.000000000000000000e+00
1.912495550112420784e+00
-4.152319373521399903e+00
2.357007476036783089e+01
5.836418826284043959e+00
0.000000000000000000e+00
0.000000000000000000e+00
2.518812006176816443e+00
2.727020752333287490e+01
-9.744529046427704344e+00
2.157673093219078808e+01
0.000000000000000000e+00
0.000000000000000000e+00
-8.862840372280840484e-02
0.000000000000000000e+00
9.510904342060079841e+00
0.000000000000000000e+00
1.958987424909273045e+01
0.000000000000000000e+00
0.000000000000000000e+00
0.000000000000000000e+00
0.000000000000000000e+00
0.000000000000000000e+00
8.442172369307895607e+00
1.075098464006059684e+00
2.280095241321750166e+01
5.388471873239924825e+00
0.000000000000000000e+00
0.000000000000000000e+00
0.000000000000000000e+00
0.000000000000000000e+00
6.410402449186373808e+00
0.000000000000000000e+00
0.000000000000000000e+00
2.257294181179201686e+01
0.000000000000000000e+00
2.456802049060303617e+01
-3.675453402611902343e-01
0.000000000000000000e+00
0.000000000000000000e+00
0.000000000000000000e+00
2.357007476036783089e+01
8.692457897208674567e+00
0.000000000000000000e+00
0.000000000000000000e+00
-7.448107629847759092e+00
0.000000000000000000e+00
0.000000000000000000e+00
0.000000000000000000e+00
0.000000000000000000e+00
0.000000000000000000e+00
0.000000000000000000e+00
6.655960502084858899e-01
1.753188515026927163e+01
0.000000000000000000e+00
0.000000000000000000e+00
6.921550863082821969e+00
2.845129267871819856e+00
0.000000000000000000e+00
0.000000000000000000e+00
2.026852803933161340e+01
0.000000000000000000e+00
6.204141221910638437e-01
1.890200371361145670e+01
0.000000000000000000e+00
0.000000000000000000e+00
-4.254687081059532083e+00
6.101849606465670206e-01
0.000000000000000000e+00
9.914292498129062992e+00
2.126842803933160653e+01
1.539275475434853213e+01
0.000000000000000000e+00
8.246798028561714844e+00
5.836418826284043959e+00
2.456802049060303617e+01
2.330970829840459757e+01
1.343850915148670389e+01
7.496050432611384151e-01
-2.291921961211960124e+01
0.000000000000000000e+00
-1.488849279675598680e+01
8.580703896840862654e+00
2.226839833568105220e+01
2.456802049060303617e+01
0.000000000000000000e+00
0.000000000000000000e+00
0.000000000000000000e+00
0.000000000000000000e+00
2.166893652331941311e+01
9.276633806147616568e+00
6.016889419060140298e+00
0.000000000000000000e+00
2.551628150386726190e+01
0.000000000000000000e+00
1.836218879198396436e+01
1.601816089065527393e+01
4.249640059450626062e+00
1.009715238510333180e+01
-1.225262661313824220e+00
0.000000000000000000e+00
0.000000000000000000e+00
0.000000000000000000e+00
0.000000000000000000e+00
0.000000000000000000e+00
0.000000000000000000e+00
0.000000000000000000e+00
0.000000000000000000e+00
0.000000000000000000e+00
1.691071606611118838e+01
-1.010288980272393333e+00
0.000000000000000000e+00
0.000000000000000000e+00
0.000000000000000000e+00
0.000000000000000000e+00
1.031628800446875616e+01
0.000000000000000000e+00
2.170208838885564973e+01
2.845129267871819856e+00
0.000000000000000000e+00
1.739090068421782576e+01
0.000000000000000000e+00
0.000000000000000000e+00
0.000000000000000000e+00
0.000000000000000000e+00
4.417215632237356360e+00
0.000000000000000000e+00
0.000000000000000000e+00
-1.045975837664703789e+01
9.373173921777652851e+00
-4.412959282805203109e+00
1.850845700688444451e+00
0.000000000000000000e+00
0.000000000000000000e+00
0.000000000000000000e+00
0.000000000000000000e+00
0.000000000000000000e+00
1.761471620813617633e+01
0.000000000000000000e+00
0.000000000000000000e+00
1.347908631405839053e+01
0.000000000000000000e+00
0.000000000000000000e+00
4.838473096048849342e+00
9.921550863082844174e+00
0.000000000000000000e+00
0.000000000000000000e+00
1.958987424909273045e+01
0.000000000000000000e+00
0.000000000000000000e+00
2.257294181179201686e+01
0.000000000000000000e+00
-1.103190422031090856e+00
0.000000000000000000e+00
0.000000000000000000e+00
0.000000000000000000e+00
2.456802049060303617e+01
8.581260413839347123e+00
0.000000000000000000e+00
0.000000000000000000e+00
5.927983575469543354e+00
0.000000000000000000e+00
2.257294181179201686e+01
0.000000000000000000e+00
0.000000000000000000e+00
0.000000000000000000e+00
-5.727700988762775225e+00
0.000000000000000000e+00
0.000000000000000000e+00
0.000000000000000000e+00
2.357007476036783089e+01
0.000000000000000000e+00
-6.467781965982617010e+00
0.000000000000000000e+00
0.000000000000000000e+00
-1.156933539502542985e+01
0.000000000000000000e+00
4.085650929933470898e+00
2.058244736500740757e+01
9.712465264813227250e+00
0.000000000000000000e+00
-7.496831346205307334e+00
2.936906818513230633e+01
-4.956294869157388483e+00
0.000000000000000000e+00
1.910716066111201039e+00
0.000000000000000000e+00
-4.374138700113620715e+00
1.626852803933163472e+01
0.000000000000000000e+00
2.257294181179201686e+01
0.000000000000000000e+00
0.000000000000000000e+00
0.000000000000000000e+00
0.000000000000000000e+00
0.000000000000000000e+00
1.577583151845159293e+01
7.859196366365647890e+00
2.493026719261816027e+01
-1.960458581130277933e+00
2.023419531209100342e+00
7.921550863082805982e+00
0.000000000000000000e+00
0.000000000000000000e+00
0.000000000000000000e+00
0.000000000000000000e+00
0.000000000000000000e+00
0.000000000000000000e+00
0.000000000000000000e+00
2.726839833568108773e+01
2.157673093219078808e+01
9.987169709116829885e-01
0.000000000000000000e+00
8.287601344382075297e+00
2.264269808575106069e+01
1.517333503693411245e+01
0.000000000000000000e+00
0.000000000000000000e+00
7.322140174646754041e+00
0.000000000000000000e+00
0.000000000000000000e+00
0.000000000000000000e+00
1.644744868679150818e+00
0.000000000000000000e+00
-7.333212080358377349e+00
0.000000000000000000e+00
0.000000000000000000e+00
-5.954278668007654263e-01
2.257294181179201686e+01
0.000000000000000000e+00
0.000000000000000000e+00
0.000000000000000000e+00
1.327200007950819938e+01
8.911372583109683276e+00
0.000000000000000000e+00
8.023393267906630655e+00
-1.737191039225100653e+00
2.587040717194792006e+00
6.393102800987548129e+00
0.000000000000000000e+00
0.000000000000000000e+00
0.000000000000000000e+00
0.000000000000000000e+00
-6.454236518116403865e+00
0.000000000000000000e+00
0.000000000000000000e+00
1.541972714640523456e+01
0.000000000000000000e+00
0.000000000000000000e+00
1.391071606611119016e+01
1.091249555011243899e+01
2.456802049060303617e+01
0.000000000000000000e+00
0.000000000000000000e+00
2.257294181179201686e+01
0.000000000000000000e+00
0.000000000000000000e+00
0.000000000000000000e+00
2.357007476036783089e+01
2.564875455078407995e+01
1.377423220574503127e+01
0.000000000000000000e+00
0.000000000000000000e+00
-8.346786086666463378e-01
0.000000000000000000e+00
0.000000000000000000e+00
0.000000000000000000e+00
2.058244736500740757e+01
0.000000000000000000e+00
0.000000000000000000e+00
1.165974844396038002e+01
1.186663099342939098e+01
0.000000000000000000e+00
2.058244736500740757e+01
-2.359625444733687072e+00
0.000000000000000000e+00
0.000000000000000000e+00
2.126842803933160653e+01
4.665024064766258860e+00
3.949050999672028439e+00
0.000000000000000000e+00
0.000000000000000000e+00
9.124955501124235591e-01
0.000000000000000000e+00
1.427020752333282694e+01
0.000000000000000000e+00
0.000000000000000000e+00
1.761471620813617633e+01
0.000000000000000000e+00
1.768803175778738535e+01
0.000000000000000000e+00
-4.104342036447913067e+00
-1.574761203011238120e+00
6.970486724536621104e+00
1.958987424909273045e+01
0.000000000000000000e+00
3.841340147473037536e+00
0.000000000000000000e+00
0.000000000000000000e+00
1.566135574330501612e+01
9.843437810310119440e-01
-4.973633558782339925e+00
0.000000000000000000e+00
4.838473096048849342e+00
0.000000000000000000e+00
2.865462384329183365e+01
0.000000000000000000e+00
8.582725847737767699e-01
0.000000000000000000e+00
1.281736716382803820e+01
9.581260413839356005e+00
-3.873045005885309422e+00
-1.696755306908161032e+01
1.850845700688444451e+00
0.000000000000000000e+00
0.000000000000000000e+00
0.000000000000000000e+00
5.978714061992326245e-01
1.189317446731646477e+01
0.000000000000000000e+00
0.000000000000000000e+00
0.000000000000000000e+00
0.000000000000000000e+00
1.707649435808767890e+01
0.000000000000000000e+00
0.000000000000000000e+00
0.000000000000000000e+00
3.597871406199233846e+00
1.663488609523878026e+01
0.000000000000000000e+00
-8.593255175260561263e-01
0.000000000000000000e+00
1.341972714640525233e+01
1.001726492563815896e+01
9.279835754695513472e-01
0.000000000000000000e+00
