2.058660132493839612e+01
0.000000000000000000e+00
0.000000000000000000e+00
1.427486485968551655e+01
-4.157298378419937716e-08
0.000000000000000000e+00
8.917152886465098405e+00
2.158148745010431568e+01
0.000000000000000000e+00
6.069847355353882312e-01
2.331388233707211555e+01
0.000000000000000000e+00
0.000000000000000000e+00
1.857150702466578540e+00
0.000000000000000000e+00
-2.203875928447870177e-04
-2.962059525784033106e-05
0.000000000000000000e+00
3.797725076081208684e-01
0.000000000000000000e+00
1.589555123178531915e+01
0.000000000000000000e+00
5.836107862339696695e+00
0.000000000000000000e+00
0.000000000000000000e+00
0.000000000000000000e+00
-1.260528852158233643e-05
1.762160142498701276e+01
0.000000000000000000e+00
0.000000000000000000e+00
1.935514361692395324e+00
5.484302275864231468e+00
0.000000000000000000e+00
0.000000000000000000e+00
0.000000000000000000e+00
0.000000000000000000e+00
0.000000000000000000e+00
2.065720614295947755e+01
0.000000000000000000e+00
9.824899213002346698e+00
0.000000000000000000e+00
2.669191899722067163e+01
2.257884539213224784e+01
0.000000000000000000e+00
2.257958716724770909e+01
1.115152743381435485e+01
0.000000000000000000e+00
4.911372583109686829e+00
0.000000000000000000e+00
0.000000000000000000e+00
3.844423350170163012e+00
0.000000000000000000e+00
6.531566139897134526e+00
0.000000000000000000e+00
2.526852803933163116e+01
2.627020752333285714e+01
0.000000000000000000e+00
0.000000000000000000e+00
0.000000000000000000e+00
0.000000000000000000e+00
0.000000000000000000e+00
0.000000000000000000e+00
6.910686362460620735e+00
0.000000000000000000e+00
1.664494284164995364e+01
0.000000000000000000e+00
0.000000000000000000e+00
0.000000000000000000e+00
5.910716066111196376e+00
0.000000000000000000e+00
2.456777040189286865e+01
2.357003761407936793e+01
0.000000000000000000e+00
0.000000000000000000e+00
0.000000000000000000e+00
0.000000000000000000e+00
1.767965357889027445e+01
5.297270633266353279e+00
0.000000000000000000e+00
0.000000000000000000e+00
0.000000000000000000e+00
0.000000000000000000e+00
0.000000000000000000e+00
0.000000000000000000e+00
0.000000000000000000e+00
1.440656450310464853e+00
0.000000000000000000e+00
-9.501992811591209628e-06
0.000000000000000000e+00
0.000000000000000000e+00
0.000000000000000000e+00
0.000000000000000000e+00
6.524446792408628681e+00
4.937334859000391596e+00
0.000000000000000000e+00
-5.015653957200486615e-05
0.000000000000000000e+00
0.000000000000000000e+00
0.000000000000000000e+00
0.000000000000000000e+00
1.427200381461146961e+01
3.607222689730083864e+00
4.937334859000391596e+00
0.000000000000000000e+00
1.552740242421285011e+01
1.031257910582133697e+01
2.667964692413614713e+01
2.065313288272270498e+01
0.000000000000000000e+00
1.194729972097782777e+01
4.024999862050840926e-01
0.000000000000000000e+00
0.000000000000000000e+00
0.000000000000000000e+00
2.357168666382760946e+01
0.000000000000000000e+00
1.474888443031146856e+01
1.665421165792239933e+01
0.000000000000000000e+00
0.000000000000000000e+00
0.000000000000000000e+00
1.326842803702857587e+01
0.000000000000000000e+00
2.850446810395255604e+00
1.591081606611122545e+01
2.456787516642291891e+01
1.765519193231848050e+01
2.058656580845571327e+01
0.000000000000000000e+00
2.058413767796488258e+01
0.000000000000000000e+00
2.257293717700700952e+01
1.051607189967006484e+01
1.345716859767606577e+00
0.000000000000000000e+00
0.000000000000000000e+00
2.198073323448686445e+00
5.631552504736980769e-01
0.000000000000000000e+00
-4.157298378419937716e-08
5.578755128144093689e+00
7.580703896840880418e+00
6.581504435030891997e+00
1.362991217692384360e+01
0.000000000000000000e+00
2.727020752333287490e+01
5.836418826284043959e+00
0.000000000000000000e+00
0.000000000000000000e+00
6.650667577125457974e+00
0.000000000000000000e+00
-9.501992811591209628e-06
0.000000000000000000e+00
2.357159317733509951e+01
0.000000000000000000e+00
0.000000000000000000e+00
0.000000000000000000e+00
1.512561376832851678e+01
0.000000000000000000e+00
0.000000000000000000e+00
1.035248457969519009e+01
6.881553323285531931e-01
2.357159759838169677e+01
7.349631094518087160e+00
0.000000000000000000e+00
0.000000000000000000e+00
2.257489485017741870e+01
2.176229443601798863e+01
0.000000000000000000e+00
2.127020752333282161e+01
0.000000000000000000e+00
1.926842803933159232e+01
0.000000000000000000e+00
0.000000000000000000e+00
1.165489079233797831e+01
9.274686928343518488e+00
2.927058359483171834e+00
6.072226897300800896e-01
0.000000000000000000e+00
0.000000000000000000e+00
0.000000000000000000e+00
5.067680240652928880e+00
0.000000000000000000e+00
-6.288419832098805285e-05
0.000000000000000000e+00
0.000000000000000000e+00
0.000000000000000000e+00
0.000000000000000000e+00
-2.962059525784033106e-05
0.000000000000000000e+00
2.864231918758933126e+00
0.000000000000000000e+00
0.000000000000000000e+00
2.456801439616395655e+01
0.000000000000000000e+00
1.212887026045105898e+01
1.914726889124563414e+01
8.286889187320255701e+00
0.000000000000000000e+00
0.000000000000000000e+00
0.000000000000000000e+00
0.000000000000000000e+00
0.000000000000000000e+00
0.000000000000000000e+00
0.000000000000000000e+00
0.000000000000000000e+00
0.000000000000000000e+00
1.664516411766302539e+01
0.000000000000000000e+00
2.765227908088393605e+01
5.837088113099228259e+00
0.000000000000000000e+00
0.000000000000000000e+00
0.000000000000000000e+00
0.000000000000000000e+00
5.379307677507098262e+00
2.456774708597587420e+01
0.000000000000000000e+00
1.860041480573352146e+01
1.903717322560298797e+01
-2.517037706664872903e-05
0.000000000000000000e+00
0.000000000000000000e+00
0.000000000000000000e+00
0.000000000000000000e+00
4.840089258716023579e+00
7.283955919769923071e+00
1.958978354290489321e+01
9.328775481937723768e+00
2.357003761407936793e+01
0.000000000000000000e+00
0.000000000000000000e+00
0.000000000000000000e+00
-1.009833179485002952e-01
0.000000000000000000e+00
0.000000000000000000e+00
0.000000000000000000e+00
0.000000000000000000e+00
0.000000000000000000e+00
0.000000000000000000e+00
7.594090415993272059e-01
0.000000000000000000e+00
0.000000000000000000e+00
0.000000000000000000e+00
8.603576737464272428e-01
2.473291815275299399e+01
2.478845056527285706e+01
0.000000000000000000e+00
0.000000000000000000e+00
3.346053324493917791e-01
0.000000000000000000e+00
2.456801031370927646e+01
1.364357144051304438e+01
1.871760972005001378e+01
0.000000000000000000e+00
3.844435944037150499e+00
0.000000000000000000e+00
0.000000000000000000e+00
0.000000000000000000e+00
3.842343776455704241e+00
0.000000000000000000e+00
0.000000000000000000e+00
0.000000000000000000e+00
0.000000000000000000e+00
0.000000000000000000e+00
4.013976982765209200e+00
0.000000000000000000e+00
2.790253464864834854e+01
3.841310459990427084e+00
3.000025392298062421e+00
0.000000000000000000e+00
0.000000000000000000e+00
1.026953812746013606e+00
3.841685976308194306e+00
0.000000000000000000e+00
1.131388233707213331e+01
0.000000000000000000e+00
2.559689838939667617e+00
1.827200447134945804e+01
2.847878211452120389e+00
2.026842803933161363e+01
0.000000000000000000e+00
0.000000000000000000e+00
0.000000000000000000e+00
0.000000000000000000e+00
-1.477871332844117732e-04
1.567530585138568178e+01
-6.288419832098805285e-05
0.000000000000000000e+00
1.280292466873324919e+01
1.960034036655557088e+01
2.371140605537328838e+01
2.800126312317562238e+01
5.158375917269452104e-01
0.000000000000000000e+00
0.000000000000000000e+00
7.251982070921457642e-04
0.000000000000000000e+00
2.556064975807227135e+00
3.350879788195829434e+00
0.000000000000000000e+00
0.000000000000000000e+00
0.000000000000000000e+00
2.357000724537939718e+01
0.000000000000000000e+00
0.000000000000000000e+00
0.000000000000000000e+00
5.836968327741471896e+00
2.531217585750928478e+01
2.456861626514303865e+01
2.158131435611062798e+01
5.917152886465104622e+00
1.191715288646512505e+01
0.000000000000000000e+00
4.160581868260078586e+00
1.485050041487254724e+01
6.970486724536621104e+00
0.000000000000000000e+00
2.170196867720220624e+01
-9.501992811591209628e-06
0.000000000000000000e+00
2.257744811110774918e+01
0.000000000000000000e+00
0.000000000000000000e+00
0.000000000000000000e+00
0.000000000000000000e+00
0.000000000000000000e+00
0.000000000000000000e+00
1.391071606611119016e+01
2.427200447134947581e+01
-1.260528852158233643e-05
0.000000000000000000e+00
2.926842803933162784e+01
4.011161443665228754e-01
0.000000000000000000e+00
0.000000000000000000e+00
-2.962059525784033106e-05
0.000000000000000000e+00
0.000000000000000000e+00
0.000000000000000000e+00
2.456799080312042349e+01
3.844507519480128366e+00
4.155478298480714372e+00
6.914292498129037234e+00
2.321428886629308863e+01
1.291249555011243899e+01
0.000000000000000000e+00
2.752173585725880223e+00
3.928192743536287335e-01
2.058558438669333057e+01
0.000000000000000000e+00
6.584180328858732167e+00
2.365790777902785180e+01
2.963368650466789322e+00
0.000000000000000000e+00
0.000000000000000000e+00
0.000000000000000000e+00
0.000000000000000000e+00
2.456862642795870855e+01
0.000000000000000000e+00
0.000000000000000000e+00
0.000000000000000000e+00
1.026724487183328094e+01
5.836145421656889098e+00
2.456791268005530426e+01
0.000000000000000000e+00
0.000000000000000000e+00
0.000000000000000000e+00
0.000000000000000000e+00
2.264415102334094243e+01
8.927983575469539801e+00
0.000000000000000000e+00
0.000000000000000000e+00
2.157969588108168679e+01
1.092155086308284595e+01
6.950940437593589039e+00
0.000000000000000000e+00
1.015733430739205900e+01
1.103782345901523065e+01
0.000000000000000000e+00
0.000000000000000000e+00
1.417043378743076731e+00
0.000000000000000000e+00
1.298742872010355676e+01
0.000000000000000000e+00
0.000000000000000000e+00
0.000000000000000000e+00
0.000000000000000000e+00
0.000000000000000000e+00
0.000000000000000000e+00
2.356994682848550937e+01
6.430806505624514280e+00
3.910716066111197708e+00
2.456856083873344332e+01
0.000000000000000000e+00
1.864083741189349652e+01
0.000000000000000000e+00
0.000000000000000000e+00
3.258053025899297683e+00
2.793155268458451523e+00
-5.220777123549661530e-02
0.000000000000000000e+00
6.873553323285531702e-01
0.000000000000000000e+00
2.158022910576555375e+01
0.000000000000000000e+00
0.000000000000000000e+00
-2.108792238652557106e-05
0.000000000000000000e+00
2.257396341324207967e+01
0.000000000000000000e+00
0.000000000000000000e+00
1.761857958778204747e+01
9.275482854484348394e+00
0.000000000000000000e+00
0.000000000000000000e+00
0.000000000000000000e+00
2.059620090660029135e+01
1.862213693308952855e+01
0.000000000000000000e+00
2.850312428630956685e+00
0.000000000000000000e+00
2.584180328858728615e+00
6.832034576693769568e-01
6.498898113362724160e+00
4.910716066111200817e+00
0.000000000000000000e+00
1.131217585750929366e+01
0.000000000000000000e+00
0.000000000000000000e+00
3.064649600533827822e+01
0.000000000000000000e+00
2.456877461321380096e+01
2.265227908088395381e+01
0.000000000000000000e+00
0.000000000000000000e+00
0.000000000000000000e+00
0.000000000000000000e+00
7.950940437593573051e+00
-4.157298378419937716e-08
0.000000000000000000e+00
7.009965114672274122e-01
0.000000000000000000e+00
8.381918925048685409e+00
0.000000000000000000e+00
0.000000000000000000e+00
0.000000000000000000e+00
0.000000000000000000e+00
0.000000000000000000e+00
0.000000000000000000e+00
1.284146760499873352e+01
0.000000000000000000e+00
2.663170934065226536e+00
0.000000000000000000e+00
0.000000000000000000e+00
0.000000000000000000e+00
5.527565424400265881e-01
0.000000000000000000e+00
1.503569381764030588e+01
0.000000000000000000e+00
7.298606869942031672e+00
1.972931273656341489e+01
0.000000000000000000e+00
0.000000000000000000e+00
1.191071606611121503e+01
0.000000000000000000e+00
0.000000000000000000e+00
1.158680468381473005e+01
7.409398163770387846e+00
0.000000000000000000e+00
2.279741331735813148e+01
1.852402244727125336e+00
0.000000000000000000e+00
1.185165902804902949e+01
1.327199774590074632e+01
1.862078960025419505e+01
0.000000000000000000e+00
0.000000000000000000e+00
4.407553088329571267e+00
1.431248591648067858e+01
0.000000000000000000e+00
0.000000000000000000e+00
0.000000000000000000e+00
1.664036036330963597e+01
-4.131610201951285356e-06
0.000000000000000000e+00
5.580703896840893741e+00
2.594842478427398902e+00
0.000000000000000000e+00
1.580703896840887079e+00
0.000000000000000000e+00
5.841803288587316123e-01
0.000000000000000000e+00
3.164731897234094760e+01
0.000000000000000000e+00
5.836734628225957344e+00
0.000000000000000000e+00
1.523513515930443774e+01
1.021386475497181756e+01
8.371294687926800648e+00
7.582383380842098397e+00
4.950940437593591703e+00
0.000000000000000000e+00
0.000000000000000000e+00
0.000000000000000000e+00
0.000000000000000000e+00
0.000000000000000000e+00
0.000000000000000000e+00
9.240480532990423157e+00
8.430772484845267201e+00
0.000000000000000000e+00
0.000000000000000000e+00
-6.288419832098805285e-05
0.000000000000000000e+00
0.000000000000000000e+00
0.000000000000000000e+00
0.000000000000000000e+00
9.649213572901123470e+00
2.357006530108668230e+01
0.000000000000000000e+00
0.000000000000000000e+00
0.000000000000000000e+00
0.000000000000000000e+00
0.000000000000000000e+00
-3.285013948244668264e-04
0.000000000000000000e+00
0.000000000000000000e+00
0.000000000000000000e+00
0.000000000000000000e+00
0.000000000000000000e+00
4.668822029675850693e+00
0.000000000000000000e+00
0.000000000000000000e+00
4.914292498129047004e+00
0.000000000000000000e+00
0.000000000000000000e+00
3.910716066111197708e+00
0.000000000000000000e+00
5.699284568692149833e+00
7.128690058261349938e-01
-2.962059525784033106e-05
0.000000000000000000e+00
5.699367974012253812e-01
2.830857870596413806e-01
0.000000000000000000e+00
2.523719096899507619e+01
0.000000000000000000e+00
-4.157298378419937716e-08
0.000000000000000000e+00
0.000000000000000000e+00
2.031217585750923149e+01
0.000000000000000000e+00
0.000000000000000000e+00
2.865325088048764623e-01
1.838955045519097098e+01
0.000000000000000000e+00
0.000000000000000000e+00
0.000000000000000000e+00
0.000000000000000000e+00
0.000000000000000000e+00
2.058653232356369500e+01
0.000000000000000000e+00
0.000000000000000000e+00
4.838400317484291335e+00
0.000000000000000000e+00
0.000000000000000000e+00
0.000000000000000000e+00
0.000000000000000000e+00
2.127020752333282161e+01
1.506306619005885672e+01
5.934949190510555583e-01
0.000000000000000000e+00
0.000000000000000000e+00
6.580603896840885980e+00
2.456781592812444259e+01
1.426839738484451381e+01
2.375479006824183870e+01
2.058417180950058167e+01
0.000000000000000000e+00
0.000000000000000000e+00
0.000000000000000000e+00
4.135149810782968061e+00
3.568467182325935738e+01
4.838339485756821823e+00
8.921550863082821081e+00
1.496616899542608792e+01
0.000000000000000000e+00
0.000000000000000000e+00
8.914292498129039899e+00
2.026842803933161363e+01
4.838218169143686076e+00
0.000000000000000000e+00
0.000000000000000000e+00
0.000000000000000000e+00
2.439323882798850596e-01
0.000000000000000000e+00
0.000000000000000000e+00
0.000000000000000000e+00
5.191696604716165453e+00
1.664881865397527605e+01
0.000000000000000000e+00
4.912495550112419451e+00
0.000000000000000000e+00
2.817109375845920383e+01
3.833725076081207495e-01
0.000000000000000000e+00
1.091429249812906654e+01
0.000000000000000000e+00
2.580574193190307231e+00
0.000000000000000000e+00
0.000000000000000000e+00
0.000000000000000000e+00
3.642705281583380472e+00
0.000000000000000000e+00
1.377056878952458874e+01
7.237966070224172155e-01
1.532590920747574081e+01
0.000000000000000000e+00
0.000000000000000000e+00
2.158520510497767830e+01
2.496753769257115607e+01
1.391137258310967795e+01
0.000000000000000000e+00
0.000000000000000000e+00
-1.187292932695293568e-01
7.580603896840879763e+00
0.000000000000000000e+00
1.189081685708839942e+01
0.000000000000000000e+00
0.000000000000000000e+00
0.000000000000000000e+00
0.000000000000000000e+00
1.469865805802858461e+01
1.914292400098160263e+00
0.000000000000000000e+00
1.354232191136675745e+01
1.526908402672844289e+01
8.642587891084144047e+00
1.670333432343042546e+01
0.000000000000000000e+00
2.227486485968552898e+01
0.000000000000000000e+00
0.000000000000000000e+00
-1.604216855315972963e-07
0.000000000000000000e+00
0.000000000000000000e+00
0.000000000000000000e+00
2.844983889289855572e+00
0.000000000000000000e+00
0.000000000000000000e+00
0.000000000000000000e+00
0.000000000000000000e+00
0.000000000000000000e+00
0.000000000000000000e+00
0.000000000000000000e+00
0.000000000000000000e+00
0.000000000000000000e+00
2.761622074144605143e+00
3.084824844810129640e+00
0.000000000000000000e+00
0.000000000000000000e+00
-9.803088847058633622e-08
7.850813894855366293e+00
0.000000000000000000e+00
0.000000000000000000e+00
-1.364039310548125168e-05
-1.613421858944950296e-04
2.357525561658081870e+01
5.836404642773389106e+00
0.000000000000000000e+00
0.000000000000000000e+00
2.590338460159248513e+00
2.727020752333287490e+01
0.000000000000000000e+00
2.158446415527362916e+01
0.000000000000000000e+00
0.000000000000000000e+00
1.038980164802524753e+00
0.000000000000000000e+00
9.429091267744277971e+00
0.000000000000000000e+00
1.960457215042985268e+01
0.000000000000000000e+00
0.000000000000000000e+00
0.000000000000000000e+00
0.000000000000000000e+00
0.000000000000000000e+00
1.672543928577504957e+01
2.139468309620374598e+00
2.279603612300752857e+01
5.389451942314669175e+00
0.000000000000000000e+00
0.000000000000000000e+00
5.934218778333510969e-01
0.000000000000000000e+00
6.410960951403432695e+00
0.000000000000000000e+00
0.000000000000000000e+00
2.257290504703503231e+01
0.000000000000000000e+00
2.456787108396823882e+01
-2.316859779669822856e-07
0.000000000000000000e+00
0.000000000000000000e+00
0.000000000000000000e+00
2.357004884794930533e+01
8.682716362989360448e+00
0.000000000000000000e+00
0.000000000000000000e+00
0.000000000000000000e+00
0.000000000000000000e+00
0.000000000000000000e+00
0.000000000000000000e+00
0.000000000000000000e+00
0.000000000000000000e+00
0.000000000000000000e+00
5.959218778333511546e-01
1.750570072809705735e+01
0.000000000000000000e+00
0.000000000000000000e+00
6.921550863082821969e+00
2.846213936120840504e+00
0.000000000000000000e+00
0.000000000000000000e+00
2.026852803933161340e+01
0.000000000000000000e+00
8.742968036446542301e-01
1.885634917629184670e+01
0.000000000000000000e+00
0.000000000000000000e+00
-5.534615910889855025e-05
8.737450275789804266e-01
0.000000000000000000e+00
9.914292498129062992e+00
2.126842803933160653e+01
1.540298365300375139e+01
0.000000000000000000e+00
8.324311323894873382e+00
5.836985356329488006e+00
2.456793711409814307e+01
2.326842803933161008e+01
2.269579055449961658e+01
2.456866933798704267e+01
-2.108792238652557106e-05
0.000000000000000000e+00
-5.534615910889855025e-05
8.580703896840862654e+00
2.226839833568105220e+01
2.456801439616395655e+01
0.000000000000000000e+00
0.000000000000000000e+00
0.000000000000000000e+00
0.000000000000000000e+00
2.166881687864028905e+01
9.277583632480464360e+00
5.886844866456861780e+00
0.000000000000000000e+00
2.551518710914545807e+01
0.000000000000000000e+00
1.835867704824374513e+01
1.594511914749573300e+01
4.162318244820598423e+00
1.010784171267079046e+01
0.000000000000000000e+00
0.000000000000000000e+00
0.000000000000000000e+00
-4.157298378419937716e-08
0.000000000000000000e+00
0.000000000000000000e+00
0.000000000000000000e+00
0.000000000000000000e+00
0.000000000000000000e+00
0.000000000000000000e+00
1.691071606611118838e+01
-5.534615910889855025e-05
0.000000000000000000e+00
0.000000000000000000e+00
0.000000000000000000e+00
0.000000000000000000e+00
1.029290991074591055e+01
0.000000000000000000e+00
2.170106079203216609e+01
2.847517676720710433e+00
0.000000000000000000e+00
1.738955045519097453e+01
0.000000000000000000e+00
0.000000000000000000e+00
0.000000000000000000e+00
0.000000000000000000e+00
4.435135065702316304e+00
0.000000000000000000e+00
0.000000000000000000e+00
0.000000000000000000e+00
9.373164151810112088e+00
0.000000000000000000e+00
1.850734396323609365e+00
0.000000000000000000e+00
0.000000000000000000e+00
0.000000000000000000e+00
0.000000000000000000e+00
0.000000000000000000e+00
1.783054667235879265e+01
0.000000000000000000e+00
0.000000000000000000e+00
1.347898185567114027e+01
0.000000000000000000e+00
0.000000000000000000e+00
4.838381084021978751e+00
9.921550863082844174e+00
0.000000000000000000e+00
0.000000000000000000e+00
1.959422274415999254e+01
0.000000000000000000e+00
0.000000000000000000e+00
2.257282339454371822e+01
0.000000000000000000e+00
5.491403505248902348e-03
0.000000000000000000e+00
0.000000000000000000e+00
0.000000000000000000e+00
2.456861418975491773e+01
8.581260413839347123e+00
0.000000000000000000e+00
0.000000000000000000e+00
5.927983575469543354e+00
0.000000000000000000e+00
2.257589197591358499e+01
0.000000000000000000e+00
0.000000000000000000e+00
0.000000000000000000e+00
8.478594578680543892e-01
0.000000000000000000e+00
0.000000000000000000e+00
0.000000000000000000e+00
2.356985601187268742e+01
0.000000000000000000e+00
-1.260528852158233643e-05
0.000000000000000000e+00
4.071036268729346652e-01
0.000000000000000000e+00
0.000000000000000000e+00
3.052463055358361377e+00
2.058940462365889346e+01
9.722365008060283031e+00
0.000000000000000000e+00
-4.157298378419937716e-08
2.924098180268084946e+01
0.000000000000000000e+00
0.000000000000000000e+00
1.910716024538217317e+00
0.000000000000000000e+00
-3.285013948244668264e-04
1.626852799775864966e+01
0.000000000000000000e+00
2.128569554868995795e+01
0.000000000000000000e+00
0.000000000000000000e+00
0.000000000000000000e+00
0.000000000000000000e+00
0.000000000000000000e+00
1.664616367076501646e+01
7.477018669677349294e+00
2.486934419666257057e+01
7.153690058261349405e-01
3.231601180996160672e+00
7.921550863082805982e+00
0.000000000000000000e+00
0.000000000000000000e+00
0.000000000000000000e+00
0.000000000000000000e+00
0.000000000000000000e+00
0.000000000000000000e+00
0.000000000000000000e+00
2.726839833568108773e+01
2.158504668456751219e+01
9.987368542739064603e-01
0.000000000000000000e+00
8.287662895673250318e+00
2.264269808575106069e+01
1.507818404966285719e+01
0.000000000000000000e+00
0.000000000000000000e+00
7.322125879160645390e+00
0.000000000000000000e+00
0.000000000000000000e+00
0.000000000000000000e+00
1.493722990653344684e+00
0.000000000000000000e+00
5.054017862330113520e-01
0.000000000000000000e+00
0.000000000000000000e+00
-5.015653957200486615e-05
2.257563568988150493e+01
0.000000000000000000e+00
0.000000000000000000e+00
1.581260413839373991e+00
1.327199774590074632e+01
8.911372583109683276e+00
0.000000000000000000e+00
7.781130759444886635e+00
7.742661412418317957e-01
0.000000000000000000e+00
1.871974529873171988e+01
0.000000000000000000e+00
0.000000000000000000e+00
0.000000000000000000e+00
0.000000000000000000e+00
4.605757631462423785e-01
0.000000000000000000e+00
0.000000000000000000e+00
1.541064270568701389e+01
0.000000000000000000e+00
0.000000000000000000e+00
1.391071606611119016e+01
1.091249555011243899e+01
2.456801730982935084e+01
0.000000000000000000e+00
0.000000000000000000e+00
2.227926283630324988e+01
0.000000000000000000e+00
0.000000000000000000e+00
0.000000000000000000e+00
2.357003715252620779e+01
2.564873132669634614e+01
1.369977944457288288e+01
0.000000000000000000e+00
0.000000000000000000e+00
5.631552504736980769e-01
0.000000000000000000e+00
0.000000000000000000e+00
0.000000000000000000e+00
2.058453808862079271e+01
0.000000000000000000e+00
0.000000000000000000e+00
1.161312302043562816e+01
1.188619339672516872e+01
0.000000000000000000e+00
2.058314714763359987e+01
-2.359625444733687072e+00
0.000000000000000000e+00
0.000000000000000000e+00
2.126842803933160653e+01
4.699728828582207640e+00
4.064625418886629760e+00
0.000000000000000000e+00
0.000000000000000000e+00
9.124955501124235591e-01
0.000000000000000000e+00
1.427020752102978030e+01
0.000000000000000000e+00
0.000000000000000000e+00
1.762445728049547355e+01
0.000000000000000000e+00
1.768721682634743786e+01
0.000000000000000000e+00
4.367568429384941497e-01
-4.157298378419937716e-08
6.970486724536621104e+00
1.961983154925343342e+01
0.000000000000000000e+00
3.841217647770058807e+00
0.000000000000000000e+00
0.000000000000000000e+00
1.567384174299894006e+01
9.427749488640149167e-01
0.000000000000000000e+00
0.000000000000000000e+00
4.838435488207219137e+00
0.000000000000000000e+00
2.865307705750159784e+01
0.000000000000000000e+00
-4.157298378419937716e-08
0.000000000000000000e+00
1.327486046784425788e+01
9.581260413839356005e+00
0.000000000000000000e+00
-4.157298378419937716e-08
0.000000000000000000e+00
0.000000000000000000e+00
0.000000000000000000e+00
0.000000000000000000e+00
5.978714061992326245e-01
1.128027025437053155e+01
0.000000000000000000e+00
0.000000000000000000e+00
0.000000000000000000e+00
0.000000000000000000e+00
1.709662301156623698e+01
0.000000000000000000e+00
0.000000000000000000e+00
0.000000000000000000e+00
0.000000000000000000e+00
1.663949323914972922e+01
0.000000000000000000e+00
0.000000000000000000e+00
0.000000000000000000e+00
1.341064270568702810e+01
9.763882858517174412e+00
0.000000000000000000e+00
0.000000000000000000e+00
