2.058241147640953983e+01
0.000000000000000000e+00
0.000000000000000000e+00
1.427486485968551655e+01
0.000000000000000000e+00
0.000000000000000000e+00
2.845129267871819856e+00
2.157671737713817706e+01
0.000000000000000000e+00
0.000000000000000000e+00
4.810924985348312255e+00
0.000000000000000000e+00
0.000000000000000000e+00
1.850845700688444451e+00
0.000000000000000000e+00
0.000000000000000000e+00
0.000000000000000000e+00
0.000000000000000000e+00
0.000000000000000000e+00
0.000000000000000000e+00
1.009681148565474551e+01
0.000000000000000000e+00
5.836418826284043959e+00
0.000000000000000000e+00
0.000000000000000000e+00
0.000000000000000000e+00
0.000000000000000000e+00
1.761463093088357823e+01
0.000000000000000000e+00
0.000000000000000000e+00
1.850845700688444451e+00
3.841340147473037536e+00
0.000000000000000000e+00
0.000000000000000000e+00
0.000000000000000000e+00
0.000000000000000000e+00
0.000000000000000000e+00
2.058241147640953983e+01
0.000000000000000000e+00
6.778264515030168802e+00
0.000000000000000000e+00
2.257292825673940584e+01
2.257292825673940584e+01
0.000000000000000000e+00
2.257292825673940584e+01
1.095949568990912226e+01
0.000000000000000000e+00
-4.035798287132499773e+00
0.000000000000000000e+00
0.000000000000000000e+00
3.841340147473037536e+00
0.000000000000000000e+00
4.579750611059457910e+00
0.000000000000000000e+00
2.526852803933163116e+01
2.627020752333285714e+01
0.000000000000000000e+00
0.000000000000000000e+00
0.000000000000000000e+00
0.000000000000000000e+00
0.000000000000000000e+00
0.000000000000000000e+00
-4.992484117135346899e+00
0.000000000000000000e+00
1.663484977001779797e+01
0.000000000000000000e+00
0.000000000000000000e+00
0.000000000000000000e+00
-4.992484117135346899e+00
0.000000000000000000e+00
2.456802049060303617e+01
2.357007476036783089e+01
0.000000000000000000e+00
0.000000000000000000e+00
0.000000000000000000e+00
0.000000000000000000e+00
1.566397746889649767e+01
5.293821410739226963e+00
0.000000000000000000e+00
0.000000000000000000e+00
0.000000000000000000e+00
0.000000000000000000e+00
0.000000000000000000e+00
0.000000000000000000e+00
0.000000000000000000e+00
0.000000000000000000e+00
0.000000000000000000e+00
0.000000000000000000e+00
0.000000000000000000e+00
0.000000000000000000e+00
0.000000000000000000e+00
0.000000000000000000e+00
5.824264885944758774e-01
1.850845700688444451e+00
0.000000000000000000e+00
0.000000000000000000e+00
0.000000000000000000e+00
0.000000000000000000e+00
0.000000000000000000e+00
0.000000000000000000e+00
1.427200447134945804e+01
0.000000000000000000e+00
1.850845700688444451e+00
0.000000000000000000e+00
4.384293351183414345e+00
2.421229894463924615e-01
2.456802049060303617e+01
1.566397746889649767e+01
0.000000000000000000e+00
1.187206098754395001e+01
0.000000000000000000e+00
0.000000000000000000e+00
0.000000000000000000e+00
0.000000000000000000e+00
2.357007476036783089e+01
0.000000000000000000e+00
1.469557830474811766e+01
1.663799288789909170e+01
0.000000000000000000e+00
0.000000000000000000e+00
0.000000000000000000e+00
1.326842705249912946e+01
0.000000000000000000e+00
2.845129267871819856e+00
5.836418826284043959e+00
2.456802049060303617e+01
1.761444756409299828e+01
2.058241147640953983e+01
0.000000000000000000e+00
2.058243380995479654e+01
0.000000000000000000e+00
2.257294181179201686e+01
1.007168789185040936e+01
0.000000000000000000e+00
0.000000000000000000e+00
0.000000000000000000e+00
0.000000000000000000e+00
0.000000000000000000e+00
0.000000000000000000e+00
0.000000000000000000e+00
1.931531148265572817e+00
-4.399247645398386197e+00
1.120627484222949555e+00
1.280219480241189878e+01
0.000000000000000000e+00
2.727020752333287490e+01
5.836418826284043959e+00
0.000000000000000000e+00
0.000000000000000000e+00
6.403403583156218382e+00
0.000000000000000000e+00
0.000000000000000000e+00
0.000000000000000000e+00
2.357007476036783089e+01
0.000000000000000000e+00
0.000000000000000000e+00
0.000000000000000000e+00
1.470064527304479185e+01
0.000000000000000000e+00
0.000000000000000000e+00
1.683243020911938670e+00
0.000000000000000000e+00
2.357006120531521987e+01
4.774946658603722582e-01
0.000000000000000000e+00
0.000000000000000000e+00
2.257292825673940584e+01
1.280912331145050764e+01
0.000000000000000000e+00
2.127020752333282161e+01
0.000000000000000000e+00
1.926842803933159232e+01
0.000000000000000000e+00
0.000000000000000000e+00
6.396296702683709867e+00
9.274948741361141558e+00
2.878252791790551601e+00
0.000000000000000000e+00
0.000000000000000000e+00
0.000000000000000000e+00
0.000000000000000000e+00
4.773713311502702616e+00
0.000000000000000000e+00
0.000000000000000000e+00
0.000000000000000000e+00
0.000000000000000000e+00
0.000000000000000000e+00
0.000000000000000000e+00
0.000000000000000000e+00
0.000000000000000000e+00
4.138247557985469949e-01
0.000000000000000000e+00
0.000000000000000000e+00
2.456802049060303617e+01
0.000000000000000000e+00
8.377563552420722814e+00
1.566397746889649767e+01
8.282083263723745148e+00
0.000000000000000000e+00
0.000000000000000000e+00
0.000000000000000000e+00
0.000000000000000000e+00
0.000000000000000000e+00
0.000000000000000000e+00
0.000000000000000000e+00
0.000000000000000000e+00
0.000000000000000000e+00
1.663463090740172845e+01
0.000000000000000000e+00
2.157669504359292034e+01
5.836418826284043959e+00
0.000000000000000000e+00
0.000000000000000000e+00
0.000000000000000000e+00
0.000000000000000000e+00
3.753788334536794502e-01
2.456802049060303617e+01
0.000000000000000000e+00
1.860025015166553075e+01
1.860031408721006230e+01
0.000000000000000000e+00
0.000000000000000000e+00
0.000000000000000000e+00
0.000000000000000000e+00
0.000000000000000000e+00
4.838473096048849342e+00
7.302025951419079064e+00
1.958979113304586761e+01
8.366713262504749338e+00
2.357007476036783089e+01
0.000000000000000000e+00
0.000000000000000000e+00
0.000000000000000000e+00
-1.312044610620604068e-01
0.000000000000000000e+00
0.000000000000000000e+00
0.000000000000000000e+00
0.000000000000000000e+00
0.000000000000000000e+00
0.000000000000000000e+00
0.000000000000000000e+00
0.000000000000000000e+00
0.000000000000000000e+00
0.000000000000000000e+00
8.582725847737767699e-01
2.456802049060303617e+01
1.374886869684084090e+01
0.000000000000000000e+00
0.000000000000000000e+00
0.000000000000000000e+00
0.000000000000000000e+00
2.456802049060303617e+01
1.374278298189298653e+01
1.860025015166553075e+01
0.000000000000000000e+00
3.841340147473037536e+00
0.000000000000000000e+00
0.000000000000000000e+00
0.000000000000000000e+00
3.841340147473037536e+00
0.000000000000000000e+00
0.000000000000000000e+00
0.000000000000000000e+00
0.000000000000000000e+00
0.000000000000000000e+00
4.775798059902311432e-01
0.000000000000000000e+00
2.257292825673940584e+01
3.841340147473037536e+00
0.000000000000000000e+00
0.000000000000000000e+00
0.000000000000000000e+00
0.000000000000000000e+00
3.841340147473037536e+00
0.000000000000000000e+00
2.428157024607332293e+00
0.000000000000000000e+00
-3.690492814062368103e-05
1.827200447134945804e+01
2.845129267871819856e+00
2.026842803933161363e+01
0.000000000000000000e+00
0.000000000000000000e+00
0.000000000000000000e+00
0.000000000000000000e+00
0.000000000000000000e+00
1.566398926067274822e+01
0.000000000000000000e+00
0.000000000000000000e+00
1.279528801060157406e+01
1.958983836049486271e+01
2.357006120531521987e+01
2.357006120531521987e+01
3.201978825021239428e-01
0.000000000000000000e+00
0.000000000000000000e+00
0.000000000000000000e+00
0.000000000000000000e+00
0.000000000000000000e+00
2.347700163098624948e+00
0.000000000000000000e+00
0.000000000000000000e+00
0.000000000000000000e+00
2.357006120531521987e+01
0.000000000000000000e+00
0.000000000000000000e+00
0.000000000000000000e+00
5.836418826284043959e+00
5.976809258931607971e+00
2.456802049060303617e+01
2.157669504359292034e+01
9.329331084463420298e-01
5.836418826284043959e+00
0.000000000000000000e+00
3.800846063014854614e+00
1.469769012751813264e+01
5.836418826284043959e+00
0.000000000000000000e+00
2.058241147640953983e+01
0.000000000000000000e+00
0.000000000000000000e+00
2.257292825673940584e+01
0.000000000000000000e+00
0.000000000000000000e+00
0.000000000000000000e+00
0.000000000000000000e+00
0.000000000000000000e+00
0.000000000000000000e+00
2.845129267871819856e+00
2.427200447134947581e+01
0.000000000000000000e+00
0.000000000000000000e+00
2.926842803933162784e+01
0.000000000000000000e+00
0.000000000000000000e+00
0.000000000000000000e+00
0.000000000000000000e+00
0.000000000000000000e+00
0.000000000000000000e+00
0.000000000000000000e+00
2.456802049060303617e+01
2.640791336026772296e+00
4.054615858266768846e+00
-1.312044610620604068e-01
2.326839833568103089e+01
4.838473096048849342e+00
0.000000000000000000e+00
2.427126101226781074e+00
0.000000000000000000e+00
2.058241147640953983e+01
0.000000000000000000e+00
-4.977859182515443237e+00
1.958978669690036867e+01
2.899466002093233019e+00
0.000000000000000000e+00
0.000000000000000000e+00
0.000000000000000000e+00
0.000000000000000000e+00
2.456802049060303617e+01
0.000000000000000000e+00
0.000000000000000000e+00
0.000000000000000000e+00
1.006706692968641015e+01
5.836418826284043959e+00
2.456802049060303617e+01
0.000000000000000000e+00
0.000000000000000000e+00
0.000000000000000000e+00
0.000000000000000000e+00
1.374864926827914324e+01
4.838473096048849342e+00
0.000000000000000000e+00
0.000000000000000000e+00
2.157669504359292034e+01
5.836418826284043959e+00
4.838473096048849342e+00
0.000000000000000000e+00
1.007211821319475931e+01
1.097017075482582094e+01
0.000000000000000000e+00
0.000000000000000000e+00
0.000000000000000000e+00
0.000000000000000000e+00
1.279640064195808691e+01
0.000000000000000000e+00
0.000000000000000000e+00
0.000000000000000000e+00
0.000000000000000000e+00
0.000000000000000000e+00
0.000000000000000000e+00
2.357006120531521987e+01
3.841340147473037536e+00
-6.864970670889584348e+00
2.456802049060303617e+01
0.000000000000000000e+00
1.860036131465906095e+01
0.000000000000000000e+00
0.000000000000000000e+00
0.000000000000000000e+00
6.931618827215894063e-01
-1.312044610620604068e-01
0.000000000000000000e+00
0.000000000000000000e+00
0.000000000000000000e+00
2.157669504359292034e+01
0.000000000000000000e+00
0.000000000000000000e+00
0.000000000000000000e+00
0.000000000000000000e+00
2.527020752333285358e+01
0.000000000000000000e+00
0.000000000000000000e+00
1.761468031953830859e+01
9.275493534052163369e+00
0.000000000000000000e+00
0.000000000000000000e+00
0.000000000000000000e+00
2.058241147640953983e+01
1.860036131465906095e+01
0.000000000000000000e+00
1.498600013054908198e+00
0.000000000000000000e+00
0.000000000000000000e+00
0.000000000000000000e+00
2.828385510336383746e+00
-5.936277326139314248e+00
0.000000000000000000e+00
2.492784204455157082e-01
0.000000000000000000e+00
0.000000000000000000e+00
2.826839833568107707e+01
0.000000000000000000e+00
2.456802049060303617e+01
1.663822992926957411e+01
0.000000000000000000e+00
0.000000000000000000e+00
0.000000000000000000e+00
0.000000000000000000e+00
5.836418826284043959e+00
0.000000000000000000e+00
0.000000000000000000e+00
0.000000000000000000e+00
0.000000000000000000e+00
8.347083931881083885e+00
0.000000000000000000e+00
0.000000000000000000e+00
0.000000000000000000e+00
0.000000000000000000e+00
0.000000000000000000e+00
0.000000000000000000e+00
6.786457581817035845e+00
0.000000000000000000e+00
3.794534597041021029e-01
0.000000000000000000e+00
0.000000000000000000e+00
0.000000000000000000e+00
0.000000000000000000e+00
0.000000000000000000e+00
1.470024643937907172e+01
0.000000000000000000e+00
6.425785621308236273e+00
1.958979113304586761e+01
0.000000000000000000e+00
0.000000000000000000e+00
8.582725847737767699e-01
0.000000000000000000e+00
0.000000000000000000e+00
1.097729618898446624e+01
6.018825498769796667e+00
0.000000000000000000e+00
1.566389991255498693e+01
1.850845700688444451e+00
0.000000000000000000e+00
1.095888468943422112e+01
1.327197577500015235e+01
1.860031408721006230e+01
0.000000000000000000e+00
0.000000000000000000e+00
3.328352734448555839e-01
2.743961407683560338e+00
0.000000000000000000e+00
0.000000000000000000e+00
0.000000000000000000e+00
1.663463090740172845e+01
0.000000000000000000e+00
0.000000000000000000e+00
0.000000000000000000e+00
7.592141536563156157e-01
0.000000000000000000e+00
0.000000000000000000e+00
0.000000000000000000e+00
0.000000000000000000e+00
0.000000000000000000e+00
2.926842803933162784e+01
0.000000000000000000e+00
5.836418826284043959e+00
0.000000000000000000e+00
1.470064527304479185e+01
1.006610948513654868e+01
3.841340147473037536e+00
0.000000000000000000e+00
2.845129267871819856e+00
0.000000000000000000e+00
0.000000000000000000e+00
0.000000000000000000e+00
0.000000000000000000e+00
0.000000000000000000e+00
0.000000000000000000e+00
5.580468459390049318e+00
1.043187105152565186e+00
0.000000000000000000e+00
0.000000000000000000e+00
0.000000000000000000e+00
0.000000000000000000e+00
0.000000000000000000e+00
0.000000000000000000e+00
0.000000000000000000e+00
3.841340147473037536e+00
2.357006120531521987e+01
0.000000000000000000e+00
0.000000000000000000e+00
0.000000000000000000e+00
0.000000000000000000e+00
0.000000000000000000e+00
0.000000000000000000e+00
0.000000000000000000e+00
0.000000000000000000e+00
0.000000000000000000e+00
0.000000000000000000e+00
0.000000000000000000e+00
1.533289007567539830e+00
0.000000000000000000e+00
0.000000000000000000e+00
-2.096715569080233710e+00
0.000000000000000000e+00
0.000000000000000000e+00
0.000000000000000000e+00
0.000000000000000000e+00
5.292064803370965187e+00
0.000000000000000000e+00
0.000000000000000000e+00
0.000000000000000000e+00
0.000000000000000000e+00
0.000000000000000000e+00
0.000000000000000000e+00
2.257292825673940584e+01
0.000000000000000000e+00
0.000000000000000000e+00
0.000000000000000000e+00
0.000000000000000000e+00
2.355265464516634211e+00
0.000000000000000000e+00
0.000000000000000000e+00
2.598561984475678543e-01
5.411009141779892673e+00
0.000000000000000000e+00
0.000000000000000000e+00
0.000000000000000000e+00
0.000000000000000000e+00
0.000000000000000000e+00
2.058241147640953983e+01
0.000000000000000000e+00
0.000000000000000000e+00
4.838473096048849342e+00
0.000000000000000000e+00
0.000000000000000000e+00
0.000000000000000000e+00
0.000000000000000000e+00
2.127020752333282161e+01
1.469779012751813241e+01
0.000000000000000000e+00
0.000000000000000000e+00
0.000000000000000000e+00
0.000000000000000000e+00
2.456802049060303617e+01
1.426839833568103444e+01
2.357007476036783089e+01
2.058241147640953983e+01
0.000000000000000000e+00
0.000000000000000000e+00
0.000000000000000000e+00
5.836418826284043959e+00
2.058236424896054473e+01
4.838473096048849342e+00
3.841340147473037536e+00
1.470059246404041176e+01
0.000000000000000000e+00
0.000000000000000000e+00
1.850845700688444451e+00
2.026842803933161363e+01
4.838473096048849342e+00
0.000000000000000000e+00
0.000000000000000000e+00
0.000000000000000000e+00
0.000000000000000000e+00
0.000000000000000000e+00
0.000000000000000000e+00
0.000000000000000000e+00
2.156815621646756664e+00
1.663462121222562118e+01
0.000000000000000000e+00
-3.070245921013968982e+00
0.000000000000000000e+00
2.456802049060303617e+01
0.000000000000000000e+00
0.000000000000000000e+00
3.841340147473037536e+00
0.000000000000000000e+00
0.000000000000000000e+00
0.000000000000000000e+00
0.000000000000000000e+00
0.000000000000000000e+00
8.020208009943063932e-01
0.000000000000000000e+00
1.374058109329713417e+01
0.000000000000000000e+00
3.432099832331034328e+00
0.000000000000000000e+00
0.000000000000000000e+00
2.157669504359292034e+01
1.761443555013346085e+01
4.838473096048849342e+00
0.000000000000000000e+00
0.000000000000000000e+00
-1.312044610620604068e-01
-4.450271384090227933e+00
0.000000000000000000e+00
1.186875901687663948e+01
0.000000000000000000e+00
0.000000000000000000e+00
0.000000000000000000e+00
0.000000000000000000e+00
1.469558277150197512e+01
0.000000000000000000e+00
0.000000000000000000e+00
1.279975675970587545e+01
1.526908455633008010e+01
1.875103972761882787e+00
1.663462121222562118e+01
0.000000000000000000e+00
2.227486485968552898e+01
0.000000000000000000e+00
0.000000000000000000e+00
0.000000000000000000e+00
0.000000000000000000e+00
0.000000000000000000e+00
0.000000000000000000e+00
2.845129267871819856e+00
0.000000000000000000e+00
0.000000000000000000e+00
0.000000000000000000e+00
0.000000000000000000e+00
0.000000000000000000e+00
0.000000000000000000e+00
0.000000000000000000e+00
0.000000000000000000e+00
0.000000000000000000e+00
1.498600013054908198e+00
4.796182834258976846e-01
0.000000000000000000e+00
0.000000000000000000e+00
0.000000000000000000e+00
6.406739027354484861e+00
0.000000000000000000e+00
0.000000000000000000e+00
0.000000000000000000e+00
0.000000000000000000e+00
2.357007476036783089e+01
5.836418826284043959e+00
0.000000000000000000e+00
0.000000000000000000e+00
2.437464690737562556e+00
2.727020752333287490e+01
0.000000000000000000e+00
2.157669504359292034e+01
0.000000000000000000e+00
0.000000000000000000e+00
0.000000000000000000e+00
0.000000000000000000e+00
7.535773039204705981e+00
0.000000000000000000e+00
1.958983836049486271e+01
0.000000000000000000e+00
0.000000000000000000e+00
0.000000000000000000e+00
0.000000000000000000e+00
0.000000000000000000e+00
1.663450383014749789e+01
0.000000000000000000e+00
1.566396641786570498e+01
6.202768425057264556e-01
0.000000000000000000e+00
0.000000000000000000e+00
0.000000000000000000e+00
0.000000000000000000e+00
6.406739027354484861e+00
0.000000000000000000e+00
0.000000000000000000e+00
2.257294181179201686e+01
0.000000000000000000e+00
2.456802049060303617e+01
0.000000000000000000e+00
0.000000000000000000e+00
0.000000000000000000e+00
0.000000000000000000e+00
2.357006120531521987e+01
4.838473096048849342e+00
0.000000000000000000e+00
0.000000000000000000e+00
0.000000000000000000e+00
0.000000000000000000e+00
0.000000000000000000e+00
0.000000000000000000e+00
0.000000000000000000e+00
0.000000000000000000e+00
0.000000000000000000e+00
0.000000000000000000e+00
4.387028856907362773e+00
0.000000000000000000e+00
0.000000000000000000e+00
1.850845700688444451e+00
2.845129267871819856e+00
0.000000000000000000e+00
0.000000000000000000e+00
2.026852803933161340e+01
0.000000000000000000e+00
0.000000000000000000e+00
7.570379501760751140e+00
0.000000000000000000e+00
0.000000000000000000e+00
0.000000000000000000e+00
0.000000000000000000e+00
0.000000000000000000e+00
2.845129267871819856e+00
2.126842803933160653e+01
1.470039154808980442e+01
0.000000000000000000e+00
1.850845700688444451e+00
5.836418826284043959e+00
2.456802049060303617e+01
2.326842803933161008e+01
2.157669504359292034e+01
2.456802049060303617e+01
0.000000000000000000e+00
0.000000000000000000e+00
0.000000000000000000e+00
-3.414744118831454234e+00
2.226839833568105220e+01
2.456802049060303617e+01
0.000000000000000000e+00
0.000000000000000000e+00
0.000000000000000000e+00
0.000000000000000000e+00
1.860024457171845924e+01
9.276580045071499470e+00
4.616333834339942044e+00
0.000000000000000000e+00
2.357007476036783089e+01
0.000000000000000000e+00
4.291187884317362311e+00
1.010445676065525689e+01
2.434101715956365375e+00
1.008423944263742733e+01
0.000000000000000000e+00
0.000000000000000000e+00
0.000000000000000000e+00
0.000000000000000000e+00
0.000000000000000000e+00
0.000000000000000000e+00
0.000000000000000000e+00
0.000000000000000000e+00
0.000000000000000000e+00
0.000000000000000000e+00
5.836418826284043959e+00
0.000000000000000000e+00
0.000000000000000000e+00
0.000000000000000000e+00
0.000000000000000000e+00
0.000000000000000000e+00
8.353186599557455239e+00
0.000000000000000000e+00
2.058241147640953983e+01
2.845129267871819856e+00
0.000000000000000000e+00
4.750238433513594316e+00
0.000000000000000000e+00
0.000000000000000000e+00
0.000000000000000000e+00
0.000000000000000000e+00
5.856167689952299638e-01
0.000000000000000000e+00
0.000000000000000000e+00
0.000000000000000000e+00
1.505084665556481571e+00
0.000000000000000000e+00
1.850845700688444451e+00
0.000000000000000000e+00
0.000000000000000000e+00
0.000000000000000000e+00
0.000000000000000000e+00
0.000000000000000000e+00
1.761445834475069105e+01
0.000000000000000000e+00
0.000000000000000000e+00
3.482051548350133974e+00
0.000000000000000000e+00
0.000000000000000000e+00
4.838473096048849342e+00
4.838473096048849342e+00
0.000000000000000000e+00
0.000000000000000000e+00
1.958983836049486271e+01
0.000000000000000000e+00
0.000000000000000000e+00
2.257294181179201686e+01
0.000000000000000000e+00
0.000000000000000000e+00
0.000000000000000000e+00
0.000000000000000000e+00
0.000000000000000000e+00
2.456802049060303617e+01
-3.341731986152402634e+00
0.000000000000000000e+00
0.000000000000000000e+00
1.850845700688444451e+00
0.000000000000000000e+00
2.257292825673940584e+01
0.000000000000000000e+00
0.000000000000000000e+00
0.000000000000000000e+00
0.000000000000000000e+00
0.000000000000000000e+00
0.000000000000000000e+00
0.000000000000000000e+00
2.357007476036783089e+01
0.000000000000000000e+00
0.000000000000000000e+00
0.000000000000000000e+00
0.000000000000000000e+00
0.000000000000000000e+00
0.000000000000000000e+00
2.790405748283183218e+00
2.058241147640953983e+01
9.274948741361141558e+00
0.000000000000000000e+00
0.000000000000000000e+00
1.958971590279602637e+01
0.000000000000000000e+00
0.000000000000000000e+00
0.000000000000000000e+00
0.000000000000000000e+00
0.000000000000000000e+00
1.626852803933163472e+01
0.000000000000000000e+00
2.128569554868995795e+01
0.000000000000000000e+00
0.000000000000000000e+00
0.000000000000000000e+00
0.000000000000000000e+00
0.000000000000000000e+00
1.009285730023680294e+01
5.233230797446775107e+00
1.860017197863072624e+01
0.000000000000000000e+00
-3.763918185974819767e-05
2.845129267871819856e+00
0.000000000000000000e+00
0.000000000000000000e+00
0.000000000000000000e+00
0.000000000000000000e+00
0.000000000000000000e+00
0.000000000000000000e+00
0.000000000000000000e+00
2.726839833568108773e+01
2.157671737713817706e+01
8.582725847737767699e-01
0.000000000000000000e+00
8.287289081617583264e+00
1.280939632894360791e+01
1.374267520253622443e+01
0.000000000000000000e+00
0.000000000000000000e+00
4.414774766192758881e-01
0.000000000000000000e+00
0.000000000000000000e+00
0.000000000000000000e+00
7.453679928479218786e-01
0.000000000000000000e+00
0.000000000000000000e+00
0.000000000000000000e+00
0.000000000000000000e+00
0.000000000000000000e+00
2.257294181179201686e+01
0.000000000000000000e+00
0.000000000000000000e+00
0.000000000000000000e+00
1.327197577500015235e+01
-1.312044610620604068e-01
0.000000000000000000e+00
6.394548162094031873e+00
2.845129267871819856e+00
0.000000000000000000e+00
1.860024457171845924e+01
0.000000000000000000e+00
0.000000000000000000e+00
0.000000000000000000e+00
0.000000000000000000e+00
0.000000000000000000e+00
0.000000000000000000e+00
0.000000000000000000e+00
3.262597317535880670e+00
0.000000000000000000e+00
0.000000000000000000e+00
2.845129267871819856e+00
2.845129267871819856e+00
2.456802049060303617e+01
0.000000000000000000e+00
0.000000000000000000e+00
2.227926283630324988e+01
0.000000000000000000e+00
0.000000000000000000e+00
0.000000000000000000e+00
2.357007476036783089e+01
1.958978669690036867e+01
1.279975675970587545e+01
0.000000000000000000e+00
0.000000000000000000e+00
0.000000000000000000e+00
0.000000000000000000e+00
0.000000000000000000e+00
0.000000000000000000e+00
2.058241147640953983e+01
0.000000000000000000e+00
0.000000000000000000e+00
9.274854322146396157e+00
1.187216251943248047e+01
0.000000000000000000e+00
2.058241147640953983e+01
0.000000000000000000e+00
0.000000000000000000e+00
0.000000000000000000e+00
2.126842803933160653e+01
8.439271377324626400e-01
8.266228685932739406e-01
0.000000000000000000e+00
0.000000000000000000e+00
0.000000000000000000e+00
0.000000000000000000e+00
1.427020752333282694e+01
0.000000000000000000e+00
0.000000000000000000e+00
1.761446681620321897e+01
0.000000000000000000e+00
5.996601571315215651e+00
0.000000000000000000e+00
0.000000000000000000e+00
0.000000000000000000e+00
5.836418826284043959e+00
1.958983836049486271e+01
0.000000000000000000e+00
3.841340147473037536e+00
0.000000000000000000e+00
0.000000000000000000e+00
1.566127149466967339e+01
3.818013849923875686e-02
0.000000000000000000e+00
0.000000000000000000e+00
4.838473096048849342e+00
0.000000000000000000e+00
2.357006120531521987e+01
0.000000000000000000e+00
8.582725847737767699e-01
0.000000000000000000e+00
1.327483616333621264e+01
-2.358092527114703518e+00
0.000000000000000000e+00
0.000000000000000000e+00
0.000000000000000000e+00
0.000000000000000000e+00
0.000000000000000000e+00
0.000000000000000000e+00
0.000000000000000000e+00
1.128021331353115819e+01
0.000000000000000000e+00
0.000000000000000000e+00
0.000000000000000000e+00
0.000000000000000000e+00
1.663464011761916339e+01
0.000000000000000000e+00
0.000000000000000000e+00
0.000000000000000000e+00
0.000000000000000000e+00
1.663473536469577496e+01
0.000000000000000000e+00
0.000000000000000000e+00
0.000000000000000000e+00
2.292537298677598923e+00
8.373818343054535873e+00
0.000000000000000000e+00
0.000000000000000000e+00
