0.000000000000000000e+00
0.000000000000000000e+00
1.759202626593115326e+01
0.000000000000000000e+00
1.779840115448467586e+01
0.000000000000000000e+00
0.000000000000000000e+00
1.396130856310619883e+01
3.624818725002443731e+00
2.172569110236989065e+00
1.990695514962860813e+01
0.000000000000000000e+00
2.552596244398068759e+00
0.000000000000000000e+00
5.624818725002449504e+00
0.000000000000000000e+00
0.000000000000000000e+00
0.000000000000000000e+00
0.000000000000000000e+00
0.000000000000000000e+00
1.893850668172304452e+01
0.000000000000000000e+00
1.736857298318119547e+01
0.000000000000000000e+00
0.000000000000000000e+00
7.000048817219304276e+00
-5.428348524922990137e-01
0.000000000000000000e+00
0.000000000000000000e+00
0.000000000000000000e+00
1.239217730010815188e+01
0.000000000000000000e+00
0.000000000000000000e+00
4.220690202821792525e+00
0.000000000000000000e+00
1.490766700886163498e+01
0.000000000000000000e+00
0.000000000000000000e+00
0.000000000000000000e+00
0.000000000000000000e+00
0.000000000000000000e+00
0.000000000000000000e+00
0.000000000000000000e+00
3.908200981756396519e+00
0.000000000000000000e+00
0.000000000000000000e+00
0.000000000000000000e+00
0.000000000000000000e+00
2.079883924721464439e+01
0.000000000000000000e+00
0.000000000000000000e+00
1.636857298318119902e+01
0.000000000000000000e+00
1.636857298318119902e+01
0.000000000000000000e+00
0.000000000000000000e+00
0.000000000000000000e+00
0.000000000000000000e+00
0.000000000000000000e+00
0.000000000000000000e+00
0.000000000000000000e+00
0.000000000000000000e+00
1.559349881159393192e+01
0.000000000000000000e+00
0.000000000000000000e+00
5.622396700713310630e-02
0.000000000000000000e+00
1.759202626593115326e+01
2.127683528380027944e+00
0.000000000000000000e+00
0.000000000000000000e+00
7.907446850478146771e+00
1.303375693342238906e+00
0.000000000000000000e+00
0.000000000000000000e+00
9.125748888553498972e+00
0.000000000000000000e+00
0.000000000000000000e+00
1.026634968032354500e+01
0.000000000000000000e+00
0.000000000000000000e+00
0.000000000000000000e+00
0.000000000000000000e+00
0.000000000000000000e+00
2.208857607095221098e+01
0.000000000000000000e+00
3.899815244829192729e+00
0.000000000000000000e+00
0.000000000000000000e+00
0.000000000000000000e+00
1.301231100201504010e+00
0.000000000000000000e+00
0.000000000000000000e+00
0.000000000000000000e+00
0.000000000000000000e+00
2.552596244398068759e+00
0.000000000000000000e+00
0.000000000000000000e+00
0.000000000000000000e+00
4.112859382412588083e+00
0.000000000000000000e+00
2.579924123331288399e+01
0.000000000000000000e+00
0.000000000000000000e+00
3.146066264811746560e+00
0.000000000000000000e+00
0.000000000000000000e+00
0.000000000000000000e+00
1.813593533982195694e-01
0.000000000000000000e+00
0.000000000000000000e+00
7.140750202750190567e+00
5.928809478476599892e+00
0.000000000000000000e+00
0.000000000000000000e+00
0.000000000000000000e+00
0.000000000000000000e+00
0.000000000000000000e+00
0.000000000000000000e+00
0.000000000000000000e+00
0.000000000000000000e+00
1.016603875511912847e+01
3.179012901472346275e+00
1.025726575360623016e+01
0.000000000000000000e+00
0.000000000000000000e+00
0.000000000000000000e+00
0.000000000000000000e+00
0.000000000000000000e+00
0.000000000000000000e+00
0.000000000000000000e+00
0.000000000000000000e+00
0.000000000000000000e+00
0.000000000000000000e+00
0.000000000000000000e+00
0.000000000000000000e+00
0.000000000000000000e+00
2.512588923816440101e+01
0.000000000000000000e+00
0.000000000000000000e+00
0.000000000000000000e+00
0.000000000000000000e+00
0.000000000000000000e+00
4.733431602846255970e+00
0.000000000000000000e+00
1.540745347530110188e+01
0.000000000000000000e+00
1.409381627451483432e+01
0.000000000000000000e+00
2.842056090694028470e+01
0.000000000000000000e+00
0.000000000000000000e+00
0.000000000000000000e+00
2.845886459912175681e+01
0.000000000000000000e+00
0.000000000000000000e+00
0.000000000000000000e+00
2.025726575360615556e+01
0.000000000000000000e+00
0.000000000000000000e+00
8.552638580028224524e+00
0.000000000000000000e+00
6.552596244398061209e+00
0.000000000000000000e+00
0.000000000000000000e+00
0.000000000000000000e+00
0.000000000000000000e+00
0.000000000000000000e+00
2.445886459912173905e+01
0.000000000000000000e+00
1.555259624439811184e+01
0.000000000000000000e+00
0.000000000000000000e+00
0.000000000000000000e+00
1.879968318903794966e+01
0.000000000000000000e+00
0.000000000000000000e+00
5.350093117049654623e+00
2.493850668172309071e+01
0.000000000000000000e+00
1.810957400692924679e+01
0.000000000000000000e+00
0.000000000000000000e+00
0.000000000000000000e+00
0.000000000000000000e+00
0.000000000000000000e+00
9.552596244398117165e+00
0.000000000000000000e+00
0.000000000000000000e+00
0.000000000000000000e+00
0.000000000000000000e+00
0.000000000000000000e+00
1.036755297139618825e+01
0.000000000000000000e+00
0.000000000000000000e+00
0.000000000000000000e+00
2.905915794697780274e+00
1.090859411135558155e+01
0.000000000000000000e+00
0.000000000000000000e+00
0.000000000000000000e+00
1.062344465174538399e+01
1.534771629708513530e+01
0.000000000000000000e+00
0.000000000000000000e+00
0.000000000000000000e+00
1.669055340232103646e+01
0.000000000000000000e+00
1.793850668172304452e+01
0.000000000000000000e+00
2.329839015998519969e+01
4.624818725002449504e+00
5.416153252960154152e-02
0.000000000000000000e+00
0.000000000000000000e+00
0.000000000000000000e+00
0.000000000000000000e+00
1.859168324403396610e+01
0.000000000000000000e+00
0.000000000000000000e+00
0.000000000000000000e+00
1.509373164527647582e+01
0.000000000000000000e+00
0.000000000000000000e+00
5.375072582830436652e+00
0.000000000000000000e+00
0.000000000000000000e+00
1.325726575360621773e+01
9.044149901568223626e+00
0.000000000000000000e+00
1.189256950229137111e+01
1.781322350435236146e+01
0.000000000000000000e+00
0.000000000000000000e+00
0.000000000000000000e+00
0.000000000000000000e+00
0.000000000000000000e+00
0.000000000000000000e+00
2.096130856310626100e+01
0.000000000000000000e+00
0.000000000000000000e+00
0.000000000000000000e+00
0.000000000000000000e+00
0.000000000000000000e+00
0.000000000000000000e+00
2.179840115448465099e+01
5.552596244398065650e+00
3.009373164527634970e+01
0.000000000000000000e+00
0.000000000000000000e+00
2.396130856310622192e+01
0.000000000000000000e+00
8.109574006929197054e+00
0.000000000000000000e+00
1.755259624439810651e+01
0.000000000000000000e+00
0.000000000000000000e+00
8.392690120186891534e+00
2.109373164527642430e+01
9.276557065824112769e+00
0.000000000000000000e+00
0.000000000000000000e+00
0.000000000000000000e+00
0.000000000000000000e+00
0.000000000000000000e+00
9.166445826730194923e+00
0.000000000000000000e+00
0.000000000000000000e+00
0.000000000000000000e+00
2.645886459912173905e+01
1.659258121577536116e+01
0.000000000000000000e+00
0.000000000000000000e+00
0.000000000000000000e+00
1.996130856310624324e+01
0.000000000000000000e+00
1.913570133984918709e+00
0.000000000000000000e+00
0.000000000000000000e+00
2.173060811086407806e+00
0.000000000000000000e+00
0.000000000000000000e+00
4.280904063349630029e+00
0.000000000000000000e+00
0.000000000000000000e+00
0.000000000000000000e+00
0.000000000000000000e+00
1.411398485244749779e+01
0.000000000000000000e+00
3.219516694534055201e+00
1.190748482647081552e+00
0.000000000000000000e+00
0.000000000000000000e+00
1.896130856310623258e+01
3.397371280844663666e+00
0.000000000000000000e+00
0.000000000000000000e+00
1.237630802101739391e+01
0.000000000000000000e+00
1.893850668172304452e+01
0.000000000000000000e+00
0.000000000000000000e+00
0.000000000000000000e+00
0.000000000000000000e+00
0.000000000000000000e+00
8.257265753606251479e+00
1.645886459912169286e+01
5.365819748750375595e+00
0.000000000000000000e+00
0.000000000000000000e+00
0.000000000000000000e+00
3.133517615359875386e+00
0.000000000000000000e+00
0.000000000000000000e+00
0.000000000000000000e+00
3.712114946027237572e+00
2.380024431154490117e+01
0.000000000000000000e+00
1.009373164527642075e+01
0.000000000000000000e+00
1.645886459912169286e+01
9.275980702080213192e-01
7.391565465964209380e+00
2.193850668172310137e+01
2.365819748750357387e+00
7.207955804584061099e-02
0.000000000000000000e+00
0.000000000000000000e+00
0.000000000000000000e+00
0.000000000000000000e+00
0.000000000000000000e+00
1.980938119793884056e+01
6.365819748750384477e+00
2.448179543525126789e+01
0.000000000000000000e+00
2.133056162293634017e+01
0.000000000000000000e+00
1.825726575360613779e+01
0.000000000000000000e+00
0.000000000000000000e+00
0.000000000000000000e+00
1.510330472980919225e+01
6.694984156747911364e+00
0.000000000000000000e+00
0.000000000000000000e+00
0.000000000000000000e+00
5.081561479231361922e+00
0.000000000000000000e+00
0.000000000000000000e+00
0.000000000000000000e+00
1.709381627451480767e+01
6.693295276371568292e+00
1.616759308760761726e+01
1.559349881159393192e+01
0.000000000000000000e+00
8.374467528830248142e+00
2.562797320287951486e+00
5.652772956405967442e+00
2.739129049285120487e+01
0.000000000000000000e+00
0.000000000000000000e+00
0.000000000000000000e+00
0.000000000000000000e+00
4.177218206999757655e+00
0.000000000000000000e+00
0.000000000000000000e+00
0.000000000000000000e+00
2.090695514962860457e+01
2.898397567583332890e+00
1.018744520538531440e+01
0.000000000000000000e+00
1.859168324403396610e+01
2.809818937998747046e+00
0.000000000000000000e+00
0.000000000000000000e+00
0.000000000000000000e+00
6.624818725002442399e+00
1.796130856310622192e+01
0.000000000000000000e+00
2.709373164527637456e+01
0.000000000000000000e+00
0.000000000000000000e+00
0.000000000000000000e+00
0.000000000000000000e+00
0.000000000000000000e+00
2.445886459912173905e+01
0.000000000000000000e+00
2.245886459912172484e+01
0.000000000000000000e+00
0.000000000000000000e+00
0.000000000000000000e+00
0.000000000000000000e+00
2.293850668172309071e+01
0.000000000000000000e+00
0.000000000000000000e+00
0.000000000000000000e+00
0.000000000000000000e+00
0.000000000000000000e+00
0.000000000000000000e+00
0.000000000000000000e+00
0.000000000000000000e+00
0.000000000000000000e+00
0.000000000000000000e+00
0.000000000000000000e+00
0.000000000000000000e+00
0.000000000000000000e+00
1.490703977886705012e+01
0.000000000000000000e+00
0.000000000000000000e+00
0.000000000000000000e+00
0.000000000000000000e+00
0.000000000000000000e+00
2.396130856310622192e+01
1.445886459912163602e+01
0.000000000000000000e+00
0.000000000000000000e+00
0.000000000000000000e+00
4.213609881016762593e+00
1.896130856310623258e+01
0.000000000000000000e+00
0.000000000000000000e+00
1.439737128084470719e+01
4.397398858636514696e+00
2.345886459912172839e+01
0.000000000000000000e+00
0.000000000000000000e+00
4.377588248281634620e+00
0.000000000000000000e+00
0.000000000000000000e+00
0.000000000000000000e+00
0.000000000000000000e+00
0.000000000000000000e+00
0.000000000000000000e+00
0.000000000000000000e+00
2.136755297139610121e+01
1.416759308760761549e+01
2.709790845695980721e+01
0.000000000000000000e+00
0.000000000000000000e+00
0.000000000000000000e+00
0.000000000000000000e+00
0.000000000000000000e+00
0.000000000000000000e+00
0.000000000000000000e+00
9.249605995533127789e-01
0.000000000000000000e+00
7.916528234161432032e+00
5.889631047107076967e+00
0.000000000000000000e+00
2.845886459912175681e+01
4.908076217179381473e+00
0.000000000000000000e+00
0.000000000000000000e+00
0.000000000000000000e+00
1.462481872500249303e+01
0.000000000000000000e+00
0.000000000000000000e+00
0.000000000000000000e+00
0.000000000000000000e+00
0.000000000000000000e+00
0.000000000000000000e+00
1.559349881159393192e+01
0.000000000000000000e+00
9.081598710391720175e+00
0.000000000000000000e+00
0.000000000000000000e+00
0.000000000000000000e+00
2.045886459912167510e+01
0.000000000000000000e+00
2.815145806229954140e+00
1.162481872500238467e+01
0.000000000000000000e+00
0.000000000000000000e+00
0.000000000000000000e+00
1.479985050501177390e+01
0.000000000000000000e+00
0.000000000000000000e+00
0.000000000000000000e+00
0.000000000000000000e+00
9.552596244398117165e+00
0.000000000000000000e+00
0.000000000000000000e+00
0.000000000000000000e+00
0.000000000000000000e+00
1.893850668172304452e+01
2.381308311839055492e+01
0.000000000000000000e+00
9.624818725002411313e+00
1.813280709217986697e+01
3.136287979904368139e+00
0.000000000000000000e+00
0.000000000000000000e+00
0.000000000000000000e+00
0.000000000000000000e+00
0.000000000000000000e+00
1.042559749516090317e+00
0.000000000000000000e+00
2.379968318903793900e+01
0.000000000000000000e+00
0.000000000000000000e+00
1.280538082185327164e+00
0.000000000000000000e+00
0.000000000000000000e+00
3.168517399653780320e+00
0.000000000000000000e+00
1.116595412588076464e+01
0.000000000000000000e+00
0.000000000000000000e+00
0.000000000000000000e+00
0.000000000000000000e+00
4.535399091108517133e+00
-2.958287278850882718e+00
1.217244686984939683e+01
3.471639642625059974e+00
0.000000000000000000e+00
0.000000000000000000e+00
0.000000000000000000e+00
1.659258121577536116e+01
0.000000000000000000e+00
7.722912705657702048e+00
0.000000000000000000e+00
2.129533049079178042e+01
0.000000000000000000e+00
9.094223346125849261e+00
0.000000000000000000e+00
0.000000000000000000e+00
0.000000000000000000e+00
1.899815244829198946e+00
6.187831411495635869e+00
0.000000000000000000e+00
0.000000000000000000e+00
0.000000000000000000e+00
0.000000000000000000e+00
0.000000000000000000e+00
1.303876346330727021e+00
0.000000000000000000e+00
0.000000000000000000e+00
0.000000000000000000e+00
0.000000000000000000e+00
0.000000000000000000e+00
0.000000000000000000e+00
0.000000000000000000e+00
0.000000000000000000e+00
0.000000000000000000e+00
1.993850668172306229e+01
0.000000000000000000e+00
0.000000000000000000e+00
0.000000000000000000e+00
2.096130856310626100e+01
0.000000000000000000e+00
0.000000000000000000e+00
1.017013093756421505e+01
0.000000000000000000e+00
0.000000000000000000e+00
0.000000000000000000e+00
3.912249943875812264e+00
0.000000000000000000e+00
0.000000000000000000e+00
1.313276239266050460e+01
7.187608454728672491e+00
0.000000000000000000e+00
0.000000000000000000e+00
2.431604089802464230e+01
1.283221233852473908e+01
0.000000000000000000e+00
0.000000000000000000e+00
1.691652823416132989e+01
0.000000000000000000e+00
0.000000000000000000e+00
1.252278676546127834e+01
0.000000000000000000e+00
1.909422334612587591e+01
0.000000000000000000e+00
0.000000000000000000e+00
0.000000000000000000e+00
0.000000000000000000e+00
0.000000000000000000e+00
0.000000000000000000e+00
0.000000000000000000e+00
1.096172535476290300e+01
0.000000000000000000e+00
0.000000000000000000e+00
6.317598947069187343e-01
1.617013093756419195e+01
0.000000000000000000e+00
0.000000000000000000e+00
0.000000000000000000e+00
9.911145127116803621e+00
1.411522272478102202e+01
0.000000000000000000e+00
0.000000000000000000e+00
0.000000000000000000e+00
0.000000000000000000e+00
2.393850668172309071e+01
1.893850668172304452e+01
0.000000000000000000e+00
0.000000000000000000e+00
1.545886459912166444e+01
2.136857298318119902e+01
0.000000000000000000e+00
0.000000000000000000e+00
1.288699352560775502e+01
0.000000000000000000e+00
1.660956826558086297e+00
0.000000000000000000e+00
0.000000000000000000e+00
0.000000000000000000e+00
1.416759308760761549e+01
0.000000000000000000e+00
7.952549925374691853e+00
0.000000000000000000e+00
0.000000000000000000e+00
7.095733856346670976e+00
1.416595412588075042e+01
1.510957400692928054e+01
2.897416656856237616e+00
9.254518785607911413e-01
0.000000000000000000e+00
7.080316602794184178e+00
6.108689415475967444e+00
2.709373164527637456e+01
-5.927563501894274056e-01
0.000000000000000000e+00
7.167756336951003782e+00
0.000000000000000000e+00
2.345886459912172839e+01
0.000000000000000000e+00
8.170130937564243467e+00
0.000000000000000000e+00
0.000000000000000000e+00
0.000000000000000000e+00
1.645492404064132685e+01
1.269063777790097269e+01
3.136857298318134823e+01
0.000000000000000000e+00
0.000000000000000000e+00
1.355259624439811539e+01
0.000000000000000000e+00
2.893850668172305518e+01
0.000000000000000000e+00
1.359735633877327743e+01
1.125730808923637305e+01
2.680057899165947433e+01
2.709373164527637456e+01
0.000000000000000000e+00
0.000000000000000000e+00
1.379840115448465809e+01
0.000000000000000000e+00
0.000000000000000000e+00
2.509537060700324318e+01
0.000000000000000000e+00
1.747622754037721826e+00
0.000000000000000000e+00
0.000000000000000000e+00
0.000000000000000000e+00
0.000000000000000000e+00
4.280904063349630029e+00
0.000000000000000000e+00
0.000000000000000000e+00
2.593850668172309426e+01
0.000000000000000000e+00
0.000000000000000000e+00
0.000000000000000000e+00
3.217903883328369741e+00
2.438839153542647242e+00
1.395254434040119840e+01
0.000000000000000000e+00
0.000000000000000000e+00
0.000000000000000000e+00
0.000000000000000000e+00
0.000000000000000000e+00
0.000000000000000000e+00
0.000000000000000000e+00
0.000000000000000000e+00
1.312645387643617045e+00
0.000000000000000000e+00
0.000000000000000000e+00
0.000000000000000000e+00
0.000000000000000000e+00
0.000000000000000000e+00
0.000000000000000000e+00
0.000000000000000000e+00
0.000000000000000000e+00
0.000000000000000000e+00
2.145886459912172128e+01
0.000000000000000000e+00
0.000000000000000000e+00
0.000000000000000000e+00
0.000000000000000000e+00
0.000000000000000000e+00
0.000000000000000000e+00
0.000000000000000000e+00
0.000000000000000000e+00
0.000000000000000000e+00
1.713260567705106929e+00
0.000000000000000000e+00
0.000000000000000000e+00
0.000000000000000000e+00
0.000000000000000000e+00
0.000000000000000000e+00
1.596130856310617574e+01
3.736784037265032943e+00
1.039048882272002317e+01
0.000000000000000000e+00
0.000000000000000000e+00
0.000000000000000000e+00
0.000000000000000000e+00
0.000000000000000000e+00
0.000000000000000000e+00
0.000000000000000000e+00
1.893850668172304452e+01
0.000000000000000000e+00
0.000000000000000000e+00
1.236857298318128429e+01
6.397371280844650343e+00
0.000000000000000000e+00
0.000000000000000000e+00
0.000000000000000000e+00
1.659258121577536116e+01
0.000000000000000000e+00
0.000000000000000000e+00
0.000000000000000000e+00
2.245886459912172484e+01
0.000000000000000000e+00
9.109574006929207712e+00
4.397398858636514696e+00
0.000000000000000000e+00
2.096130856310626100e+01
0.000000000000000000e+00
0.000000000000000000e+00
0.000000000000000000e+00
0.000000000000000000e+00
0.000000000000000000e+00
0.000000000000000000e+00
0.000000000000000000e+00
0.000000000000000000e+00
1.290695514962873069e+01
0.000000000000000000e+00
0.000000000000000000e+00
8.989742614035645119e-01
1.009381627451476859e+01
0.000000000000000000e+00
1.559349881159393192e+01
2.334717691446818932e+01
2.493850668172309071e+01
0.000000000000000000e+00
0.000000000000000000e+00
0.000000000000000000e+00
0.000000000000000000e+00
3.279840115448454441e+01
1.316759308760763325e+01
1.248959714294252699e+01
0.000000000000000000e+00
0.000000000000000000e+00
0.000000000000000000e+00
0.000000000000000000e+00
6.088347393110391081e+00
7.511120501366077562e+00
0.000000000000000000e+00
1.292844622913326091e+01
0.000000000000000000e+00
0.000000000000000000e+00
1.190748482647081552e+00
-8.446110221118512840e+00
0.000000000000000000e+00
0.000000000000000000e+00
0.000000000000000000e+00
8.109574006929197054e+00
0.000000000000000000e+00
0.000000000000000000e+00
0.000000000000000000e+00
1.393850668172301610e+01
1.397740918715090075e+01
0.000000000000000000e+00
0.000000000000000000e+00
0.000000000000000000e+00
0.000000000000000000e+00
0.000000000000000000e+00
0.000000000000000000e+00
0.000000000000000000e+00
0.000000000000000000e+00
1.342401215609533738e+00
0.000000000000000000e+00
1.559349881159393192e+01
1.109373164527642786e+01
0.000000000000000000e+00
7.170294186907574918e+00
0.000000000000000000e+00
0.000000000000000000e+00
2.443144584610148939e+01
0.000000000000000000e+00
0.000000000000000000e+00
1.396130856310619883e+01
5.552596244398065650e+00
1.413276239266055079e+01
1.759202626593115326e+01
0.000000000000000000e+00
1.709537060700331423e+01
0.000000000000000000e+00
0.000000000000000000e+00
0.000000000000000000e+00
0.000000000000000000e+00
1.017765210927688457e+01
0.000000000000000000e+00
0.000000000000000000e+00
0.000000000000000000e+00
2.815196650215962659e+00
0.000000000000000000e+00
0.000000000000000000e+00
0.000000000000000000e+00
0.000000000000000000e+00
0.000000000000000000e+00
1.108871732083306405e+01
0.000000000000000000e+00
2.309373164527641364e+01
0.000000000000000000e+00
0.000000000000000000e+00
2.196130856310622903e+01
4.624818725002449504e+00
1.576970232956275630e+01
6.397371280844650343e+00
0.000000000000000000e+00
0.000000000000000000e+00
0.000000000000000000e+00
0.000000000000000000e+00
3.096952989125159483e+00
3.671510172954702167e+00
0.000000000000000000e+00
7.257265753606199077e+00
0.000000000000000000e+00
0.000000000000000000e+00
0.000000000000000000e+00
0.000000000000000000e+00
2.196130856310622903e+01
0.000000000000000000e+00
3.626504861327900286e+00
0.000000000000000000e+00
0.000000000000000000e+00
0.000000000000000000e+00
4.716884032005606464e+00
0.000000000000000000e+00
0.000000000000000000e+00
0.000000000000000000e+00
0.000000000000000000e+00
0.000000000000000000e+00
0.000000000000000000e+00
0.000000000000000000e+00
8.397371280844648567e+00
2.090695514962860457e+01
0.000000000000000000e+00
0.000000000000000000e+00
0.000000000000000000e+00
3.229261605480891006e+01
0.000000000000000000e+00
0.000000000000000000e+00
0.000000000000000000e+00
0.000000000000000000e+00
7.407003739322004954e+00
0.000000000000000000e+00
0.000000000000000000e+00
0.000000000000000000e+00
1.717552721041347397e+01
2.609422334612579419e+01
0.000000000000000000e+00
0.000000000000000000e+00
0.000000000000000000e+00
1.759202626593115326e+01
0.000000000000000000e+00
1.090766700886157992e+01
2.391976196916548503e+00
0.000000000000000000e+00
0.000000000000000000e+00
0.000000000000000000e+00
2.939988061328040914e+00
0.000000000000000000e+00
0.000000000000000000e+00
0.000000000000000000e+00
0.000000000000000000e+00
0.000000000000000000e+00
0.000000000000000000e+00
2.448128625989158813e+00
2.079919148818851227e+01
1.993850668172306229e+01
0.000000000000000000e+00
0.000000000000000000e+00
1.556616992239415076e+00
0.000000000000000000e+00
1.943308480782823722e+01
1.379840115448465809e+01
0.000000000000000000e+00
0.000000000000000000e+00
0.000000000000000000e+00
0.000000000000000000e+00
5.170567429203950738e+00
0.000000000000000000e+00
7.094586595469228207e+00
0.000000000000000000e+00
0.000000000000000000e+00
0.000000000000000000e+00
0.000000000000000000e+00
0.000000000000000000e+00
0.000000000000000000e+00
5.873542640094496115e+00
0.000000000000000000e+00
6.166317375224148023e+00
0.000000000000000000e+00
2.416644582673023578e+01
0.000000000000000000e+00
0.000000000000000000e+00
9.093816274514777476e+00
0.000000000000000000e+00
0.000000000000000000e+00
3.624818725002443731e+00
0.000000000000000000e+00
5.515086291856481360e+00
1.811539916143561868e+01
1.416644582673017361e+01
9.170130937564211493e+00
0.000000000000000000e+00
2.009373164527644562e+01
0.000000000000000000e+00
0.000000000000000000e+00
9.368572983181280733e+00
5.368253525421266659e+00
1.269569453109816770e+01
1.759202626593115326e+01
1.593850668172301432e+01
0.000000000000000000e+00
0.000000000000000000e+00
2.270566584795515652e+00
0.000000000000000000e+00
0.000000000000000000e+00
0.000000000000000000e+00
1.037429813768763331e+01
0.000000000000000000e+00
1.043248359504329414e+01
2.180783642172085646e+00
1.339737128084470186e+01
0.000000000000000000e+00
0.000000000000000000e+00
0.000000000000000000e+00
0.000000000000000000e+00
0.000000000000000000e+00
8.411878687287664746e+00
0.000000000000000000e+00
1.693850668172304452e+01
0.000000000000000000e+00
0.000000000000000000e+00
2.617783054248741692e+01
0.000000000000000000e+00
6.907203028210422424e+00
0.000000000000000000e+00
0.000000000000000000e+00
1.845886459912167155e+01
0.000000000000000000e+00
1.436857298318127540e+01
1.980004011621154092e+01
0.000000000000000000e+00
0.000000000000000000e+00
0.000000000000000000e+00
0.000000000000000000e+00
1.809373164527645983e+01
0.000000000000000000e+00
0.000000000000000000e+00
1.759202626593115326e+01
8.365819748750343621e+00
0.000000000000000000e+00
0.000000000000000000e+00
0.000000000000000000e+00
0.000000000000000000e+00
2.025726575360615556e+01
0.000000000000000000e+00
2.118744520538530907e+01
9.431998851128316375e+00
0.000000000000000000e+00
0.000000000000000000e+00
0.000000000000000000e+00
0.000000000000000000e+00
0.000000000000000000e+00
3.258958535466555340e+00
0.000000000000000000e+00
3.098430024274734684e+00
1.859168324403396610e+01
0.000000000000000000e+00
6.115599957953096855e+00
0.000000000000000000e+00
0.000000000000000000e+00
0.000000000000000000e+00
0.000000000000000000e+00
-2.146304135316297490e+00
0.000000000000000000e+00
1.679840115448467941e+01
0.000000000000000000e+00
1.696130856310619350e+01
0.000000000000000000e+00
0.000000000000000000e+00
0.000000000000000000e+00
0.000000000000000000e+00
0.000000000000000000e+00
0.000000000000000000e+00
