0.000000000000000000e+00
0.000000000000000000e+00
1.759202255861501385e+01
0.000000000000000000e+00
1.779840115448467586e+01
0.000000000000000000e+00
0.000000000000000000e+00
1.396130856310619883e+01
3.624818725002443731e+00
2.173227209627287770e+00
1.990695514962860813e+01
0.000000000000000000e+00
2.552596244398068759e+00
0.000000000000000000e+00
5.624818725002449504e+00
0.000000000000000000e+00
0.000000000000000000e+00
0.000000000000000000e+00
0.000000000000000000e+00
0.000000000000000000e+00
1.893850668172304452e+01
0.000000000000000000e+00
1.736857298318119547e+01
0.000000000000000000e+00
0.000000000000000000e+00
6.998691152849422004e+00
5.447435769050613663e-01
0.000000000000000000e+00
0.000000000000000000e+00
0.000000000000000000e+00
1.239216546596423818e+01
0.000000000000000000e+00
0.000000000000000000e+00
4.220051972949065977e+00
0.000000000000000000e+00
1.490620164862252928e+01
0.000000000000000000e+00
0.000000000000000000e+00
0.000000000000000000e+00
0.000000000000000000e+00
0.000000000000000000e+00
0.000000000000000000e+00
0.000000000000000000e+00
3.908200981756396519e+00
0.000000000000000000e+00
0.000000000000000000e+00
0.000000000000000000e+00
0.000000000000000000e+00
2.079885238662325264e+01
0.000000000000000000e+00
0.000000000000000000e+00
1.636857298318119902e+01
0.000000000000000000e+00
1.636857298318119902e+01
0.000000000000000000e+00
0.000000000000000000e+00
0.000000000000000000e+00
0.000000000000000000e+00
0.000000000000000000e+00
0.000000000000000000e+00
0.000000000000000000e+00
0.000000000000000000e+00
1.559326915793049295e+01
0.000000000000000000e+00
0.000000000000000000e+00
4.038601590838465372e-01
0.000000000000000000e+00
1.759202505033611175e+01
2.129282576916326164e+00
0.000000000000000000e+00
0.000000000000000000e+00
7.907446850478146771e+00
1.302261244189494072e+00
0.000000000000000000e+00
0.000000000000000000e+00
9.123704683689494388e+00
0.000000000000000000e+00
0.000000000000000000e+00
1.026596882258767529e+01
0.000000000000000000e+00
0.000000000000000000e+00
0.000000000000000000e+00
0.000000000000000000e+00
0.000000000000000000e+00
2.208857607095221098e+01
0.000000000000000000e+00
3.899815244829192729e+00
0.000000000000000000e+00
0.000000000000000000e+00
0.000000000000000000e+00
1.300022439729942025e+00
0.000000000000000000e+00
0.000000000000000000e+00
0.000000000000000000e+00
0.000000000000000000e+00
2.655718606973318074e+00
0.000000000000000000e+00
0.000000000000000000e+00
0.000000000000000000e+00
4.112856352369369972e+00
0.000000000000000000e+00
2.579924123331288399e+01
0.000000000000000000e+00
0.000000000000000000e+00
3.161225237137498922e+00
0.000000000000000000e+00
0.000000000000000000e+00
0.000000000000000000e+00
1.799773148048736948e-01
0.000000000000000000e+00
0.000000000000000000e+00
7.140739457482109920e+00
5.928809478476599892e+00
0.000000000000000000e+00
0.000000000000000000e+00
0.000000000000000000e+00
0.000000000000000000e+00
0.000000000000000000e+00
0.000000000000000000e+00
0.000000000000000000e+00
0.000000000000000000e+00
1.016603875511912847e+01
5.448137957820111232e+00
1.025726575360623016e+01
0.000000000000000000e+00
0.000000000000000000e+00
0.000000000000000000e+00
0.000000000000000000e+00
0.000000000000000000e+00
0.000000000000000000e+00
0.000000000000000000e+00
0.000000000000000000e+00
0.000000000000000000e+00
0.000000000000000000e+00
0.000000000000000000e+00
0.000000000000000000e+00
0.000000000000000000e+00
2.512245779064421569e+01
0.000000000000000000e+00
0.000000000000000000e+00
1.593851982113162435e+01
0.000000000000000000e+00
0.000000000000000000e+00
1.609381627451478280e+01
0.000000000000000000e+00
1.540750175523877630e+01
0.000000000000000000e+00
1.409381627451483432e+01
0.000000000000000000e+00
2.842264527225460213e+01
0.000000000000000000e+00
0.000000000000000000e+00
0.000000000000000000e+00
2.845886459912175681e+01
0.000000000000000000e+00
0.000000000000000000e+00
0.000000000000000000e+00
2.025726575360615556e+01
0.000000000000000000e+00
0.000000000000000000e+00
8.552638580028224524e+00
0.000000000000000000e+00
6.552596244398061209e+00
0.000000000000000000e+00
0.000000000000000000e+00
0.000000000000000000e+00
0.000000000000000000e+00
0.000000000000000000e+00
2.445886459912173905e+01
0.000000000000000000e+00
1.555259624439811184e+01
0.000000000000000000e+00
0.000000000000000000e+00
0.000000000000000000e+00
1.879968318903794966e+01
0.000000000000000000e+00
0.000000000000000000e+00
1.397298176148050963e+01
2.493850668172309071e+01
0.000000000000000000e+00
1.810957400692924679e+01
0.000000000000000000e+00
0.000000000000000000e+00
0.000000000000000000e+00
0.000000000000000000e+00
0.000000000000000000e+00
9.552596244398117165e+00
0.000000000000000000e+00
0.000000000000000000e+00
0.000000000000000000e+00
0.000000000000000000e+00
0.000000000000000000e+00
1.036755297139618825e+01
0.000000000000000000e+00
0.000000000000000000e+00
0.000000000000000000e+00
2.903341028253738632e+00
1.090859411135558155e+01
0.000000000000000000e+00
0.000000000000000000e+00
0.000000000000000000e+00
1.245921297710047071e+01
1.534432049241851281e+01
0.000000000000000000e+00
0.000000000000000000e+00
2.225726575360610582e+01
1.668586319603774371e+01
0.000000000000000000e+00
1.793850668172304452e+01
0.000000000000000000e+00
2.329878180324342551e+01
4.624818725002449504e+00
3.862584240078810738e-01
0.000000000000000000e+00
0.000000000000000000e+00
0.000000000000000000e+00
0.000000000000000000e+00
1.859168264261938575e+01
0.000000000000000000e+00
0.000000000000000000e+00
0.000000000000000000e+00
1.509373164527647582e+01
0.000000000000000000e+00
0.000000000000000000e+00
5.374544625752246674e+00
0.000000000000000000e+00
0.000000000000000000e+00
1.325726575360621773e+01
9.134950464696041550e+00
1.589219820807486627e+01
1.189229115421741945e+01
1.781322350435236146e+01
0.000000000000000000e+00
0.000000000000000000e+00
0.000000000000000000e+00
0.000000000000000000e+00
0.000000000000000000e+00
0.000000000000000000e+00
2.096130856310626100e+01
0.000000000000000000e+00
0.000000000000000000e+00
0.000000000000000000e+00
0.000000000000000000e+00
0.000000000000000000e+00
0.000000000000000000e+00
2.179840115448465099e+01
5.552596244398065650e+00
3.009373164527634970e+01
0.000000000000000000e+00
0.000000000000000000e+00
2.396130856310622192e+01
0.000000000000000000e+00
8.109574006929197054e+00
0.000000000000000000e+00
1.755259624439810651e+01
0.000000000000000000e+00
0.000000000000000000e+00
8.392043583678530538e+00
2.109373164527642430e+01
9.257265753606244374e+00
0.000000000000000000e+00
0.000000000000000000e+00
0.000000000000000000e+00
0.000000000000000000e+00
0.000000000000000000e+00
9.166445826730194923e+00
0.000000000000000000e+00
0.000000000000000000e+00
0.000000000000000000e+00
2.645886459912173905e+01
1.659257214874983077e+01
0.000000000000000000e+00
0.000000000000000000e+00
0.000000000000000000e+00
1.996130856310624324e+01
0.000000000000000000e+00
0.000000000000000000e+00
0.000000000000000000e+00
0.000000000000000000e+00
2.173681936848571805e+00
0.000000000000000000e+00
0.000000000000000000e+00
4.281091299574793396e+00
0.000000000000000000e+00
0.000000000000000000e+00
0.000000000000000000e+00
0.000000000000000000e+00
1.411609916143561705e+01
0.000000000000000000e+00
3.216062013390740937e+00
0.000000000000000000e+00
0.000000000000000000e+00
0.000000000000000000e+00
2.331078633013515500e+01
3.397371280844663666e+00
0.000000000000000000e+00
0.000000000000000000e+00
1.239334993907848670e+01
0.000000000000000000e+00
1.893850668172304452e+01
0.000000000000000000e+00
0.000000000000000000e+00
0.000000000000000000e+00
0.000000000000000000e+00
0.000000000000000000e+00
8.257265753606251479e+00
1.645886459912169286e+01
5.365819748750375595e+00
0.000000000000000000e+00
0.000000000000000000e+00
0.000000000000000000e+00
3.136938741058733715e+00
0.000000000000000000e+00
0.000000000000000000e+00
0.000000000000000000e+00
9.382838762818698441e+00
2.380059777503653606e+01
0.000000000000000000e+00
1.009373164527642075e+01
0.000000000000000000e+00
1.645886459912169286e+01
9.285724554251015839e-01
7.391562729224367523e+00
2.193850668172310137e+01
2.365819748750357387e+00
8.027345787890285411e-01
0.000000000000000000e+00
0.000000000000000000e+00
0.000000000000000000e+00
0.000000000000000000e+00
0.000000000000000000e+00
1.845965493282552217e+01
6.365819748750384477e+00
2.446856618235439029e+01
0.000000000000000000e+00
2.132825967066673911e+01
0.000000000000000000e+00
1.825726575360613779e+01
0.000000000000000000e+00
0.000000000000000000e+00
0.000000000000000000e+00
1.510330472980919225e+01
1.018807897091283898e+01
0.000000000000000000e+00
0.000000000000000000e+00
0.000000000000000000e+00
5.078934766854041882e+00
0.000000000000000000e+00
0.000000000000000000e+00
0.000000000000000000e+00
1.709381627451480767e+01
6.689792721815986276e+00
1.616759308760761726e+01
1.559170362468058357e+01
0.000000000000000000e+00
8.374698137687614619e+00
2.563150677426211388e+00
1.043942862484994905e+01
2.739126288039500423e+01
0.000000000000000000e+00
0.000000000000000000e+00
0.000000000000000000e+00
0.000000000000000000e+00
1.396968479856688283e+01
2.984692651606236424e+00
0.000000000000000000e+00
0.000000000000000000e+00
2.090695514962860457e+01
2.899990210347747954e+00
1.018744520538531440e+01
0.000000000000000000e+00
1.859168323688764346e+01
3.100159408992741561e+00
0.000000000000000000e+00
0.000000000000000000e+00
0.000000000000000000e+00
6.624818725002442399e+00
1.796130856310622192e+01
0.000000000000000000e+00
2.709373164527637456e+01
0.000000000000000000e+00
0.000000000000000000e+00
0.000000000000000000e+00
0.000000000000000000e+00
0.000000000000000000e+00
2.445886459912173905e+01
0.000000000000000000e+00
2.247948480762519097e+01
0.000000000000000000e+00
0.000000000000000000e+00
0.000000000000000000e+00
0.000000000000000000e+00
2.293850668172309071e+01
0.000000000000000000e+00
0.000000000000000000e+00
0.000000000000000000e+00
0.000000000000000000e+00
0.000000000000000000e+00
0.000000000000000000e+00
0.000000000000000000e+00
0.000000000000000000e+00
0.000000000000000000e+00
0.000000000000000000e+00
0.000000000000000000e+00
0.000000000000000000e+00
0.000000000000000000e+00
1.490703977886705012e+01
0.000000000000000000e+00
0.000000000000000000e+00
0.000000000000000000e+00
0.000000000000000000e+00
0.000000000000000000e+00
2.396130856310622192e+01
1.493850668172300722e+01
0.000000000000000000e+00
0.000000000000000000e+00
0.000000000000000000e+00
4.213577286071042316e+00
1.896130856310623258e+01
0.000000000000000000e+00
0.000000000000000000e+00
1.439737128084470719e+01
4.397649382551925612e+00
2.345886459912172839e+01
0.000000000000000000e+00
0.000000000000000000e+00
4.379359565856251635e+00
0.000000000000000000e+00
0.000000000000000000e+00
0.000000000000000000e+00
0.000000000000000000e+00
0.000000000000000000e+00
0.000000000000000000e+00
0.000000000000000000e+00
2.136755297139610121e+01
1.416759308760761549e+01
2.709790845695980721e+01
0.000000000000000000e+00
0.000000000000000000e+00
0.000000000000000000e+00
0.000000000000000000e+00
0.000000000000000000e+00
0.000000000000000000e+00
0.000000000000000000e+00
0.000000000000000000e+00
0.000000000000000000e+00
7.916528234161432032e+00
5.892291154217409677e+00
0.000000000000000000e+00
2.845886459912175681e+01
4.908076217179381473e+00
0.000000000000000000e+00
0.000000000000000000e+00
0.000000000000000000e+00
1.462481872500249303e+01
0.000000000000000000e+00
0.000000000000000000e+00
0.000000000000000000e+00
0.000000000000000000e+00
0.000000000000000000e+00
0.000000000000000000e+00
1.559347405984626711e+01
0.000000000000000000e+00
9.078669782157898993e+00
0.000000000000000000e+00
0.000000000000000000e+00
0.000000000000000000e+00
2.045886459912167510e+01
0.000000000000000000e+00
1.548982005381459004e+01
1.162481872500238467e+01
0.000000000000000000e+00
0.000000000000000000e+00
0.000000000000000000e+00
1.479985050501177390e+01
0.000000000000000000e+00
0.000000000000000000e+00
0.000000000000000000e+00
0.000000000000000000e+00
9.552596244398117165e+00
0.000000000000000000e+00
0.000000000000000000e+00
0.000000000000000000e+00
0.000000000000000000e+00
1.893850668172304452e+01
2.381322350435232238e+01
0.000000000000000000e+00
9.624818725002411313e+00
1.813286648971219961e+01
3.136566272598217076e+00
0.000000000000000000e+00
0.000000000000000000e+00
0.000000000000000000e+00
0.000000000000000000e+00
0.000000000000000000e+00
3.096966298433549536e+00
0.000000000000000000e+00
2.379975670630737383e+01
0.000000000000000000e+00
5.271792754422141569e-02
1.343367138330174404e+00
0.000000000000000000e+00
1.593851982113162435e+01
3.168516748572646424e+00
0.000000000000000000e+00
1.116595412588076464e+01
0.000000000000000000e+00
0.000000000000000000e+00
0.000000000000000000e+00
0.000000000000000000e+00
4.535488978979564934e+00
9.393514562645050026e-01
1.217205412976765544e+01
4.466732873517679003e+00
0.000000000000000000e+00
0.000000000000000000e+00
0.000000000000000000e+00
1.659254420204704772e+01
0.000000000000000000e+00
1.411669916143561743e+01
0.000000000000000000e+00
2.168384984737243926e+01
0.000000000000000000e+00
9.094223146710879391e+00
0.000000000000000000e+00
0.000000000000000000e+00
0.000000000000000000e+00
1.899815244829198946e+00
6.375616354873738345e+00
0.000000000000000000e+00
0.000000000000000000e+00
0.000000000000000000e+00
0.000000000000000000e+00
0.000000000000000000e+00
1.302661244189494028e+00
0.000000000000000000e+00
0.000000000000000000e+00
0.000000000000000000e+00
0.000000000000000000e+00
0.000000000000000000e+00
0.000000000000000000e+00
0.000000000000000000e+00
0.000000000000000000e+00
0.000000000000000000e+00
1.993850668172306229e+01
0.000000000000000000e+00
0.000000000000000000e+00
0.000000000000000000e+00
2.096130856310626100e+01
0.000000000000000000e+00
0.000000000000000000e+00
1.017013093756421505e+01
0.000000000000000000e+00
0.000000000000000000e+00
0.000000000000000000e+00
3.912377763297211430e+00
0.000000000000000000e+00
0.000000000000000000e+00
1.313346648971217867e+01
7.187608034706936877e+00
0.000000000000000000e+00
0.000000000000000000e+00
2.431644822188771116e+01
1.283127761260400312e+01
0.000000000000000000e+00
0.000000000000000000e+00
1.691652823416132989e+01
0.000000000000000000e+00
0.000000000000000000e+00
1.252278676546127834e+01
0.000000000000000000e+00
1.909422334612587591e+01
0.000000000000000000e+00
0.000000000000000000e+00
0.000000000000000000e+00
0.000000000000000000e+00
0.000000000000000000e+00
0.000000000000000000e+00
0.000000000000000000e+00
1.182622426603277788e+01
0.000000000000000000e+00
0.000000000000000000e+00
6.281840503164333178e-01
1.617013093756419195e+01
0.000000000000000000e+00
0.000000000000000000e+00
0.000000000000000000e+00
9.368572983181280733e+00
1.411522269470872715e+01
0.000000000000000000e+00
0.000000000000000000e+00
0.000000000000000000e+00
0.000000000000000000e+00
2.393850668172309071e+01
1.893850668172304452e+01
0.000000000000000000e+00
0.000000000000000000e+00
1.545886459912166444e+01
2.136857298318119902e+01
0.000000000000000000e+00
0.000000000000000000e+00
1.288666610946310342e+01
0.000000000000000000e+00
1.668026692892059515e+00
0.000000000000000000e+00
0.000000000000000000e+00
0.000000000000000000e+00
1.416759308760761549e+01
0.000000000000000000e+00
7.952549925374691853e+00
0.000000000000000000e+00
0.000000000000000000e+00
7.095733395400357857e+00
1.416595412588075042e+01
1.510957400692928054e+01
2.898089938528495946e+00
0.000000000000000000e+00
0.000000000000000000e+00
7.079469782157887359e+00
6.108689415475967444e+00
2.709373164527637456e+01
1.965161105816919662e-01
0.000000000000000000e+00
7.167755258803753193e+00
0.000000000000000000e+00
2.480004011621150539e+01
0.000000000000000000e+00
8.170130582225562321e+00
0.000000000000000000e+00
0.000000000000000000e+00
0.000000000000000000e+00
1.645632289561292083e+01
1.268740469446774455e+01
3.136857298318134823e+01
0.000000000000000000e+00
0.000000000000000000e+00
1.355259624439811539e+01
0.000000000000000000e+00
2.893850668172305518e+01
0.000000000000000000e+00
1.640742823796933791e+01
1.125730808923637305e+01
2.680093245515111633e+01
2.709373164527637456e+01
0.000000000000000000e+00
0.000000000000000000e+00
1.379848781116270118e+01
0.000000000000000000e+00
0.000000000000000000e+00
2.509537060700324318e+01
0.000000000000000000e+00
2.047288975752703077e+00
1.993850668172306229e+01
0.000000000000000000e+00
0.000000000000000000e+00
0.000000000000000000e+00
4.281091299574793396e+00
0.000000000000000000e+00
0.000000000000000000e+00
2.593850668172309426e+01
1.793850668172304452e+01
0.000000000000000000e+00
0.000000000000000000e+00
3.737106850366711086e+00
2.549139343318755913e+00
1.395237416024827759e+01
0.000000000000000000e+00
0.000000000000000000e+00
0.000000000000000000e+00
0.000000000000000000e+00
0.000000000000000000e+00
0.000000000000000000e+00
0.000000000000000000e+00
0.000000000000000000e+00
1.314375587863011008e+00
0.000000000000000000e+00
1.345893811639109927e+01
0.000000000000000000e+00
0.000000000000000000e+00
0.000000000000000000e+00
0.000000000000000000e+00
0.000000000000000000e+00
0.000000000000000000e+00
0.000000000000000000e+00
2.096130856310626100e+01
0.000000000000000000e+00
0.000000000000000000e+00
0.000000000000000000e+00
0.000000000000000000e+00
0.000000000000000000e+00
0.000000000000000000e+00
0.000000000000000000e+00
0.000000000000000000e+00
0.000000000000000000e+00
5.257308089236330417e+00
0.000000000000000000e+00
0.000000000000000000e+00
0.000000000000000000e+00
0.000000000000000000e+00
0.000000000000000000e+00
1.596130856310617574e+01
8.614577437458777354e+00
1.038728218411657878e+01
0.000000000000000000e+00
0.000000000000000000e+00
0.000000000000000000e+00
0.000000000000000000e+00
0.000000000000000000e+00
0.000000000000000000e+00
0.000000000000000000e+00
1.893850668172304452e+01
0.000000000000000000e+00
0.000000000000000000e+00
1.236857298318128429e+01
6.397371280844650343e+00
0.000000000000000000e+00
0.000000000000000000e+00
0.000000000000000000e+00
1.781240038212900245e+01
0.000000000000000000e+00
0.000000000000000000e+00
0.000000000000000000e+00
2.245886459912172484e+01
0.000000000000000000e+00
9.109574006929207712e+00
4.397783905165160157e+00
0.000000000000000000e+00
2.096130856310626100e+01
0.000000000000000000e+00
0.000000000000000000e+00
0.000000000000000000e+00
0.000000000000000000e+00
0.000000000000000000e+00
0.000000000000000000e+00
0.000000000000000000e+00
0.000000000000000000e+00
1.290695514962873069e+01
0.000000000000000000e+00
0.000000000000000000e+00
1.044518142000393057e+00
1.009381627451476859e+01
0.000000000000000000e+00
1.674579400612160285e+01
2.334404717796056516e+01
2.493850668172309071e+01
0.000000000000000000e+00
0.000000000000000000e+00
0.000000000000000000e+00
0.000000000000000000e+00
3.279840115448454441e+01
1.316759308760763325e+01
1.254213610884200669e+01
0.000000000000000000e+00
0.000000000000000000e+00
0.000000000000000000e+00
0.000000000000000000e+00
6.088976070952145214e+00
7.506721575190487883e+00
0.000000000000000000e+00
1.292844619906097137e+01
0.000000000000000000e+00
0.000000000000000000e+00
2.189233767256947072e+00
1.044024707505061711e+00
0.000000000000000000e+00
0.000000000000000000e+00
0.000000000000000000e+00
8.109574006929197054e+00
0.000000000000000000e+00
0.000000000000000000e+00
0.000000000000000000e+00
1.393850668172301610e+01
1.397298176148050963e+01
0.000000000000000000e+00
0.000000000000000000e+00
0.000000000000000000e+00
0.000000000000000000e+00
0.000000000000000000e+00
0.000000000000000000e+00
0.000000000000000000e+00
0.000000000000000000e+00
1.343590689839018193e+00
0.000000000000000000e+00
1.596130856310617574e+01
1.109373164527642786e+01
0.000000000000000000e+00
7.170293831568893772e+00
0.000000000000000000e+00
0.000000000000000000e+00
2.443155310601974151e+01
0.000000000000000000e+00
0.000000000000000000e+00
1.396130856310619883e+01
5.552596244398065650e+00
1.413346648971222130e+01
2.529659384956089241e+01
0.000000000000000000e+00
1.709537060700331423e+01
0.000000000000000000e+00
0.000000000000000000e+00
0.000000000000000000e+00
0.000000000000000000e+00
1.017646144361969185e+01
0.000000000000000000e+00
0.000000000000000000e+00
0.000000000000000000e+00
2.815160894166033323e+00
0.000000000000000000e+00
0.000000000000000000e+00
0.000000000000000000e+00
0.000000000000000000e+00
0.000000000000000000e+00
1.108532151616643979e+01
0.000000000000000000e+00
2.309373164527641364e+01
0.000000000000000000e+00
0.000000000000000000e+00
2.196130856310622903e+01
4.624818725002449504e+00
1.576670575326951251e+01
6.397371280844650343e+00
0.000000000000000000e+00
0.000000000000000000e+00
0.000000000000000000e+00
0.000000000000000000e+00
3.093615476050406432e+00
4.090551586739435308e+00
0.000000000000000000e+00
7.257265753606199077e+00
0.000000000000000000e+00
0.000000000000000000e+00
0.000000000000000000e+00
0.000000000000000000e+00
2.196130856310622903e+01
7.195772435329262251e+00
3.626504861327900286e+00
0.000000000000000000e+00
0.000000000000000000e+00
0.000000000000000000e+00
4.717270250398419407e+00
0.000000000000000000e+00
0.000000000000000000e+00
0.000000000000000000e+00
0.000000000000000000e+00
0.000000000000000000e+00
0.000000000000000000e+00
0.000000000000000000e+00
8.397371280844648567e+00
2.090695514962860457e+01
0.000000000000000000e+00
0.000000000000000000e+00
0.000000000000000000e+00
3.228162792749682097e+01
0.000000000000000000e+00
0.000000000000000000e+00
1.195772435329266692e+00
0.000000000000000000e+00
7.438563625160064419e+00
0.000000000000000000e+00
0.000000000000000000e+00
0.000000000000000000e+00
1.717552721041347397e+01
2.609422334612579419e+01
0.000000000000000000e+00
0.000000000000000000e+00
0.000000000000000000e+00
1.759202547035785003e+01
0.000000000000000000e+00
1.090500861880158645e+01
2.931741265093052107e+00
0.000000000000000000e+00
0.000000000000000000e+00
0.000000000000000000e+00
7.832024002800938689e+00
0.000000000000000000e+00
0.000000000000000000e+00
0.000000000000000000e+00
0.000000000000000000e+00
0.000000000000000000e+00
0.000000000000000000e+00
2.448065692746346667e+00
2.079919148818851227e+01
1.993850668172306229e+01
0.000000000000000000e+00
0.000000000000000000e+00
1.556690509508850573e+00
0.000000000000000000e+00
1.943308480782823722e+01
1.379840115448465809e+01
0.000000000000000000e+00
0.000000000000000000e+00
0.000000000000000000e+00
0.000000000000000000e+00
5.170720420392688865e+00
0.000000000000000000e+00
7.094585917253198204e+00
0.000000000000000000e+00
0.000000000000000000e+00
0.000000000000000000e+00
0.000000000000000000e+00
0.000000000000000000e+00
0.000000000000000000e+00
6.120600449141711863e+00
0.000000000000000000e+00
6.166314904097336402e+00
0.000000000000000000e+00
2.416644582673023578e+01
0.000000000000000000e+00
0.000000000000000000e+00
9.093815361707237699e+00
0.000000000000000000e+00
0.000000000000000000e+00
3.624818725002443731e+00
0.000000000000000000e+00
7.766004124721097135e+00
1.811539916143561868e+01
1.416644582673017361e+01
9.170130937564211493e+00
0.000000000000000000e+00
2.009373164527644562e+01
0.000000000000000000e+00
0.000000000000000000e+00
9.368572983181280733e+00
5.368217085365762919e+00
1.269523496079942504e+01
1.759202052896745627e+01
1.680331632170792844e+01
0.000000000000000000e+00
0.000000000000000000e+00
2.270268362414239682e+00
0.000000000000000000e+00
0.000000000000000000e+00
0.000000000000000000e+00
1.037429813768763331e+01
0.000000000000000000e+00
1.043247660709804059e+01
2.181045438182549479e+00
1.339737128084470186e+01
0.000000000000000000e+00
0.000000000000000000e+00
0.000000000000000000e+00
0.000000000000000000e+00
0.000000000000000000e+00
8.410511279392707706e+00
0.000000000000000000e+00
1.693850668172304452e+01
0.000000000000000000e+00
0.000000000000000000e+00
2.617326642958618876e+01
0.000000000000000000e+00
6.907203028210422424e+00
0.000000000000000000e+00
0.000000000000000000e+00
1.845886459912167155e+01
0.000000000000000000e+00
1.436857298318127540e+01
1.980004011621154092e+01
0.000000000000000000e+00
0.000000000000000000e+00
0.000000000000000000e+00
0.000000000000000000e+00
1.809373164527645983e+01
0.000000000000000000e+00
0.000000000000000000e+00
1.759202566246155897e+01
8.365819748750343621e+00
0.000000000000000000e+00
0.000000000000000000e+00
0.000000000000000000e+00
0.000000000000000000e+00
2.025726575360615556e+01
0.000000000000000000e+00
2.118744517531301952e+01
9.431870390061176224e+00
2.142774682324172275e+01
0.000000000000000000e+00
0.000000000000000000e+00
0.000000000000000000e+00
0.000000000000000000e+00
2.397371280844663666e+00
0.000000000000000000e+00
3.098394546049003218e+00
2.180779347015766945e+01
0.000000000000000000e+00
6.115830177438043691e+00
0.000000000000000000e+00
0.000000000000000000e+00
0.000000000000000000e+00
0.000000000000000000e+00
1.441445652639239405e-01
1.443927464991523379e+01
1.681171807870565615e+01
0.000000000000000000e+00
1.696130856310619350e+01
0.000000000000000000e+00
0.000000000000000000e+00
0.000000000000000000e+00
0.000000000000000000e+00
0.000000000000000000e+00
0.000000000000000000e+00
