2.065462783861336504e+01
0.000000000000000000e+00
2.570209842576843684e+01
0.000000000000000000e+00
4.184855460787998971e-01
0.000000000000000000e+00
8.401682645638251401e+00
0.000000000000000000e+00
0.000000000000000000e+00
0.000000000000000000e+00
2.075554290595684392e+01
0.000000000000000000e+00
0.000000000000000000e+00
8.431873714054537672e+00
0.000000000000000000e+00
0.000000000000000000e+00
0.000000000000000000e+00
0.000000000000000000e+00
0.000000000000000000e+00
0.000000000000000000e+00
0.000000000000000000e+00
0.000000000000000000e+00
0.000000000000000000e+00
8.228926140264013256e+00
2.044604407717757155e+01
6.084468269838055221e+00
0.000000000000000000e+00
0.000000000000000000e+00
0.000000000000000000e+00
0.000000000000000000e+00
0.000000000000000000e+00
0.000000000000000000e+00
2.619308549156935229e+00
0.000000000000000000e+00
0.000000000000000000e+00
0.000000000000000000e+00
4.142230759632623105e+00
2.497205946757631878e+01
0.000000000000000000e+00
0.000000000000000000e+00
1.035666037555561481e+01
0.000000000000000000e+00
0.000000000000000000e+00
1.297205946757642536e+01
1.061675121194852700e+01
1.844610639874933611e+01
2.657132640968076842e+01
9.972369230729025702e+00
6.495790838279920543e+00
0.000000000000000000e+00
0.000000000000000000e+00
0.000000000000000000e+00
2.322819605691863032e+01
0.000000000000000000e+00
0.000000000000000000e+00
3.880254945967653413e+00
4.908030888936492531e+00
2.084468269838038790e+00
1.046524934503307058e+01
0.000000000000000000e+00
0.000000000000000000e+00
0.000000000000000000e+00
0.000000000000000000e+00
0.000000000000000000e+00
8.972369230728999057e+00
2.044604407717757155e+01
0.000000000000000000e+00
0.000000000000000000e+00
0.000000000000000000e+00
4.972059467576322334e+00
0.000000000000000000e+00
0.000000000000000000e+00
0.000000000000000000e+00
1.475554290595682438e+01
0.000000000000000000e+00
0.000000000000000000e+00
0.000000000000000000e+00
0.000000000000000000e+00
0.000000000000000000e+00
0.000000000000000000e+00
0.000000000000000000e+00
0.000000000000000000e+00
1.544643510530912245e+01
0.000000000000000000e+00
2.155169245394197741e+00
0.000000000000000000e+00
1.232856014375864007e+01
2.375622862505209199e+01
2.857132640968077553e+01
7.301988148394031874e+00
0.000000000000000000e+00
2.197817038212087226e+01
0.000000000000000000e+00
2.857132640968077553e+01
0.000000000000000000e+00
0.000000000000000000e+00
0.000000000000000000e+00
0.000000000000000000e+00
2.327624879434409522e+01
0.000000000000000000e+00
0.000000000000000000e+00
1.881063638968656448e+01
0.000000000000000000e+00
2.775622862505219501e+01
2.875622862505219501e+01
1.546501666218570037e+01
6.391489492616773127e+00
0.000000000000000000e+00
3.431884449874649690e+00
5.595467219357244559e+00
0.000000000000000000e+00
3.275622862505224475e+01
0.000000000000000000e+00
8.432857042420128124e+00
5.033377540314383225e+00
1.532825038060607881e+01
2.344944064148114238e-01
5.898982485097346462e+00
0.000000000000000000e+00
0.000000000000000000e+00
0.000000000000000000e+00
0.000000000000000000e+00
3.685220519314242882e+00
0.000000000000000000e+00
0.000000000000000000e+00
0.000000000000000000e+00
2.975622862505217370e+01
0.000000000000000000e+00
0.000000000000000000e+00
1.197438811179606333e+01
-5.912665523585134558e-02
1.139000404566526647e+01
0.000000000000000000e+00
0.000000000000000000e+00
0.000000000000000000e+00
2.540072232207544900e+01
2.973132576427949481e+00
0.000000000000000000e+00
0.000000000000000000e+00
-2.691658690147292088e+00
0.000000000000000000e+00
2.698790795921342411e+00
3.687239400381268073e+00
0.000000000000000000e+00
0.000000000000000000e+00
7.022168023309353302e+00
0.000000000000000000e+00
1.351372149441829862e+01
2.146501666218561866e+01
1.940167657460674988e+01
0.000000000000000000e+00
0.000000000000000000e+00
0.000000000000000000e+00
0.000000000000000000e+00
2.075672474367194198e+01
1.797205946757637918e+01
0.000000000000000000e+00
1.244693366066201889e+01
0.000000000000000000e+00
0.000000000000000000e+00
0.000000000000000000e+00
0.000000000000000000e+00
2.975622862505217370e+01
0.000000000000000000e+00
0.000000000000000000e+00
1.211453393422353209e+01
0.000000000000000000e+00
0.000000000000000000e+00
0.000000000000000000e+00
0.000000000000000000e+00
0.000000000000000000e+00
1.332823964478590284e+01
1.839000404566529667e+01
0.000000000000000000e+00
0.000000000000000000e+00
0.000000000000000000e+00
0.000000000000000000e+00
1.733057902482574519e+01
0.000000000000000000e+00
0.000000000000000000e+00
2.975622862505217370e+01
0.000000000000000000e+00
2.657133398741754249e+01
1.611453393422350544e+01
2.570209842576843684e+01
2.728277356808321397e+00
0.000000000000000000e+00
2.113058944837479558e+01
4.684900020341507876e+00
0.000000000000000000e+00
0.000000000000000000e+00
1.332755503473289060e+01
2.879959542082390023e+00
2.813001329019810015e+01
0.000000000000000000e+00
1.508446826983799660e+01
2.632823964478602718e+01
0.000000000000000000e+00
0.000000000000000000e+00
1.000476221312929859e+01
0.000000000000000000e+00
3.123676821976479889e+00
0.000000000000000000e+00
0.000000000000000000e+00
0.000000000000000000e+00
1.332755503473289060e+01
1.245598565868145435e+01
6.417485208802471419e+00
2.246501666218560800e+01
2.244693366066199047e+01
2.175819371962638726e+01
9.865084031185819002e-01
2.138394085167493852e+00
0.000000000000000000e+00
1.846501666218567550e+01
1.415938554807905980e+01
0.000000000000000000e+00
1.013031657243807615e+01
0.000000000000000000e+00
9.432857042420119242e+00
0.000000000000000000e+00
0.000000000000000000e+00
1.610244753696145059e-01
4.356828263416584690e+00
1.885913189068505602e+01
0.000000000000000000e+00
0.000000000000000000e+00
0.000000000000000000e+00
1.011453393422353209e+01
3.534172752314527433e+00
0.000000000000000000e+00
7.356660375555597042e+00
0.000000000000000000e+00
1.413564223705905576e+01
0.000000000000000000e+00
0.000000000000000000e+00
0.000000000000000000e+00
0.000000000000000000e+00
2.475622862505209199e+01
1.154289530291625709e+01
2.044604407717757155e+01
0.000000000000000000e+00
0.000000000000000000e+00
0.000000000000000000e+00
0.000000000000000000e+00
0.000000000000000000e+00
1.352278488382929922e+01
2.670209842576842618e+01
0.000000000000000000e+00
0.000000000000000000e+00
0.000000000000000000e+00
1.300482614654557167e+01
2.511357361066061600e+01
0.000000000000000000e+00
7.417078774247031880e+00
1.826162245893116376e+00
6.295899205068367088e+00
0.000000000000000000e+00
1.297303206012186649e+01
0.000000000000000000e+00
0.000000000000000000e+00
2.339560062608949309e+01
0.000000000000000000e+00
1.046524934503307058e+01
2.475622862505209199e+01
0.000000000000000000e+00
0.000000000000000000e+00
9.865084031185819002e-01
0.000000000000000000e+00
0.000000000000000000e+00
2.972149248062362581e+00
5.441128645393629171e+00
2.670209842576842618e+01
0.000000000000000000e+00
0.000000000000000000e+00
0.000000000000000000e+00
0.000000000000000000e+00
0.000000000000000000e+00
0.000000000000000000e+00
0.000000000000000000e+00
0.000000000000000000e+00
0.000000000000000000e+00
6.972048731756194329e+00
1.516078757168052782e+01
2.044604407717757155e+01
6.974388111795966516e+00
1.141833950000636477e+01
7.356660375555597042e+00
5.084468269838049004e+00
0.000000000000000000e+00
1.132922297315147020e+01
0.000000000000000000e+00
0.000000000000000000e+00
0.000000000000000000e+00
8.759918705844931708e+00
-9.303481582621848656e-01
0.000000000000000000e+00
4.084468269838041898e+00
0.000000000000000000e+00
0.000000000000000000e+00
1.839087042895144464e+01
0.000000000000000000e+00
4.908995004340757085e+00
0.000000000000000000e+00
4.402791596849149336e+00
3.913996439397880778e+00
6.084468269838055221e+00
0.000000000000000000e+00
0.000000000000000000e+00
0.000000000000000000e+00
0.000000000000000000e+00
0.000000000000000000e+00
1.670209842576840842e+01
0.000000000000000000e+00
0.000000000000000000e+00
7.058389339944118213e+00
3.244666236855873365e+01
0.000000000000000000e+00
3.253376295589537559e+00
2.760323658343973641e+00
0.000000000000000000e+00
0.000000000000000000e+00
6.329222973151508391e+00
2.740160486038296384e+01
0.000000000000000000e+00
0.000000000000000000e+00
0.000000000000000000e+00
1.233057902482566348e+01
1.040168264563826739e+01
6.117848864120949415e+00
0.000000000000000000e+00
0.000000000000000000e+00
9.004762213129287929e+00
0.000000000000000000e+00
1.240168264563826384e+01
1.611815361346714681e+01
0.000000000000000000e+00
-6.846342154524676538e+00
0.000000000000000000e+00
0.000000000000000000e+00
3.158030484892361489e+00
2.246501666218560800e+01
1.688158934525326504e+00
0.000000000000000000e+00
0.000000000000000000e+00
0.000000000000000000e+00
3.257132640968067250e+01
0.000000000000000000e+00
0.000000000000000000e+00
0.000000000000000000e+00
0.000000000000000000e+00
7.684910756161647427e+00
0.000000000000000000e+00
8.907564035761300403e+00
9.329222973151498621e+00
0.000000000000000000e+00
0.000000000000000000e+00
9.972369230729025702e+00
0.000000000000000000e+00
0.000000000000000000e+00
3.431873714054504809e+00
0.000000000000000000e+00
0.000000000000000000e+00
0.000000000000000000e+00
1.075622862505208666e+01
0.000000000000000000e+00
2.431974230360689937e+00
1.844112864539364693e+01
0.000000000000000000e+00
0.000000000000000000e+00
0.000000000000000000e+00
3.863522599165094995e+00
2.044722786171946538e+01
2.175899160684377520e+01
1.300476221312930392e+01
0.000000000000000000e+00
1.097236923072904347e+01
3.032856014375880349e+01
0.000000000000000000e+00
0.000000000000000000e+00
0.000000000000000000e+00
7.159608237219379667e+00
0.000000000000000000e+00
0.000000000000000000e+00
0.000000000000000000e+00
0.000000000000000000e+00
1.083724330598338170e+01
0.000000000000000000e+00
0.000000000000000000e+00
0.000000000000000000e+00
2.044604407717757155e+01
0.000000000000000000e+00
0.000000000000000000e+00
0.000000000000000000e+00
2.611453393422344504e+01
0.000000000000000000e+00
3.025610675338151201e-01
1.732856014375872178e+01
0.000000000000000000e+00
0.000000000000000000e+00
0.000000000000000000e+00
1.140530232488189988e+01
0.000000000000000000e+00
0.000000000000000000e+00
0.000000000000000000e+00
0.000000000000000000e+00
0.000000000000000000e+00
1.633057902482572388e+01
0.000000000000000000e+00
9.118153613467161023e+00
0.000000000000000000e+00
0.000000000000000000e+00
0.000000000000000000e+00
2.068491075616161723e+01
1.051314186015722640e+01
0.000000000000000000e+00
0.000000000000000000e+00
1.746501666218568971e+01
2.675622862505212041e+01
0.000000000000000000e+00
2.035666037555562369e+01
1.343239090381544365e+01
9.690583859902597297e+00
0.000000000000000000e+00
7.026557048127095584e-01
0.000000000000000000e+00
1.175622862505208488e+01
2.708251979104943974e+00
1.540535335461030542e+01
1.015551165910677689e+01
2.770209842576840842e+01
0.000000000000000000e+00
1.685822097482403192e+00
1.345141640231694957e+01
0.000000000000000000e+00
3.714136729357438771e+00
1.670209842576840842e+01
0.000000000000000000e+00
1.922800444671290521e+01
2.070209842576843684e+01
0.000000000000000000e+00
0.000000000000000000e+00
7.282773568083191762e-01
0.000000000000000000e+00
0.000000000000000000e+00
0.000000000000000000e+00
0.000000000000000000e+00
0.000000000000000000e+00
0.000000000000000000e+00
0.000000000000000000e+00
0.000000000000000000e+00
6.114172124850509427e+00
0.000000000000000000e+00
0.000000000000000000e+00
0.000000000000000000e+00
0.000000000000000000e+00
0.000000000000000000e+00
0.000000000000000000e+00
2.188102339106614114e+00
7.458327050820517279e+00
0.000000000000000000e+00
0.000000000000000000e+00
0.000000000000000000e+00
8.865096353095802684e+00
0.000000000000000000e+00
3.105875253678128889e+00
0.000000000000000000e+00
0.000000000000000000e+00
9.084468269838065879e+00
2.875622862505219501e+01
0.000000000000000000e+00
0.000000000000000000e+00
4.004735779927761641e+00
0.000000000000000000e+00
0.000000000000000000e+00
2.446501666218561155e+01
0.000000000000000000e+00
8.129930062832318782e+00
0.000000000000000000e+00
0.000000000000000000e+00
8.759918814992795788e+00
9.432857042420119242e+00
0.000000000000000000e+00
0.000000000000000000e+00
7.117932125687494782e+00
4.908030888936492531e+00
0.000000000000000000e+00
0.000000000000000000e+00
0.000000000000000000e+00
0.000000000000000000e+00
0.000000000000000000e+00
2.375622862505209199e+01
0.000000000000000000e+00
0.000000000000000000e+00
0.000000000000000000e+00
0.000000000000000000e+00
1.168522051931423356e+01
1.251895627920734100e+01
2.957132640968074710e+01
0.000000000000000000e+00
2.657230973804635710e+01
0.000000000000000000e+00
0.000000000000000000e+00
0.000000000000000000e+00
1.389603678751475258e+01
0.000000000000000000e+00
0.000000000000000000e+00
7.973328007583545762e+00
0.000000000000000000e+00
0.000000000000000000e+00
0.000000000000000000e+00
1.970209842576845105e+01
0.000000000000000000e+00
0.000000000000000000e+00
0.000000000000000000e+00
1.275991881499278158e+01
0.000000000000000000e+00
0.000000000000000000e+00
0.000000000000000000e+00
0.000000000000000000e+00
0.000000000000000000e+00
0.000000000000000000e+00
1.513564223705905043e+01
0.000000000000000000e+00
6.615170910075996780e+00
0.000000000000000000e+00
0.000000000000000000e+00
1.497589983397700131e+01
2.440168264563828870e+01
1.832755503473289949e+01
0.000000000000000000e+00
0.000000000000000000e+00
1.855721136830670748e+00
2.316088094351446358e+01
0.000000000000000000e+00
0.000000000000000000e+00
0.000000000000000000e+00
0.000000000000000000e+00
1.539424139418038884e+01
0.000000000000000000e+00
1.836717208059798878e+01
9.906882733660286044e-01
6.400745908049866983e+00
0.000000000000000000e+00
1.746501666218568971e+01
0.000000000000000000e+00
8.130511493600444339e+00
0.000000000000000000e+00
0.000000000000000000e+00
0.000000000000000000e+00
0.000000000000000000e+00
0.000000000000000000e+00
0.000000000000000000e+00
0.000000000000000000e+00
1.475622862505201738e+01
0.000000000000000000e+00
3.146765996204054172e+00
1.245598565868145435e+01
1.445832705082056080e+01
0.000000000000000000e+00
0.000000000000000000e+00
0.000000000000000000e+00
1.018810233910665275e+01
3.728277356808311627e+00
1.678651572172415118e+00
0.000000000000000000e+00
2.370209842576843329e+01
0.000000000000000000e+00
0.000000000000000000e+00
0.000000000000000000e+00
1.937892363398581352e+01
0.000000000000000000e+00
2.283096909141410435e+01
3.441128645393603858e+00
6.400745908049866983e+00
2.297236923072894044e+01
0.000000000000000000e+00
7.160409402620367736e+00
0.000000000000000000e+00
0.000000000000000000e+00
2.275636776411155182e+01
3.176317030880976056e+00
8.728277356808337828e+00
1.476675718387930836e+01
1.345832705082052527e+01
0.000000000000000000e+00
0.000000000000000000e+00
2.470209842576843684e+01
0.000000000000000000e+00
0.000000000000000000e+00
1.100476221312931635e+01
1.286647447748712647e+00
2.532825038060615341e+01
0.000000000000000000e+00
2.375072534896780940e+00
0.000000000000000000e+00
0.000000000000000000e+00
0.000000000000000000e+00
0.000000000000000000e+00
0.000000000000000000e+00
0.000000000000000000e+00
0.000000000000000000e+00
1.345141640231694957e+01
0.000000000000000000e+00
0.000000000000000000e+00
0.000000000000000000e+00
7.356660375555597042e+00
0.000000000000000000e+00
2.041772410842478180e+01
0.000000000000000000e+00
6.684910756161654533e+00
0.000000000000000000e+00
0.000000000000000000e+00
0.000000000000000000e+00
3.175819371962632331e+01
1.575622862505202981e+01
0.000000000000000000e+00
7.114533934223544520e+00
5.908584486558368098e+00
2.292147573198938204e+01
3.175622862505226962e+01
1.775622862505208133e+01
0.000000000000000000e+00
0.000000000000000000e+00
0.000000000000000000e+00
0.000000000000000000e+00
0.000000000000000000e+00
1.232755503473290659e+01
3.786566695606431221e+00
2.346501666218560800e+01
0.000000000000000000e+00
0.000000000000000000e+00
0.000000000000000000e+00
0.000000000000000000e+00
0.000000000000000000e+00
0.000000000000000000e+00
0.000000000000000000e+00
1.150397137456084629e+01
9.392416125406160887e+00
0.000000000000000000e+00
0.000000000000000000e+00
2.775622862505219501e+01
0.000000000000000000e+00
0.000000000000000000e+00
0.000000000000000000e+00
0.000000000000000000e+00
0.000000000000000000e+00
0.000000000000000000e+00
0.000000000000000000e+00
0.000000000000000000e+00
0.000000000000000000e+00
1.511453393422350366e+01
0.000000000000000000e+00
0.000000000000000000e+00
0.000000000000000000e+00
0.000000000000000000e+00
1.218810233910664387e+01
1.345141640231694957e+01
2.270209842576842973e+01
5.441128645393629171e+00
0.000000000000000000e+00
0.000000000000000000e+00
0.000000000000000000e+00
1.946501666218565418e+01
0.000000000000000000e+00
2.046501666218561155e+01
0.000000000000000000e+00
0.000000000000000000e+00
2.425731083137778299e+00
0.000000000000000000e+00
-2.814926136470926599e-01
2.244693366066199047e+01
0.000000000000000000e+00
4.084468269838041898e+00
7.877115092976073818e+00
0.000000000000000000e+00
0.000000000000000000e+00
0.000000000000000000e+00
0.000000000000000000e+00
0.000000000000000000e+00
2.040460274323089607e+01
0.000000000000000000e+00
2.020258168020979461e+00
0.000000000000000000e+00
0.000000000000000000e+00
0.000000000000000000e+00
6.143178914875828234e+00
0.000000000000000000e+00
0.000000000000000000e+00
9.112247411467354397e+00
2.044604407717757155e+01
0.000000000000000000e+00
2.675622862505212041e+01
0.000000000000000000e+00
5.971111702548379974e+00
0.000000000000000000e+00
7.973032060121806097e+00
1.011453393422353209e+01
0.000000000000000000e+00
0.000000000000000000e+00
0.000000000000000000e+00
4.415058744655296352e-01
1.900626900836111854e+00
0.000000000000000000e+00
1.740527137079752507e+01
8.932018724469038551e-01
0.000000000000000000e+00
0.000000000000000000e+00
1.239840981673888365e+01
0.000000000000000000e+00
0.000000000000000000e+00
1.486150762793652902e+01
0.000000000000000000e+00
0.000000000000000000e+00
1.346501666218570925e+01
0.000000000000000000e+00
0.000000000000000000e+00
1.286139432936939286e+01
0.000000000000000000e+00
2.876173037721458670e+01
2.070209842576843684e+01
0.000000000000000000e+00
0.000000000000000000e+00
1.161661571433983475e+01
3.884773103715806197e+00
8.140513250989998895e+00
0.000000000000000000e+00
0.000000000000000000e+00
2.434313610400464345e+00
0.000000000000000000e+00
0.000000000000000000e+00
5.573064353312586761e+00
7.432857042420090821e+00
0.000000000000000000e+00
3.862616579147479801e+00
1.346501666218570925e+01
0.000000000000000000e+00
1.597773257131735747e+01
0.000000000000000000e+00
4.903609648000420762e+00
0.000000000000000000e+00
0.000000000000000000e+00
0.000000000000000000e+00
2.341707877424704520e+01
1.311357361066068172e+01
6.160900868464223912e+00
1.916510302595789383e+01
0.000000000000000000e+00
2.375622862505209199e+01
2.632856014375877507e+01
6.360953126158949367e+00
2.211440584318963687e+01
6.860547304373727506e+00
5.865147232129895194e+00
0.000000000000000000e+00
0.000000000000000000e+00
1.189866585258539544e+01
0.000000000000000000e+00
5.972048731756177453e+00
0.000000000000000000e+00
2.468490002034149455e+01
0.000000000000000000e+00
0.000000000000000000e+00
3.354583722330393147e+00
0.000000000000000000e+00
0.000000000000000000e+00
0.000000000000000000e+00
0.000000000000000000e+00
1.503933420805825705e+01
0.000000000000000000e+00
5.402014235344261728e+00
0.000000000000000000e+00
0.000000000000000000e+00
0.000000000000000000e+00
1.568490002034145903e+01
0.000000000000000000e+00
4.038263248043332254e+00
1.132755503473292258e+01
1.332823964478590284e+01
0.000000000000000000e+00
6.103634069268583318e+00
1.432823964478595080e+01
0.000000000000000000e+00
0.000000000000000000e+00
1.744635688988228495e+01
1.114308965069595736e+01
0.000000000000000000e+00
0.000000000000000000e+00
2.697457353993069162e+01
1.411453393422350722e+01
0.000000000000000000e+00
0.000000000000000000e+00
0.000000000000000000e+00
0.000000000000000000e+00
0.000000000000000000e+00
0.000000000000000000e+00
1.983537764283708071e+01
2.779340172080074112e+00
0.000000000000000000e+00
1.013944412266435258e+01
2.044604407717757155e+01
0.000000000000000000e+00
5.142625717696771126e+00
0.000000000000000000e+00
1.084468269838032795e+00
0.000000000000000000e+00
2.679384236818391329e+01
1.732856014375872178e+01
7.188102339106621663e+00
1.832755503473289949e+01
2.246501666218560800e+01
0.000000000000000000e+00
0.000000000000000000e+00
0.000000000000000000e+00
0.000000000000000000e+00
5.759504582440749587e+00
1.078077545220516242e+01
1.875622862505206001e+01
0.000000000000000000e+00
0.000000000000000000e+00
0.000000000000000000e+00
0.000000000000000000e+00
9.902822573932107408e-01
1.867871845520947260e-01
0.000000000000000000e+00
0.000000000000000000e+00
0.000000000000000000e+00
0.000000000000000000e+00
6.441128645393639829e+00
0.000000000000000000e+00
0.000000000000000000e+00
0.000000000000000000e+00
0.000000000000000000e+00
0.000000000000000000e+00
1.797430535086672876e+01
0.000000000000000000e+00
0.000000000000000000e+00
0.000000000000000000e+00
9.327555034732915473e+00
1.511357361066065863e+01
1.032755503473293146e+01
3.456950877300462022e+00
2.168490002034145192e+01
0.000000000000000000e+00
0.000000000000000000e+00
1.011696243866388123e+01
1.715938554807907224e+01
0.000000000000000000e+00
0.000000000000000000e+00
0.000000000000000000e+00
7.972059467576362302e+00
7.813283829920885992e+00
0.000000000000000000e+00
0.000000000000000000e+00
1.465462783861333129e+01
0.000000000000000000e+00
0.000000000000000000e+00
2.575622862505209199e+01
1.540072232207537439e+01
0.000000000000000000e+00
0.000000000000000000e+00
0.000000000000000000e+00
0.000000000000000000e+00
0.000000000000000000e+00
2.246501666218560800e+01
1.444877811231615716e+01
7.685883348707087670e+00
2.671599626831985930e+00
0.000000000000000000e+00
8.876986983911166362e+00
2.922112019408162453e+00
2.685011272467827226e+00
0.000000000000000000e+00
0.000000000000000000e+00
4.328340161092087968e+00
5.974529776267020864e+00
0.000000000000000000e+00
0.000000000000000000e+00
1.844610639874933611e+01
3.463976581688511303e+00
0.000000000000000000e+00
2.757146554874028155e+01
0.000000000000000000e+00
6.550769041278220683e+00
0.000000000000000000e+00
1.287679302072518617e+01
0.000000000000000000e+00
0.000000000000000000e+00
0.000000000000000000e+00
0.000000000000000000e+00
0.000000000000000000e+00
0.000000000000000000e+00
7.405282587883047718e+00
3.108955363451557474e+01
0.000000000000000000e+00
6.356660375555581055e+00
0.000000000000000000e+00
0.000000000000000000e+00
0.000000000000000000e+00
2.075622862505207422e+01
0.000000000000000000e+00
5.441128645393629171e+00
0.000000000000000000e+00
4.684900020341507876e+00
0.000000000000000000e+00
2.173469227598794351e+00
7.405353354610335614e+00
0.000000000000000000e+00
0.000000000000000000e+00
0.000000000000000000e+00
2.870650515689484816e+00
0.000000000000000000e+00
4.684900020341507876e+00
0.000000000000000000e+00
0.000000000000000000e+00
4.391932582638095717e+00
0.000000000000000000e+00
0.000000000000000000e+00
1.084849352564425473e+01
0.000000000000000000e+00
0.000000000000000000e+00
1.544768284096687339e+01
0.000000000000000000e+00
0.000000000000000000e+00
0.000000000000000000e+00
0.000000000000000000e+00
0.000000000000000000e+00
1.440528258788301308e+01
0.000000000000000000e+00
2.370209842576843329e+01
3.357133714550083425e+01
0.000000000000000000e+00
0.000000000000000000e+00
1.272827735680828809e+01
0.000000000000000000e+00
0.000000000000000000e+00
0.000000000000000000e+00
8.877485187313478576e+00
0.000000000000000000e+00
0.000000000000000000e+00
3.084468269838038790e+00
0.000000000000000000e+00
1.076855067753054485e+01
0.000000000000000000e+00
0.000000000000000000e+00
1.740072232207544545e+01
0.000000000000000000e+00
1.261782627513591137e+01
1.670209842576840842e+01
0.000000000000000000e+00
1.340072232207538860e+01
5.114787738674213990e+00
0.000000000000000000e+00
1.068490002034149455e+01
0.000000000000000000e+00
3.127934035150159886e+00
0.000000000000000000e+00
0.000000000000000000e+00
0.000000000000000000e+00
1.011442063565637994e+01
0.000000000000000000e+00
1.544768284096687339e+01
3.038084336457148371e+00
3.257132640968067250e+01
0.000000000000000000e+00
1.408446826983801969e+01
0.000000000000000000e+00
0.000000000000000000e+00
0.000000000000000000e+00
0.000000000000000000e+00
0.000000000000000000e+00
0.000000000000000000e+00
0.000000000000000000e+00
0.000000000000000000e+00
1.544768284096687339e+01
0.000000000000000000e+00
0.000000000000000000e+00
0.000000000000000000e+00
1.608446826983801614e+01
2.851534476833351661e+01
0.000000000000000000e+00
0.000000000000000000e+00
1.239534709405577528e+00
0.000000000000000000e+00
2.040133741751409602e+01
0.000000000000000000e+00
1.841746528385281678e+01
0.000000000000000000e+00
0.000000000000000000e+00
2.546501666218560089e+01
0.000000000000000000e+00
0.000000000000000000e+00
0.000000000000000000e+00
0.000000000000000000e+00
1.345141640231694957e+01
0.000000000000000000e+00
1.900626900836111854e+00
0.000000000000000000e+00
0.000000000000000000e+00
0.000000000000000000e+00
