2.065252191129132342e+01
0.000000000000000000e+00
2.570209842576843684e+01
0.000000000000000000e+00
4.162433038575382160e-01
0.000000000000000000e+00
8.401682645638251401e+00
0.000000000000000000e+00
0.000000000000000000e+00
0.000000000000000000e+00
2.075147398403926857e+01
0.000000000000000000e+00
0.000000000000000000e+00
8.431873714054537672e+00
0.000000000000000000e+00
0.000000000000000000e+00
0.000000000000000000e+00
0.000000000000000000e+00
0.000000000000000000e+00
0.000000000000000000e+00
0.000000000000000000e+00
0.000000000000000000e+00
0.000000000000000000e+00
8.228944660153663548e+00
2.044604343997032458e+01
6.084468269838055221e+00
0.000000000000000000e+00
0.000000000000000000e+00
0.000000000000000000e+00
0.000000000000000000e+00
0.000000000000000000e+00
0.000000000000000000e+00
6.328236674176483056e+00
0.000000000000000000e+00
-2.134333043935589536e-01
0.000000000000000000e+00
4.144272112101358374e+00
2.497205946757631878e+01
0.000000000000000000e+00
0.000000000000000000e+00
1.035666037555561481e+01
0.000000000000000000e+00
0.000000000000000000e+00
1.297205946757642536e+01
1.061207327828707747e+01
1.978500409311176966e+01
2.657146554874024602e+01
9.972369230729025702e+00
6.529762612571436975e+00
0.000000000000000000e+00
1.270209842576840664e+01
0.000000000000000000e+00
2.322691002656303283e+01
0.000000000000000000e+00
0.000000000000000000e+00
3.880405019148656098e+00
4.908030054601987935e+00
2.084468269838038790e+00
1.610212355095569237e+01
0.000000000000000000e+00
0.000000000000000000e+00
0.000000000000000000e+00
0.000000000000000000e+00
0.000000000000000000e+00
8.972369230728999057e+00
2.044604367195017147e+01
0.000000000000000000e+00
0.000000000000000000e+00
0.000000000000000000e+00
4.972055785135503392e+00
0.000000000000000000e+00
0.000000000000000000e+00
0.000000000000000000e+00
1.475147398403924548e+01
0.000000000000000000e+00
0.000000000000000000e+00
0.000000000000000000e+00
0.000000000000000000e+00
0.000000000000000000e+00
0.000000000000000000e+00
0.000000000000000000e+00
0.000000000000000000e+00
1.544662355023092815e+01
0.000000000000000000e+00
2.461214511967830809e+00
0.000000000000000000e+00
1.232856014375864007e+01
2.375622862505209199e+01
2.857132640968077553e+01
7.299751773583619929e+00
0.000000000000000000e+00
2.199330356222053595e+01
0.000000000000000000e+00
2.857132640968077553e+01
0.000000000000000000e+00
0.000000000000000000e+00
0.000000000000000000e+00
0.000000000000000000e+00
2.327506731517254579e+01
0.000000000000000000e+00
0.000000000000000000e+00
1.880365128448392653e+01
0.000000000000000000e+00
2.857230973804636065e+01
2.875622862505219501e+01
1.546501666218570037e+01
6.390870090936990877e+00
7.327555034732912809e+00
3.431884449874649690e+00
5.594253635604434116e+00
0.000000000000000000e+00
3.275622862505224475e+01
0.000000000000000000e+00
8.432857042420128124e+00
5.031788394993854219e+00
1.532825038060607881e+01
2.306671335683878055e-01
5.895812370833893645e+00
0.000000000000000000e+00
0.000000000000000000e+00
0.000000000000000000e+00
0.000000000000000000e+00
3.685220519314242882e+00
0.000000000000000000e+00
0.000000000000000000e+00
0.000000000000000000e+00
2.975622862505217370e+01
1.975622862505204935e+01
0.000000000000000000e+00
1.197438811179606333e+01
0.000000000000000000e+00
1.139473211377793405e+01
0.000000000000000000e+00
0.000000000000000000e+00
0.000000000000000000e+00
2.540072232207544900e+01
2.973059734898363615e+00
0.000000000000000000e+00
0.000000000000000000e+00
4.084468269838041898e+00
0.000000000000000000e+00
2.698785556704447863e+00
3.687223064431805142e+00
0.000000000000000000e+00
0.000000000000000000e+00
7.406001167011323716e+00
0.000000000000000000e+00
1.351358795937249013e+01
2.146501666218561866e+01
1.940168264563826028e+01
0.000000000000000000e+00
0.000000000000000000e+00
0.000000000000000000e+00
0.000000000000000000e+00
2.075418663053786617e+01
1.797205946757637918e+01
0.000000000000000000e+00
1.244702369679888854e+01
0.000000000000000000e+00
0.000000000000000000e+00
9.458327050820502180e+00
0.000000000000000000e+00
2.975622862505217370e+01
0.000000000000000000e+00
0.000000000000000000e+00
1.211453393422353209e+01
0.000000000000000000e+00
0.000000000000000000e+00
0.000000000000000000e+00
1.156711176746031988e+01
0.000000000000000000e+00
1.332823964478590284e+01
1.839473211377794470e+01
0.000000000000000000e+00
0.000000000000000000e+00
0.000000000000000000e+00
0.000000000000000000e+00
1.733057902482574519e+01
0.000000000000000000e+00
0.000000000000000000e+00
2.975622862505217370e+01
0.000000000000000000e+00
2.657133398741754249e+01
1.611453393422350544e+01
2.570209842576843684e+01
2.728277356808321397e+00
0.000000000000000000e+00
2.113054099835282784e+01
4.684899556141544075e+00
0.000000000000000000e+00
0.000000000000000000e+00
1.332755503473289060e+01
2.901545103878986787e+00
2.813004139926300340e+01
0.000000000000000000e+00
1.508446826983799660e+01
2.632823964478602718e+01
0.000000000000000000e+00
0.000000000000000000e+00
1.000476221312929859e+01
0.000000000000000000e+00
3.123665251028163503e+00
0.000000000000000000e+00
1.332755503473289060e+01
1.732823964478597745e+01
1.332755503473289060e+01
1.246161355405375737e+01
6.417408187116012463e+00
2.246501666218560800e+01
2.244702369679886189e+01
2.175819405764075398e+01
9.858887118423877993e-01
2.137136512814654665e+00
9.458327050820502180e+00
1.980025034970163134e+01
1.415947483881621771e+01
0.000000000000000000e+00
1.013024139926302958e+01
0.000000000000000000e+00
9.432857042420119242e+00
0.000000000000000000e+00
0.000000000000000000e+00
1.575058351251091560e-01
4.356827919260132020e+00
1.885914414887772139e+01
0.000000000000000000e+00
0.000000000000000000e+00
0.000000000000000000e+00
1.011453393422353209e+01
3.533988226118455866e+00
0.000000000000000000e+00
7.356660375555597042e+00
1.170209842576840664e+01
1.413442828254072481e+01
0.000000000000000000e+00
0.000000000000000000e+00
0.000000000000000000e+00
0.000000000000000000e+00
2.475622862505209199e+01
1.154678317408505173e+01
2.044604323509927468e+01
0.000000000000000000e+00
0.000000000000000000e+00
0.000000000000000000e+00
0.000000000000000000e+00
0.000000000000000000e+00
1.352179205689317598e+01
2.670209842576842618e+01
0.000000000000000000e+00
0.000000000000000000e+00
0.000000000000000000e+00
1.300476221312930392e+01
2.511357361066061600e+01
0.000000000000000000e+00
7.417090110677745152e+00
1.826552542659369616e+00
6.304140603125083508e+00
0.000000000000000000e+00
1.297303206012186649e+01
0.000000000000000000e+00
0.000000000000000000e+00
2.339000565426486133e+01
0.000000000000000000e+00
1.046524430381699311e+01
2.475622862505209199e+01
0.000000000000000000e+00
0.000000000000000000e+00
9.858887118423877993e-01
0.000000000000000000e+00
0.000000000000000000e+00
2.972139510016009289e+00
5.441128645393629171e+00
2.717159517119947054e+01
0.000000000000000000e+00
0.000000000000000000e+00
0.000000000000000000e+00
0.000000000000000000e+00
0.000000000000000000e+00
0.000000000000000000e+00
0.000000000000000000e+00
0.000000000000000000e+00
0.000000000000000000e+00
6.972048731756194329e+00
1.515905280244819053e+01
2.044604307216989625e+01
6.974388111795966516e+00
1.141828160601876085e+01
7.356660375555597042e+00
5.084468269838049004e+00
0.000000000000000000e+00
1.132922297315147020e+01
0.000000000000000000e+00
0.000000000000000000e+00
0.000000000000000000e+00
8.759905231239988765e+00
4.742039221434062868e-01
0.000000000000000000e+00
4.084468269838041898e+00
0.000000000000000000e+00
0.000000000000000000e+00
1.839087009093707437e+01
0.000000000000000000e+00
4.908929095028173428e+00
0.000000000000000000e+00
5.151034066117755827e+00
3.911807553149899253e+00
6.084468269838055221e+00
0.000000000000000000e+00
-2.134333043935589536e-01
0.000000000000000000e+00
0.000000000000000000e+00
0.000000000000000000e+00
1.670209842576840842e+01
0.000000000000000000e+00
0.000000000000000000e+00
7.402798472149243914e+00
3.244662355023099565e+01
0.000000000000000000e+00
3.253730902104162936e+00
2.760973405978975670e+00
0.000000000000000000e+00
0.000000000000000000e+00
6.329220406992137171e+00
2.740168264563832778e+01
0.000000000000000000e+00
0.000000000000000000e+00
0.000000000000000000e+00
1.233057902482566348e+01
1.040168264563826739e+01
6.118168946841167966e+00
0.000000000000000000e+00
0.000000000000000000e+00
9.004762213129287929e+00
0.000000000000000000e+00
1.240168264563826384e+01
1.611815361346714681e+01
0.000000000000000000e+00
5.328460494031137529e+00
0.000000000000000000e+00
0.000000000000000000e+00
3.153956679161535437e+00
2.246501666218560800e+01
2.275158334719971975e+00
0.000000000000000000e+00
0.000000000000000000e+00
0.000000000000000000e+00
3.377318102370738728e+01
0.000000000000000000e+00
0.000000000000000000e+00
0.000000000000000000e+00
0.000000000000000000e+00
7.684910756161647427e+00
0.000000000000000000e+00
9.118149617407413032e+00
9.329222973151498621e+00
0.000000000000000000e+00
0.000000000000000000e+00
9.972369230729025702e+00
1.525738249461370266e+00
0.000000000000000000e+00
3.431873714054504809e+00
0.000000000000000000e+00
0.000000000000000000e+00
0.000000000000000000e+00
1.377835821058885735e+01
0.000000000000000000e+00
2.431974230360689937e+00
1.844112864539364693e+01
0.000000000000000000e+00
0.000000000000000000e+00
0.000000000000000000e+00
3.863576902710321281e+00
2.044722786171946538e+01
2.175899602609306527e+01
1.300476221312930392e+01
0.000000000000000000e+00
1.097236923072904347e+01
3.032856014375880349e+01
0.000000000000000000e+00
0.000000000000000000e+00
0.000000000000000000e+00
7.159674676382154601e+00
0.000000000000000000e+00
0.000000000000000000e+00
0.000000000000000000e+00
0.000000000000000000e+00
1.516650932074999680e+01
0.000000000000000000e+00
0.000000000000000000e+00
0.000000000000000000e+00
2.044604362980448187e+01
0.000000000000000000e+00
0.000000000000000000e+00
0.000000000000000000e+00
2.611453393422344504e+01
0.000000000000000000e+00
3.027990677781460249e-01
1.732856014375872178e+01
0.000000000000000000e+00
0.000000000000000000e+00
0.000000000000000000e+00
1.140530232488189988e+01
0.000000000000000000e+00
0.000000000000000000e+00
0.000000000000000000e+00
0.000000000000000000e+00
0.000000000000000000e+00
1.633057902482572388e+01
0.000000000000000000e+00
9.118153613467161023e+00
0.000000000000000000e+00
0.000000000000000000e+00
0.000000000000000000e+00
2.068491075616161723e+01
1.532823964478593304e+01
0.000000000000000000e+00
0.000000000000000000e+00
1.746501666218568971e+01
2.957133714550088754e+01
0.000000000000000000e+00
2.035666037555562369e+01
1.866844199771612267e+01
9.690583859902597297e+00
0.000000000000000000e+00
7.034665692709254348e-01
0.000000000000000000e+00
1.175622862505208488e+01
2.710135644609950933e+00
1.540530232488185014e+01
1.014915243953412372e+01
2.770209842576840842e+01
0.000000000000000000e+00
1.685774574744950849e+00
1.791825609734095082e+01
0.000000000000000000e+00
3.710935384627812361e+00
1.670209842576840842e+01
0.000000000000000000e+00
1.922482807323905263e+01
2.070209842576843684e+01
0.000000000000000000e+00
0.000000000000000000e+00
0.000000000000000000e+00
0.000000000000000000e+00
0.000000000000000000e+00
0.000000000000000000e+00
0.000000000000000000e+00
0.000000000000000000e+00
0.000000000000000000e+00
0.000000000000000000e+00
0.000000000000000000e+00
6.114557520198024676e+00
0.000000000000000000e+00
0.000000000000000000e+00
0.000000000000000000e+00
0.000000000000000000e+00
0.000000000000000000e+00
0.000000000000000000e+00
2.188102339106614114e+00
7.458327050820517279e+00
2.441128645393598529e+00
0.000000000000000000e+00
0.000000000000000000e+00
8.865127307180207694e+00
0.000000000000000000e+00
3.105855872184801747e+00
0.000000000000000000e+00
0.000000000000000000e+00
9.084468269838065879e+00
2.875622862505219501e+01
0.000000000000000000e+00
0.000000000000000000e+00
4.004724578531648760e+00
0.000000000000000000e+00
0.000000000000000000e+00
2.446501666218561155e+01
0.000000000000000000e+00
8.129941399263033830e+00
0.000000000000000000e+00
0.000000000000000000e+00
8.759283626620891994e+00
9.432857042420119242e+00
0.000000000000000000e+00
0.000000000000000000e+00
7.118153613467178786e+00
4.908030054601987935e+00
0.000000000000000000e+00
0.000000000000000000e+00
0.000000000000000000e+00
0.000000000000000000e+00
0.000000000000000000e+00
2.375622862505209199e+01
0.000000000000000000e+00
0.000000000000000000e+00
1.675622862505205291e+01
0.000000000000000000e+00
1.168522051931423356e+01
1.251898438827224069e+01
2.957132640968074710e+01
0.000000000000000000e+00
2.657230973804635710e+01
0.000000000000000000e+00
0.000000000000000000e+00
0.000000000000000000e+00
1.394566766048700579e+01
0.000000000000000000e+00
0.000000000000000000e+00
8.084468269838044563e+00
0.000000000000000000e+00
0.000000000000000000e+00
0.000000000000000000e+00
1.970209842576845105e+01
0.000000000000000000e+00
0.000000000000000000e+00
0.000000000000000000e+00
1.275928362662087601e+01
0.000000000000000000e+00
0.000000000000000000e+00
0.000000000000000000e+00
0.000000000000000000e+00
0.000000000000000000e+00
0.000000000000000000e+00
1.513462761159706282e+01
0.000000000000000000e+00
1.150910084722459636e+01
0.000000000000000000e+00
0.000000000000000000e+00
1.497591835386665160e+01
2.440168264563828870e+01
1.832755503473289949e+01
0.000000000000000000e+00
0.000000000000000000e+00
4.006157207205950144e+00
2.316067915030469138e+01
0.000000000000000000e+00
0.000000000000000000e+00
0.000000000000000000e+00
1.470209842576841730e+01
1.539416408282233384e+01
0.000000000000000000e+00
1.836361566249000177e+01
9.903902637232491202e-01
6.400744690704967432e+00
0.000000000000000000e+00
1.746501666218568971e+01
0.000000000000000000e+00
8.130341399263032898e+00
0.000000000000000000e+00
0.000000000000000000e+00
0.000000000000000000e+00
0.000000000000000000e+00
0.000000000000000000e+00
0.000000000000000000e+00
0.000000000000000000e+00
1.470209842576841730e+01
0.000000000000000000e+00
3.145121417282790599e+00
1.878844186428363372e+01
1.445832705082056080e+01
0.000000000000000000e+00
0.000000000000000000e+00
0.000000000000000000e+00
1.018810233910665275e+01
3.728277356808311627e+00
1.902155785011804712e+00
0.000000000000000000e+00
2.370209842576843329e+01
0.000000000000000000e+00
0.000000000000000000e+00
0.000000000000000000e+00
1.939416408282241022e+01
0.000000000000000000e+00
2.340491335276059459e+01
3.441128645393603858e+00
6.400743370609879968e+00
2.297236923072894044e+01
0.000000000000000000e+00
7.160378686104792223e+00
0.000000000000000000e+00
0.000000000000000000e+00
2.275636776411155182e+01
3.226829207917416120e+00
8.728277356808337828e+00
1.933392348434710684e+01
1.345832705082052527e+01
0.000000000000000000e+00
0.000000000000000000e+00
2.470209842576843684e+01
0.000000000000000000e+00
0.000000000000000000e+00
1.100476221312931635e+01
1.719510947642529652e+00
2.532825038060615341e+01
0.000000000000000000e+00
1.052167547397723624e+01
0.000000000000000000e+00
0.000000000000000000e+00
0.000000000000000000e+00
0.000000000000000000e+00
0.000000000000000000e+00
0.000000000000000000e+00
0.000000000000000000e+00
1.349149111537673207e+01
0.000000000000000000e+00
0.000000000000000000e+00
0.000000000000000000e+00
7.356660375555597042e+00
0.000000000000000000e+00
2.041758993215067264e+01
0.000000000000000000e+00
6.684910756161654533e+00
8.620143424505800622e-01
0.000000000000000000e+00
0.000000000000000000e+00
3.175819405764069003e+01
1.575622862505202981e+01
0.000000000000000000e+00
7.114533934223544520e+00
5.908271934632971956e+00
2.289834184950712981e+01
3.175622862505226962e+01
1.775622862505208133e+01
0.000000000000000000e+00
0.000000000000000000e+00
0.000000000000000000e+00
0.000000000000000000e+00
0.000000000000000000e+00
2.354688317408509945e+01
3.786566695606431221e+00
2.346501666218560800e+01
0.000000000000000000e+00
0.000000000000000000e+00
0.000000000000000000e+00
0.000000000000000000e+00
0.000000000000000000e+00
0.000000000000000000e+00
0.000000000000000000e+00
1.150106032425090774e+01
9.392470428951385841e+00
0.000000000000000000e+00
0.000000000000000000e+00
2.775622862505219501e+01
0.000000000000000000e+00
0.000000000000000000e+00
0.000000000000000000e+00
0.000000000000000000e+00
1.332755503473289060e+01
0.000000000000000000e+00
0.000000000000000000e+00
0.000000000000000000e+00
0.000000000000000000e+00
1.511453393422350366e+01
0.000000000000000000e+00
0.000000000000000000e+00
0.000000000000000000e+00
0.000000000000000000e+00
1.218810233910664387e+01
1.345134051429067412e+01
2.270209842576842973e+01
5.441128645393629171e+00
0.000000000000000000e+00
0.000000000000000000e+00
0.000000000000000000e+00
1.946501666218565418e+01
0.000000000000000000e+00
2.046501666218561155e+01
0.000000000000000000e+00
0.000000000000000000e+00
9.703156624464629232e+00
0.000000000000000000e+00
4.814366678845309333e-01
2.244702369679886189e+01
0.000000000000000000e+00
4.084468269838041898e+00
7.877115092976073818e+00
0.000000000000000000e+00
0.000000000000000000e+00
0.000000000000000000e+00
0.000000000000000000e+00
0.000000000000000000e+00
2.040529832882214123e+01
0.000000000000000000e+00
2.019264701141554763e+00
0.000000000000000000e+00
0.000000000000000000e+00
0.000000000000000000e+00
6.143206229534840190e+00
0.000000000000000000e+00
0.000000000000000000e+00
9.152974860724306438e+00
2.044604262348747170e+01
0.000000000000000000e+00
2.675622862505212041e+01
0.000000000000000000e+00
1.644786385507299542e+01
0.000000000000000000e+00
7.973032060121806097e+00
1.011453393422353209e+01
0.000000000000000000e+00
0.000000000000000000e+00
0.000000000000000000e+00
4.415020201267308986e-01
1.901315099874050896e+00
0.000000000000000000e+00
1.740530232488192652e+01
2.120948073243623888e+00
0.000000000000000000e+00
0.000000000000000000e+00
1.239811461433033024e+01
0.000000000000000000e+00
0.000000000000000000e+00
1.486150762793652902e+01
0.000000000000000000e+00
0.000000000000000000e+00
1.346501666218570925e+01
0.000000000000000000e+00
0.000000000000000000e+00
1.286150762793654501e+01
0.000000000000000000e+00
2.876194214012374317e+01
2.070209842576843684e+01
0.000000000000000000e+00
0.000000000000000000e+00
1.163909961023234985e+01
9.663719184031217324e+00
8.755246258477011878e+00
0.000000000000000000e+00
0.000000000000000000e+00
2.434313610400464345e+00
0.000000000000000000e+00
0.000000000000000000e+00
5.573496847224713946e+00
7.432857042420090821e+00
0.000000000000000000e+00
3.862613595992753002e+00
1.346501666218570925e+01
0.000000000000000000e+00
1.597773257131735747e+01
0.000000000000000000e+00
4.900131329642788636e+00
0.000000000000000000e+00
0.000000000000000000e+00
0.000000000000000000e+00
2.341709011067775847e+01
1.311357361066068172e+01
6.160696872651826972e+00
1.877923313543497130e+01
0.000000000000000000e+00
2.375622862505209199e+01
2.632856014375877507e+01
6.360950854134610921e+00
2.211453393422346281e+01
6.860547304373727506e+00
5.865147232129895194e+00
0.000000000000000000e+00
0.000000000000000000e+00
1.183831748844147391e+01
0.000000000000000000e+00
5.972048731756177453e+00
0.000000000000000000e+00
2.468490002034149455e+01
0.000000000000000000e+00
0.000000000000000000e+00
5.458327050820527937e+00
0.000000000000000000e+00
0.000000000000000000e+00
0.000000000000000000e+00
0.000000000000000000e+00
1.504402827094545714e+01
0.000000000000000000e+00
5.402108677127208658e+00
0.000000000000000000e+00
0.000000000000000000e+00
0.000000000000000000e+00
1.568490002034145903e+01
0.000000000000000000e+00
4.035242736355069582e+00
1.132755503473292258e+01
1.332823964478590284e+01
0.000000000000000000e+00
6.103634069268583318e+00
1.432823964478595080e+01
0.000000000000000000e+00
0.000000000000000000e+00
1.870209842576843684e+01
1.114320622953482598e+01
0.000000000000000000e+00
0.000000000000000000e+00
2.697288372027601611e+01
1.411453393422350722e+01
0.000000000000000000e+00
0.000000000000000000e+00
0.000000000000000000e+00
0.000000000000000000e+00
0.000000000000000000e+00
0.000000000000000000e+00
1.981288559089050949e+01
2.778288329145285118e+00
0.000000000000000000e+00
1.013944412266435258e+01
1.875957603982673660e+01
0.000000000000000000e+00
5.143168559539375906e+00
0.000000000000000000e+00
1.084468269838032795e+00
0.000000000000000000e+00
2.678993546054890729e+01
1.732856014375872178e+01
7.188102339106621663e+00
1.832755503473289949e+01
2.246501666218560800e+01
0.000000000000000000e+00
0.000000000000000000e+00
0.000000000000000000e+00
0.000000000000000000e+00
5.755402701519484410e+00
1.078953233026700076e+01
1.875622862505206001e+01
0.000000000000000000e+00
0.000000000000000000e+00
0.000000000000000000e+00
0.000000000000000000e+00
9.893621546583506454e-01
1.830605583016582105e-01
0.000000000000000000e+00
0.000000000000000000e+00
0.000000000000000000e+00
0.000000000000000000e+00
6.441128645393639829e+00
0.000000000000000000e+00
0.000000000000000000e+00
0.000000000000000000e+00
0.000000000000000000e+00
0.000000000000000000e+00
1.846501666218567550e+01
0.000000000000000000e+00
0.000000000000000000e+00
0.000000000000000000e+00
9.327555034732915473e+00
1.511357361066065863e+01
1.032755503473293146e+01
3.455010780328311437e+00
2.168490002034145192e+01
0.000000000000000000e+00
0.000000000000000000e+00
1.011688400330427839e+01
1.715947483881622659e+01
0.000000000000000000e+00
0.000000000000000000e+00
0.000000000000000000e+00
7.972059467576362302e+00
7.810446567214615499e+00
0.000000000000000000e+00
0.000000000000000000e+00
1.332856014375865428e+01
0.000000000000000000e+00
0.000000000000000000e+00
2.575622862505209199e+01
1.540072232207537439e+01
0.000000000000000000e+00
0.000000000000000000e+00
0.000000000000000000e+00
0.000000000000000000e+00
0.000000000000000000e+00
2.246501666218560800e+01
1.370209842576840309e+01
7.685883348707087670e+00
4.327555034732915473e+00
0.000000000000000000e+00
8.877015092976066057e+00
2.921409387720740991e+00
2.659272243862774943e+00
0.000000000000000000e+00
2.070209842576843684e+01
4.328306083010781791e+00
5.972839956612342682e+00
0.000000000000000000e+00
0.000000000000000000e+00
1.844610382685389638e+01
3.776675913455642686e+00
0.000000000000000000e+00
2.757146554874028155e+01
0.000000000000000000e+00
1.239811461433033024e+01
0.000000000000000000e+00
1.287681509297604521e+01
0.000000000000000000e+00
0.000000000000000000e+00
0.000000000000000000e+00
0.000000000000000000e+00
0.000000000000000000e+00
0.000000000000000000e+00
7.405302324881883003e+00
3.103453801493550301e+01
0.000000000000000000e+00
6.356660375555581055e+00
0.000000000000000000e+00
0.000000000000000000e+00
0.000000000000000000e+00
2.075622862505207422e+01
0.000000000000000000e+00
5.441128645393629171e+00
0.000000000000000000e+00
4.684899843057344526e+00
0.000000000000000000e+00
2.172765438180968900e+00
7.405302324881883003e+00
0.000000000000000000e+00
0.000000000000000000e+00
0.000000000000000000e+00
2.870638944741167986e+00
0.000000000000000000e+00
4.684898414298441338e+00
0.000000000000000000e+00
0.000000000000000000e+00
4.391900498613426684e+00
0.000000000000000000e+00
0.000000000000000000e+00
1.084807928185293768e+01
0.000000000000000000e+00
0.000000000000000000e+00
1.544851458720380855e+01
8.902007648750189794e-01
0.000000000000000000e+00
0.000000000000000000e+00
0.000000000000000000e+00
0.000000000000000000e+00
1.440530232488184659e+01
0.000000000000000000e+00
2.370209842576843329e+01
3.357133714550083425e+01
0.000000000000000000e+00
0.000000000000000000e+00
1.272827735680828809e+01
0.000000000000000000e+00
0.000000000000000000e+00
0.000000000000000000e+00
8.877315092976065358e+00
0.000000000000000000e+00
0.000000000000000000e+00
3.084468269838038790e+00
0.000000000000000000e+00
1.784679885677475042e+01
0.000000000000000000e+00
0.000000000000000000e+00
1.814776366573732602e+01
0.000000000000000000e+00
1.263909961023234096e+01
1.670209842576840842e+01
0.000000000000000000e+00
1.340072232207538860e+01
5.115248049893065030e+00
0.000000000000000000e+00
1.068490002034149455e+01
0.000000000000000000e+00
3.128825963077295214e+00
0.000000000000000000e+00
0.000000000000000000e+00
0.000000000000000000e+00
1.011453393422353209e+01
0.000000000000000000e+00
1.544905169684952462e+01
3.036274044843961573e+00
3.257132640968067250e+01
0.000000000000000000e+00
1.408446826983801969e+01
0.000000000000000000e+00
0.000000000000000000e+00
0.000000000000000000e+00
0.000000000000000000e+00
0.000000000000000000e+00
0.000000000000000000e+00
0.000000000000000000e+00
0.000000000000000000e+00
1.559638349901652532e+01
0.000000000000000000e+00
0.000000000000000000e+00
0.000000000000000000e+00
1.608446826983801614e+01
2.851405873797791557e+01
0.000000000000000000e+00
1.832755503473289949e+01
1.259071887166492987e+00
0.000000000000000000e+00
2.040168264563825673e+01
0.000000000000000000e+00
1.841739011067776843e+01
2.557134472323768293e+01
0.000000000000000000e+00
2.546501666218560089e+01
0.000000000000000000e+00
0.000000000000000000e+00
0.000000000000000000e+00
0.000000000000000000e+00
1.355925939059715368e+01
0.000000000000000000e+00
1.901315099874050896e+00
0.000000000000000000e+00
0.000000000000000000e+00
0.000000000000000000e+00
