1.334205272029374889e+01
0.000000000000000000e+00
0.000000000000000000e+00
0.000000000000000000e+00
0.000000000000000000e+00
2.107158073060733017e+01
4.918897957966637868e+00
7.780911161376371510e+00
3.106582088968205468e+01
0.000000000000000000e+00
0.000000000000000000e+00
-4.734246700248935014e+00
0.000000000000000000e+00
2.006162862967274307e+01
3.380870662210740729e+00
0.000000000000000000e+00
0.000000000000000000e+00
0.000000000000000000e+00
2.727652509383157664e+01
0.000000000000000000e+00
3.035786381905107856e-01
1.334205272029374889e+01
2.406716986351251109e+01
0.000000000000000000e+00
3.206582088968209376e+01
0.000000000000000000e+00
0.000000000000000000e+00
0.000000000000000000e+00
0.000000000000000000e+00
-1.190802795233401490e+01
0.000000000000000000e+00
1.015423574990735744e+01
0.000000000000000000e+00
1.648465810009085075e+01
1.797363700643795781e+01
1.434194447411975482e+01
8.877071986608639165e+00
0.000000000000000000e+00
6.154437259301153595e+00
0.000000000000000000e+00
4.303270392016527168e+00
0.000000000000000000e+00
9.352094957344100123e+00
0.000000000000000000e+00
0.000000000000000000e+00
0.000000000000000000e+00
-4.041071645843335780e+00
0.000000000000000000e+00
0.000000000000000000e+00
1.434194447411975482e+01
-2.139161741022505225e+00
-7.549443247018195358e+00
0.000000000000000000e+00
1.451263526848768493e+01
0.000000000000000000e+00
0.000000000000000000e+00
3.916368076075565696e+00
0.000000000000000000e+00
0.000000000000000000e+00
0.000000000000000000e+00
0.000000000000000000e+00
0.000000000000000000e+00
0.000000000000000000e+00
0.000000000000000000e+00
8.995458414328421526e+00
0.000000000000000000e+00
0.000000000000000000e+00
0.000000000000000000e+00
-7.143984300123237929e+00
0.000000000000000000e+00
3.303270392016520063e+00
3.227983494031217759e+01
0.000000000000000000e+00
3.074955011888787837e+00
0.000000000000000000e+00
0.000000000000000000e+00
0.000000000000000000e+00
2.506676986351250846e+01
0.000000000000000000e+00
2.123758862825575022e+01
0.000000000000000000e+00
0.000000000000000000e+00
0.000000000000000000e+00
3.006582088968199784e+01
3.127626271035888905e+01
0.000000000000000000e+00
0.000000000000000000e+00
0.000000000000000000e+00
3.206582088968209376e+01
0.000000000000000000e+00
-1.826303072740308231e+00
0.000000000000000000e+00
0.000000000000000000e+00
2.107158073060733017e+01
0.000000000000000000e+00
1.032182527793508875e+01
2.206923146514055745e+01
0.000000000000000000e+00
0.000000000000000000e+00
1.891619630921109163e+01
0.000000000000000000e+00
0.000000000000000000e+00
3.245398550547816452e+00
0.000000000000000000e+00
1.734194447411976725e+01
3.206582088968209376e+01
0.000000000000000000e+00
5.303270392016529833e+00
0.000000000000000000e+00
1.734194447411976725e+01
2.606636986351250940e+01
0.000000000000000000e+00
2.697754930524452988e+01
0.000000000000000000e+00
0.000000000000000000e+00
-5.740351370087726224e+00
0.000000000000000000e+00
2.306785500339927353e+01
2.606636986351250940e+01
3.106582088968205468e+01
1.588338335875561391e+01
0.000000000000000000e+00
3.006582088968199784e+01
3.303270392016520063e+00
1.024311483350070873e+01
2.806592913585592797e+01
9.875692086506653311e+00
6.241430845041699982e+00
1.634194447411979567e+01
0.000000000000000000e+00
3.293801118297907493e+01
3.006582088968199784e+01
0.000000000000000000e+00
0.000000000000000000e+00
0.000000000000000000e+00
0.000000000000000000e+00
0.000000000000000000e+00
2.806592913585592797e+01
1.088674498948470237e+01
0.000000000000000000e+00
0.000000000000000000e+00
1.534194447411978857e+01
0.000000000000000000e+00
0.000000000000000000e+00
1.787679835889187174e+01
0.000000000000000000e+00
0.000000000000000000e+00
1.828127960780157935e+01
0.000000000000000000e+00
0.000000000000000000e+00
0.000000000000000000e+00
0.000000000000000000e+00
0.000000000000000000e+00
2.213513561541736863e+01
0.000000000000000000e+00
0.000000000000000000e+00
2.206356612532369255e+00
0.000000000000000000e+00
-6.917313908356430563e-01
0.000000000000000000e+00
0.000000000000000000e+00
-8.870809420532124179e+00
5.360035451542865204e+00
2.228132184821816608e+01
0.000000000000000000e+00
0.000000000000000000e+00
0.000000000000000000e+00
0.000000000000000000e+00
0.000000000000000000e+00
0.000000000000000000e+00
0.000000000000000000e+00
0.000000000000000000e+00
2.206923146514055745e+01
2.606636986351250940e+01
1.334205272029374889e+01
9.352094957344100123e+00
2.323744950233459861e+01
1.724121010152624933e+01
-2.203089893382547196e-02
2.632695653963542881e+01
3.596263972447426482e+01
0.000000000000000000e+00
2.706612913585590974e+01
0.000000000000000000e+00
0.000000000000000000e+00
0.000000000000000000e+00
2.223758862825571470e+01
1.511899497742956378e+01
0.000000000000000000e+00
1.734194447411976725e+01
-2.087214958478208260e+00
3.206582088968209376e+01
0.000000000000000000e+00
5.206217486611251388e+00
0.000000000000000000e+00
2.827646421975265412e+01
0.000000000000000000e+00
0.000000000000000000e+00
0.000000000000000000e+00
0.000000000000000000e+00
0.000000000000000000e+00
1.035169495734409217e+01
0.000000000000000000e+00
0.000000000000000000e+00
0.000000000000000000e+00
0.000000000000000000e+00
0.000000000000000000e+00
0.000000000000000000e+00
0.000000000000000000e+00
2.806592913585592797e+01
0.000000000000000000e+00
1.587720109973265536e+01
2.007188007764436932e+01
0.000000000000000000e+00
8.352780097230830592e+00
7.892370350082440922e+00
2.024116085820898903e+01
1.434194447411975482e+01
0.000000000000000000e+00
3.416408038050306573e+00
0.000000000000000000e+00
0.000000000000000000e+00
0.000000000000000000e+00
-5.078633444363573446e+00
0.000000000000000000e+00
0.000000000000000000e+00
3.006582088968199784e+01
9.352094957344100123e+00
0.000000000000000000e+00
0.000000000000000000e+00
3.303270392016520063e+00
1.734194447411976725e+01
1.434194447411975482e+01
7.169194573994689179e+00
1.696337046792800862e+01
0.000000000000000000e+00
0.000000000000000000e+00
0.000000000000000000e+00
1.907985645175944356e+01
9.071881905587300565e+00
0.000000000000000000e+00
-4.355976454852442892e+00
1.434194447411975482e+01
1.462659226816760416e+01
3.591854963134711909e+01
4.230264415965139246e-01
0.000000000000000000e+00
0.000000000000000000e+00
0.000000000000000000e+00
0.000000000000000000e+00
0.000000000000000000e+00
0.000000000000000000e+00
2.906582088968196942e+01
0.000000000000000000e+00
1.788768065893376402e+01
0.000000000000000000e+00
0.000000000000000000e+00
-9.676339254979460236e+00
2.223758862825571470e+01
0.000000000000000000e+00
0.000000000000000000e+00
0.000000000000000000e+00
0.000000000000000000e+00
-7.276673201682436476e-01
2.696263972447447088e+01
2.806592913585592797e+01
1.294205767382198502e+01
1.193493361834745592e+01
0.000000000000000000e+00
3.296545825319257261e+01
0.000000000000000000e+00
0.000000000000000000e+00
1.843148557620854611e+00
0.000000000000000000e+00
0.000000000000000000e+00
0.000000000000000000e+00
0.000000000000000000e+00
5.206217486611251388e+00
0.000000000000000000e+00
0.000000000000000000e+00
3.206582088968209376e+01
0.000000000000000000e+00
3.207531293188974342e+00
2.806592913585592797e+01
0.000000000000000000e+00
0.000000000000000000e+00
0.000000000000000000e+00
0.000000000000000000e+00
2.107158073060733017e+01
0.000000000000000000e+00
2.427712509383152550e+01
0.000000000000000000e+00
0.000000000000000000e+00
2.506676986351250846e+01
2.306785500339927353e+01
0.000000000000000000e+00
0.000000000000000000e+00
1.702486601608784511e+01
1.693160052331820253e+01
2.706612913585590974e+01
2.506676986351250846e+01
1.294339241489425696e+01
0.000000000000000000e+00
1.134694269126756616e+01
0.000000000000000000e+00
0.000000000000000000e+00
0.000000000000000000e+00
0.000000000000000000e+00
1.724560017088773733e+01
4.303270392016527168e+00
0.000000000000000000e+00
3.006582088968199784e+01
1.334205272029374889e+01
0.000000000000000000e+00
3.227612358443782625e+01
0.000000000000000000e+00
1.624575243696424920e+01
3.035786381905107856e-01
0.000000000000000000e+00
0.000000000000000000e+00
4.956417239879415959e+00
3.303270392016520063e+00
0.000000000000000000e+00
0.000000000000000000e+00
5.563502537876329201e-01
1.394918209558293709e+00
8.161023368565487601e+00
0.000000000000000000e+00
0.000000000000000000e+00
1.288205419147460873e+01
0.000000000000000000e+00
0.000000000000000000e+00
0.000000000000000000e+00
3.127612358443779073e+01
9.581606021995906275e+00
0.000000000000000000e+00
0.000000000000000000e+00
0.000000000000000000e+00
8.153061069250741255e+00
9.352094957344100123e+00
4.861943190574205431e+00
1.334205272029374889e+01
2.406716986351251109e+01
0.000000000000000000e+00
1.709476592717933130e+01
-4.997099655510001681e-01
5.218468931277783440e+00
1.234225272029373954e+01
3.106582088968205468e+01
0.000000000000000000e+00
1.392809966628387564e+01
3.327612358443786889e+01
0.000000000000000000e+00
3.206582088968209376e+01
0.000000000000000000e+00
2.004976405417377094e+01
1.996876798427675581e+01
0.000000000000000000e+00
5.154637259301161123e+00
0.000000000000000000e+00
6.581990672511064844e+00
1.907985645175944356e+01
0.000000000000000000e+00
0.000000000000000000e+00
5.153462578644559144e+00
0.000000000000000000e+00
0.000000000000000000e+00
8.221100272542649634e+00
3.206582088968209376e+01
0.000000000000000000e+00
0.000000000000000000e+00
0.000000000000000000e+00
4.303270392016527168e+00
0.000000000000000000e+00
0.000000000000000000e+00
3.591918379686951113e+01
6.880735559312070926e+00
0.000000000000000000e+00
0.000000000000000000e+00
0.000000000000000000e+00
0.000000000000000000e+00
0.000000000000000000e+00
0.000000000000000000e+00
0.000000000000000000e+00
9.339467011948636710e-01
0.000000000000000000e+00
0.000000000000000000e+00
0.000000000000000000e+00
0.000000000000000000e+00
0.000000000000000000e+00
0.000000000000000000e+00
3.389812909612216707e+00
1.434194447411975482e+01
0.000000000000000000e+00
0.000000000000000000e+00
0.000000000000000000e+00
0.000000000000000000e+00
0.000000000000000000e+00
4.171180654030179902e+00
0.000000000000000000e+00
2.606636986351250940e+01
2.123758862825575022e+01
0.000000000000000000e+00
0.000000000000000000e+00
0.000000000000000000e+00
2.706612913585590974e+01
1.434194447411975482e+01
0.000000000000000000e+00
0.000000000000000000e+00
0.000000000000000000e+00
0.000000000000000000e+00
0.000000000000000000e+00
0.000000000000000000e+00
0.000000000000000000e+00
2.062174866112649330e-01
0.000000000000000000e+00
0.000000000000000000e+00
0.000000000000000000e+00
1.134694269126756616e+01
0.000000000000000000e+00
9.156633299204003151e+00
8.943392414894232090e+00
0.000000000000000000e+00
0.000000000000000000e+00
1.482559720069762665e-01
2.827763890040926142e+01
0.000000000000000000e+00
1.989021243023720587e+01
3.206582088968209376e+01
0.000000000000000000e+00
0.000000000000000000e+00
4.941259022264782530e+00
0.000000000000000000e+00
0.000000000000000000e+00
0.000000000000000000e+00
2.432772733837238377e+01
1.534194447411978857e+01
2.401853723786384265e+01
0.000000000000000000e+00
0.000000000000000000e+00
0.000000000000000000e+00
0.000000000000000000e+00
2.796545825319264722e+01
2.123758862825575022e+01
0.000000000000000000e+00
0.000000000000000000e+00
0.000000000000000000e+00
0.000000000000000000e+00
0.000000000000000000e+00
0.000000000000000000e+00
6.908796676549811444e+00
5.154637259301161123e+00
0.000000000000000000e+00
-3.194241260654593351e+00
-3.186780817958478451e+00
1.634194447411979567e+01
0.000000000000000000e+00
3.035786381905107856e-01
2.796934428947266582e+01
0.000000000000000000e+00
0.000000000000000000e+00
0.000000000000000000e+00
1.507569969724303860e+01
0.000000000000000000e+00
1.285344110160629860e+01
0.000000000000000000e+00
0.000000000000000000e+00
0.000000000000000000e+00
0.000000000000000000e+00
0.000000000000000000e+00
3.427626271035897787e+01
3.106582088968205468e+01
0.000000000000000000e+00
0.000000000000000000e+00
0.000000000000000000e+00
0.000000000000000000e+00
0.000000000000000000e+00
0.000000000000000000e+00
2.607770785017265308e-02
0.000000000000000000e+00
0.000000000000000000e+00
8.154235749907343234e+00
-2.827477753396911986e+00
0.000000000000000000e+00
0.000000000000000000e+00
3.227626271035892813e+01
0.000000000000000000e+00
2.406716986351251109e+01
0.000000000000000000e+00
9.938152841297972273e+00
0.000000000000000000e+00
0.000000000000000000e+00
0.000000000000000000e+00
3.106582088968205468e+01
2.023744950233463413e+01
0.000000000000000000e+00
8.161023368565487601e+00
2.023758862825572891e+01
1.434194447411975482e+01
1.849846437049505354e+00
5.157034808597813047e+00
0.000000000000000000e+00
8.247783174290997721e+00
0.000000000000000000e+00
2.303270392016516954e+00
0.000000000000000000e+00
1.092949316559181305e+01
0.000000000000000000e+00
0.000000000000000000e+00
0.000000000000000000e+00
-4.811393491970245684e+00
0.000000000000000000e+00
0.000000000000000000e+00
3.106582088968205468e+01
0.000000000000000000e+00
0.000000000000000000e+00
1.098139644863616482e+01
0.000000000000000000e+00
0.000000000000000000e+00
0.000000000000000000e+00
1.808617910774493609e+01
3.106582088968205468e+01
0.000000000000000000e+00
0.000000000000000000e+00
9.560882697777173256e-01
0.000000000000000000e+00
0.000000000000000000e+00
3.191960477629102044e+01
0.000000000000000000e+00
0.000000000000000000e+00
0.000000000000000000e+00
0.000000000000000000e+00
-2.024238230337776834e+00
2.281325859659743660e+00
2.527692509383152597e+01
2.123876330891235398e+01
2.107158073060733017e+01
1.795384307840101457e+01
0.000000000000000000e+00
3.021374899103043177e+01
0.000000000000000000e+00
0.000000000000000000e+00
2.806592913585592797e+01
-7.900219141971156489e-01
1.434194447411975482e+01
0.000000000000000000e+00
0.000000000000000000e+00
0.000000000000000000e+00
-4.729840019384065286e+00
0.000000000000000000e+00
0.000000000000000000e+00
1.334205272029374889e+01
-1.451027680559410671e+00
3.327626271035896366e+01
0.000000000000000000e+00
0.000000000000000000e+00
0.000000000000000000e+00
0.000000000000000000e+00
3.062000734892075027e+00
0.000000000000000000e+00
1.593045496407496131e+01
0.000000000000000000e+00
0.000000000000000000e+00
0.000000000000000000e+00
3.396146504381775344e+01
0.000000000000000000e+00
2.496876798427673094e+01
7.958365874851122790e+00
1.689662863095347634e+00
0.000000000000000000e+00
2.427712509383152550e+01
0.000000000000000000e+00
0.000000000000000000e+00
2.506676986351250846e+01
0.000000000000000000e+00
1.706322385834728450e-01
0.000000000000000000e+00
0.000000000000000000e+00
0.000000000000000000e+00
0.000000000000000000e+00
1.189559660091145510e+01
0.000000000000000000e+00
7.985993271477310529e+00
0.000000000000000000e+00
0.000000000000000000e+00
0.000000000000000000e+00
0.000000000000000000e+00
3.006582088968199784e+01
0.000000000000000000e+00
3.940790718957202454e+00
5.019569126154458161e+00
0.000000000000000000e+00
0.000000000000000000e+00
2.606636986351250940e+01
1.624575243696424920e+01
0.000000000000000000e+00
0.000000000000000000e+00
0.000000000000000000e+00
0.000000000000000000e+00
2.023876330891233621e+01
0.000000000000000000e+00
0.000000000000000000e+00
0.000000000000000000e+00
0.000000000000000000e+00
0.000000000000000000e+00
1.534194447411978857e+01
2.706612913585590974e+01
1.813286540679412440e+01
0.000000000000000000e+00
2.303270392016516954e+00
0.000000000000000000e+00
3.006582088968199784e+01
8.935405258368982473e+00
0.000000000000000000e+00
-2.189953449379792527e+00
0.000000000000000000e+00
0.000000000000000000e+00
-5.682168257664254263e+00
0.000000000000000000e+00
2.123758862825575022e+01
0.000000000000000000e+00
3.206582088968209376e+01
0.000000000000000000e+00
0.000000000000000000e+00
1.689021243023723784e+01
7.354156558972135826e+00
2.506676986351250846e+01
-5.443871056826495719e-02
0.000000000000000000e+00
3.035786381905107856e-01
0.000000000000000000e+00
3.327743739101557452e+01
2.363437641264581890e-02
0.000000000000000000e+00
0.000000000000000000e+00
0.000000000000000000e+00
0.000000000000000000e+00
0.000000000000000000e+00
0.000000000000000000e+00
-3.668730122086557799e+00
7.887680658933772015e+00
0.000000000000000000e+00
0.000000000000000000e+00
0.000000000000000000e+00
1.534194447411978857e+01
0.000000000000000000e+00
0.000000000000000000e+00
0.000000000000000000e+00
0.000000000000000000e+00
2.206356612532369255e+00
0.000000000000000000e+00
0.000000000000000000e+00
0.000000000000000000e+00
3.303270392016520063e+00
2.606636986351250940e+01
2.394101804050807747e+00
0.000000000000000000e+00
-1.139110090931615138e-01
0.000000000000000000e+00
1.234225272029373954e+01
-4.373637559366581939e+00
2.107158073060733017e+01
0.000000000000000000e+00
0.000000000000000000e+00
5.303270392016529833e+00
0.000000000000000000e+00
6.126950906911959649e+00
3.206582088968209376e+01
0.000000000000000000e+00
2.494470076074905052e+01
1.890903990249633893e+01
8.352780097230830592e+00
1.334205272029374889e+01
2.206923146514055745e+01
7.354156558972135826e+00
6.356505824438955621e+00
1.404495792235064222e+01
0.000000000000000000e+00
-4.985392031289302750e+00
2.906582088968196942e+01
-6.917313908356430563e-01
1.923876330891231845e+01
0.000000000000000000e+00
0.000000000000000000e+00
9.934933618347487894e+00
0.000000000000000000e+00
1.326747933148214642e+01
0.000000000000000000e+00
0.000000000000000000e+00
0.000000000000000000e+00
0.000000000000000000e+00
0.000000000000000000e+00
0.000000000000000000e+00
0.000000000000000000e+00
0.000000000000000000e+00
0.000000000000000000e+00
9.004586725786460022e+00
3.106582088968205468e+01
1.234225272029373954e+01
0.000000000000000000e+00
0.000000000000000000e+00
1.492572614026333788e+00
1.399683650089921683e+00
0.000000000000000000e+00
0.000000000000000000e+00
1.888073555931205050e+01
0.000000000000000000e+00
0.000000000000000000e+00
0.000000000000000000e+00
1.823876330891230779e+01
0.000000000000000000e+00
0.000000000000000000e+00
0.000000000000000000e+00
1.154123452723449184e+00
5.877071986608619625e+00
0.000000000000000000e+00
2.827763890040926142e+01
0.000000000000000000e+00
0.000000000000000000e+00
0.000000000000000000e+00
0.000000000000000000e+00
0.000000000000000000e+00
0.000000000000000000e+00
0.000000000000000000e+00
1.625387439907616738e+01
0.000000000000000000e+00
8.352780097230830592e+00
0.000000000000000000e+00
0.000000000000000000e+00
0.000000000000000000e+00
0.000000000000000000e+00
0.000000000000000000e+00
0.000000000000000000e+00
6.839449825774622127e+00
0.000000000000000000e+00
0.000000000000000000e+00
0.000000000000000000e+00
2.123876330891235398e+01
1.334205272029374889e+01
0.000000000000000000e+00
0.000000000000000000e+00
0.000000000000000000e+00
2.399456266670859428e+00
0.000000000000000000e+00
2.023758862825572891e+01
1.634194447411979567e+01
0.000000000000000000e+00
0.000000000000000000e+00
-1.010611470089249586e+01
3.206582088968209376e+01
3.303270392016520063e+00
0.000000000000000000e+00
9.352094957344100123e+00
0.000000000000000000e+00
2.483353431371781994e+00
0.000000000000000000e+00
0.000000000000000000e+00
0.000000000000000000e+00
0.000000000000000000e+00
0.000000000000000000e+00
0.000000000000000000e+00
1.821278121165951225e+00
0.000000000000000000e+00
1.234225272029373954e+01
1.734194447411976725e+01
0.000000000000000000e+00
2.806592913585592797e+01
0.000000000000000000e+00
5.834751089602106866e+00
9.352094957344100123e+00
0.000000000000000000e+00
0.000000000000000000e+00
0.000000000000000000e+00
2.906582088968196942e+01
0.000000000000000000e+00
8.352780097230830592e+00
0.000000000000000000e+00
1.007023381251744176e+01
0.000000000000000000e+00
0.000000000000000000e+00
0.000000000000000000e+00
1.634194447411979567e+01
0.000000000000000000e+00
3.106582088968205468e+01
6.999837316622286920e+00
1.390485959812092531e+01
0.000000000000000000e+00
3.006582088968199784e+01
2.387715942079321962e+01
0.000000000000000000e+00
0.000000000000000000e+00
0.000000000000000000e+00
0.000000000000000000e+00
0.000000000000000000e+00
0.000000000000000000e+00
0.000000000000000000e+00
2.806592913585592797e+01
7.354156558972135826e+00
0.000000000000000000e+00
3.303270392016520063e+00
9.341550272568648339e+00
2.840426259549515997e+00
0.000000000000000000e+00
0.000000000000000000e+00
-1.862700661639303881e-02
0.000000000000000000e+00
0.000000000000000000e+00
0.000000000000000000e+00
1.104134982593598835e+01
2.627686421975262476e+01
2.303270392016516954e+00
3.006582088968199784e+01
-2.979060167699405515e+00
0.000000000000000000e+00
0.000000000000000000e+00
0.000000000000000000e+00
0.000000000000000000e+00
3.206582088968209376e+01
0.000000000000000000e+00
0.000000000000000000e+00
0.000000000000000000e+00
3.907327095813145412e+00
0.000000000000000000e+00
5.719420721631311544e+00
-2.002307140666844454e+00
0.000000000000000000e+00
0.000000000000000000e+00
1.634194447411979567e+01
0.000000000000000000e+00
2.906582088968196942e+01
0.000000000000000000e+00
3.106582088968205468e+01
0.000000000000000000e+00
4.303270392016527168e+00
0.000000000000000000e+00
4.278303309863445314e+00
3.496514620100204240e+01
3.106582088968205468e+01
0.000000000000000000e+00
0.000000000000000000e+00
0.000000000000000000e+00
0.000000000000000000e+00
-1.464898800806791357e+00
-1.671457898935476138e-01
0.000000000000000000e+00
-6.496402406770539484e-01
0.000000000000000000e+00
0.000000000000000000e+00
1.434194447411975482e+01
0.000000000000000000e+00
0.000000000000000000e+00
2.187830498003649282e+01
0.000000000000000000e+00
1.823744950233460571e+01
0.000000000000000000e+00
0.000000000000000000e+00
8.352780097230830592e+00
0.000000000000000000e+00
0.000000000000000000e+00
1.923744950233461637e+01
1.332737681979889111e+01
0.000000000000000000e+00
5.303270392016529833e+00
1.193009390217354415e+01
1.234225272029373954e+01
0.000000000000000000e+00
4.303270392016527168e+00
2.910277886394212743e+01
0.000000000000000000e+00
0.000000000000000000e+00
0.000000000000000000e+00
1.734194447411976725e+01
-3.255048606158236879e+00
2.906582088968196942e+01
0.000000000000000000e+00
0.000000000000000000e+00
0.000000000000000000e+00
2.506676986351250846e+01
1.402920240255400763e+01
0.000000000000000000e+00
0.000000000000000000e+00
0.000000000000000000e+00
2.131131146498418261e+01
0.000000000000000000e+00
0.000000000000000000e+00
1.634194447411979567e+01
0.000000000000000000e+00
0.000000000000000000e+00
0.000000000000000000e+00
0.000000000000000000e+00
2.107158073060733017e+01
2.706612913585590974e+01
0.000000000000000000e+00
2.024116085820898903e+01
0.000000000000000000e+00
3.227612358443782625e+01
0.000000000000000000e+00
7.040861448345426155e+00
0.000000000000000000e+00
0.000000000000000000e+00
1.534194447411978857e+01
0.000000000000000000e+00
2.827763890040926142e+01
3.006582088968199784e+01
0.000000000000000000e+00
1.634194447411979567e+01
0.000000000000000000e+00
1.634194447411979567e+01
-2.677046537600921816e+00
0.000000000000000000e+00
1.794988052811858736e+01
0.000000000000000000e+00
0.000000000000000000e+00
0.000000000000000000e+00
0.000000000000000000e+00
0.000000000000000000e+00
0.000000000000000000e+00
0.000000000000000000e+00
0.000000000000000000e+00
0.000000000000000000e+00
0.000000000000000000e+00
1.930093902173513287e+00
2.306785500339927353e+01
3.106582088968205468e+01
0.000000000000000000e+00
0.000000000000000000e+00
0.000000000000000000e+00
0.000000000000000000e+00
0.000000000000000000e+00
8.090024773384016044e+00
0.000000000000000000e+00
0.000000000000000000e+00
1.015663329920400848e+01
2.906582088968196942e+01
-5.163280774973617149e+00
-6.649843848472187791e-01
0.000000000000000000e+00
0.000000000000000000e+00
0.000000000000000000e+00
0.000000000000000000e+00
0.000000000000000000e+00
1.434194447411975482e+01
-2.623294529613291459e+00
1.987679835889186464e+01
0.000000000000000000e+00
1.234225272029373954e+01
5.016583006099368802e+00
1.634194447411979567e+01
0.000000000000000000e+00
3.410654037776881808e-01
0.000000000000000000e+00
2.906582088968196942e+01
0.000000000000000000e+00
0.000000000000000000e+00
3.106582088968205468e+01
3.106582088968205468e+01
1.734194447411976725e+01
1.234225272029373954e+01
0.000000000000000000e+00
0.000000000000000000e+00
1.788173249224792016e+01
0.000000000000000000e+00
1.823876330891230779e+01
2.223758862825571470e+01
0.000000000000000000e+00
3.206582088968209376e+01
0.000000000000000000e+00
0.000000000000000000e+00
1.324196236760270295e+01
0.000000000000000000e+00
0.000000000000000000e+00
2.996545825319261169e+01
0.000000000000000000e+00
1.734194447411976725e+01
1.596285852637795344e+01
0.000000000000000000e+00
0.000000000000000000e+00
0.000000000000000000e+00
5.145881663156405494e+00
9.092327067652762329e-01
0.000000000000000000e+00
3.327626271035896366e+01
1.131516271096272597e+01
2.906582088968196942e+01
1.398325324321046281e+01
0.000000000000000000e+00
8.278260390054335005e-01
0.000000000000000000e+00
0.000000000000000000e+00
3.106582088968205468e+01
1.416787695595537633e+00
0.000000000000000000e+00
2.188114594214190234e+01
0.000000000000000000e+00
2.007013729039143257e+01
0.000000000000000000e+00
0.000000000000000000e+00
0.000000000000000000e+00
0.000000000000000000e+00
1.534194447411978857e+01
