1.334205272029374889e+01
0.000000000000000000e+00
0.000000000000000000e+00
0.000000000000000000e+00
0.000000000000000000e+00
2.107150312458928809e+01
4.911954038058151895e+00
8.014940717844758922e+00
3.106582088968205468e+01
0.000000000000000000e+00
0.000000000000000000e+00
0.000000000000000000e+00
0.000000000000000000e+00
1.787679835889187174e+01
3.361344328011199867e+00
0.000000000000000000e+00
0.000000000000000000e+00
0.000000000000000000e+00
2.727652509383157664e+01
0.000000000000000000e+00
3.035785143977917655e-01
1.334205272029374889e+01
2.328541191757963347e+01
0.000000000000000000e+00
3.206582088968209376e+01
0.000000000000000000e+00
4.303270392016527168e+00
0.000000000000000000e+00
0.000000000000000000e+00
0.000000000000000000e+00
0.000000000000000000e+00
1.015423574990735744e+01
0.000000000000000000e+00
1.639061810386175111e+01
1.797005843360868838e+01
1.434194447411975482e+01
8.877298546714404992e+00
0.000000000000000000e+00
6.154437259301153595e+00
0.000000000000000000e+00
4.303270392016527168e+00
0.000000000000000000e+00
9.352089028902282664e+00
0.000000000000000000e+00
0.000000000000000000e+00
0.000000000000000000e+00
9.749898576910740466e-01
0.000000000000000000e+00
0.000000000000000000e+00
1.597089140889073811e+01
0.000000000000000000e+00
0.000000000000000000e+00
0.000000000000000000e+00
1.503806374721025385e+01
0.000000000000000000e+00
0.000000000000000000e+00
5.242759821378625951e+00
0.000000000000000000e+00
0.000000000000000000e+00
0.000000000000000000e+00
0.000000000000000000e+00
0.000000000000000000e+00
0.000000000000000000e+00
0.000000000000000000e+00
8.991077119600911161e+00
0.000000000000000000e+00
0.000000000000000000e+00
0.000000000000000000e+00
0.000000000000000000e+00
0.000000000000000000e+00
3.303270392016520063e+00
3.227983494031217759e+01
0.000000000000000000e+00
3.262697377289304423e+00
0.000000000000000000e+00
0.000000000000000000e+00
0.000000000000000000e+00
2.506676908903526169e+01
0.000000000000000000e+00
2.123758862825575022e+01
0.000000000000000000e+00
0.000000000000000000e+00
0.000000000000000000e+00
3.006582088968199784e+01
3.127626271035888905e+01
0.000000000000000000e+00
0.000000000000000000e+00
0.000000000000000000e+00
3.206582088968209376e+01
0.000000000000000000e+00
-1.826303072740308231e+00
0.000000000000000000e+00
0.000000000000000000e+00
2.107125336585127684e+01
0.000000000000000000e+00
1.034655252090144373e+01
2.206922823207544937e+01
0.000000000000000000e+00
0.000000000000000000e+00
1.891626289032709707e+01
0.000000000000000000e+00
0.000000000000000000e+00
8.355793965840290216e-01
0.000000000000000000e+00
1.734194447411976725e+01
3.206582088968209376e+01
0.000000000000000000e+00
5.303270392016529833e+00
0.000000000000000000e+00
1.734194447411976725e+01
2.606636958388855518e+01
0.000000000000000000e+00
2.606636754693625591e+01
0.000000000000000000e+00
0.000000000000000000e+00
0.000000000000000000e+00
0.000000000000000000e+00
2.306785248061941118e+01
2.606636970176872126e+01
3.106582088968205468e+01
1.588315729801632337e+01
0.000000000000000000e+00
3.006582088968199784e+01
3.303270392016520063e+00
1.447887477971812764e+01
2.806592913585592797e+01
9.936624067679362682e+00
6.241426206975940083e+00
1.289845729801632146e+01
0.000000000000000000e+00
3.292814996909148562e+01
3.006582088968199784e+01
0.000000000000000000e+00
0.000000000000000000e+00
0.000000000000000000e+00
0.000000000000000000e+00
0.000000000000000000e+00
2.806592913585592797e+01
1.088655729801633498e+01
0.000000000000000000e+00
0.000000000000000000e+00
1.534194447411978857e+01
0.000000000000000000e+00
0.000000000000000000e+00
1.787679835889187174e+01
0.000000000000000000e+00
0.000000000000000000e+00
1.828122666267396923e+01
0.000000000000000000e+00
0.000000000000000000e+00
0.000000000000000000e+00
0.000000000000000000e+00
0.000000000000000000e+00
2.294030083961048661e+01
0.000000000000000000e+00
0.000000000000000000e+00
2.206356612532369255e+00
0.000000000000000000e+00
0.000000000000000000e+00
0.000000000000000000e+00
0.000000000000000000e+00
0.000000000000000000e+00
5.363696102064096749e+00
2.228132158428171650e+01
0.000000000000000000e+00
0.000000000000000000e+00
0.000000000000000000e+00
0.000000000000000000e+00
0.000000000000000000e+00
0.000000000000000000e+00
0.000000000000000000e+00
0.000000000000000000e+00
2.206921015662789998e+01
2.606636954593749067e+01
1.334205272029374889e+01
9.352091958395917004e+00
2.323744950233459861e+01
1.724121010152624933e+01
2.124216137187058706e+00
2.697476560235103804e+01
3.596263972447426482e+01
0.000000000000000000e+00
2.896928840503394653e+01
0.000000000000000000e+00
0.000000000000000000e+00
0.000000000000000000e+00
2.223758862825571470e+01
1.515762026661288964e+01
0.000000000000000000e+00
1.734194447411976725e+01
0.000000000000000000e+00
3.206582088968209376e+01
0.000000000000000000e+00
5.206217486611251388e+00
0.000000000000000000e+00
2.606636973971978932e+01
1.303378638190504812e+00
0.000000000000000000e+00
0.000000000000000000e+00
0.000000000000000000e+00
0.000000000000000000e+00
1.035169470446833095e+01
0.000000000000000000e+00
0.000000000000000000e+00
0.000000000000000000e+00
0.000000000000000000e+00
0.000000000000000000e+00
0.000000000000000000e+00
0.000000000000000000e+00
2.806592913585592797e+01
0.000000000000000000e+00
1.587729854671440854e+01
2.004893854055921665e+01
0.000000000000000000e+00
8.352762532234946136e+00
7.896759724066738428e+00
2.024116085820898903e+01
1.434194447411975482e+01
0.000000000000000000e+00
5.008959180058243810e+00
0.000000000000000000e+00
0.000000000000000000e+00
0.000000000000000000e+00
0.000000000000000000e+00
0.000000000000000000e+00
0.000000000000000000e+00
3.097741036714586116e+01
9.352078583473115714e+00
0.000000000000000000e+00
0.000000000000000000e+00
3.303270392016520063e+00
1.416931160158321212e+01
1.434194447411975482e+01
7.169194573994689179e+00
1.695883354521781428e+01
0.000000000000000000e+00
0.000000000000000000e+00
0.000000000000000000e+00
1.907970977456957229e+01
9.067584505575638332e+00
0.000000000000000000e+00
0.000000000000000000e+00
1.624575243696424920e+01
1.446991277712486834e+01
3.006582088968199784e+01
1.496185219343903805e+00
0.000000000000000000e+00
0.000000000000000000e+00
0.000000000000000000e+00
0.000000000000000000e+00
0.000000000000000000e+00
0.000000000000000000e+00
2.917129122407242647e+01
0.000000000000000000e+00
1.788825729801629905e+01
0.000000000000000000e+00
0.000000000000000000e+00
0.000000000000000000e+00
2.223758862825571470e+01
0.000000000000000000e+00
0.000000000000000000e+00
0.000000000000000000e+00
0.000000000000000000e+00
9.245002531383738065e-01
2.696280078637588318e+01
2.806592913585592797e+01
1.293838921961536137e+01
1.193493361834745592e+01
0.000000000000000000e+00
3.296534389491567651e+01
0.000000000000000000e+00
0.000000000000000000e+00
1.843415732322871481e+00
0.000000000000000000e+00
0.000000000000000000e+00
0.000000000000000000e+00
0.000000000000000000e+00
5.206217486611251388e+00
0.000000000000000000e+00
0.000000000000000000e+00
3.206582088968209376e+01
0.000000000000000000e+00
3.207531293188974342e+00
2.806592913585592797e+01
0.000000000000000000e+00
0.000000000000000000e+00
0.000000000000000000e+00
0.000000000000000000e+00
2.107150356930612034e+01
0.000000000000000000e+00
2.427712509383152550e+01
0.000000000000000000e+00
0.000000000000000000e+00
2.506676869026594190e+01
2.306783364798235425e+01
0.000000000000000000e+00
0.000000000000000000e+00
1.702426222395016353e+01
1.693211432989590293e+01
2.706612842670046248e+01
2.506676954350556841e+01
1.294188921961536032e+01
0.000000000000000000e+00
1.134694252952378335e+01
0.000000000000000000e+00
0.000000000000000000e+00
0.000000000000000000e+00
0.000000000000000000e+00
1.724560017088773733e+01
4.303270392016527168e+00
0.000000000000000000e+00
3.006582088968199784e+01
1.334205272029374889e+01
0.000000000000000000e+00
3.227612358443782625e+01
0.000000000000000000e+00
1.624575243696424920e+01
0.000000000000000000e+00
0.000000000000000000e+00
0.000000000000000000e+00
4.964090452454835933e+00
3.303270392016520063e+00
0.000000000000000000e+00
0.000000000000000000e+00
1.324647079740466804e+00
5.161424877959304602e+00
8.161023368565487601e+00
0.000000000000000000e+00
0.000000000000000000e+00
1.288145729801632200e+01
0.000000000000000000e+00
0.000000000000000000e+00
0.000000000000000000e+00
3.127612358443779073e+01
1.000071289198141677e+01
0.000000000000000000e+00
0.000000000000000000e+00
0.000000000000000000e+00
8.153061069250741255e+00
7.895621916938781126e+00
4.861690882219075860e+00
1.334205272029374889e+01
2.406716874135461026e+01
0.000000000000000000e+00
1.709383531999852224e+01
2.006653340636629090e-01
8.880418786614246329e+00
1.234225143510679068e+01
3.106582088968205468e+01
0.000000000000000000e+00
1.393059408999606674e+01
3.327612358443786889e+01
0.000000000000000000e+00
3.206582088968209376e+01
0.000000000000000000e+00
2.005026436949209412e+01
1.996876798427675581e+01
0.000000000000000000e+00
5.154637259301161123e+00
0.000000000000000000e+00
1.793933446245852537e+01
2.027966788289263533e+01
0.000000000000000000e+00
0.000000000000000000e+00
5.153462578644559144e+00
0.000000000000000000e+00
0.000000000000000000e+00
7.418892840782564946e+00
3.206582088968209376e+01
0.000000000000000000e+00
0.000000000000000000e+00
0.000000000000000000e+00
4.303270392016527168e+00
0.000000000000000000e+00
0.000000000000000000e+00
3.591918379686951113e+01
6.880418786614240112e+00
0.000000000000000000e+00
0.000000000000000000e+00
0.000000000000000000e+00
0.000000000000000000e+00
0.000000000000000000e+00
0.000000000000000000e+00
0.000000000000000000e+00
0.000000000000000000e+00
0.000000000000000000e+00
0.000000000000000000e+00
0.000000000000000000e+00
0.000000000000000000e+00
0.000000000000000000e+00
0.000000000000000000e+00
3.165771976100498097e+00
1.434194447411975482e+01
0.000000000000000000e+00
0.000000000000000000e+00
0.000000000000000000e+00
0.000000000000000000e+00
0.000000000000000000e+00
5.303270392016529833e+00
0.000000000000000000e+00
2.827646421975265412e+01
2.123758862825575022e+01
0.000000000000000000e+00
0.000000000000000000e+00
0.000000000000000000e+00
2.706612892614000998e+01
1.689559660091142490e+01
0.000000000000000000e+00
0.000000000000000000e+00
0.000000000000000000e+00
0.000000000000000000e+00
0.000000000000000000e+00
0.000000000000000000e+00
0.000000000000000000e+00
2.062174866112649330e-01
0.000000000000000000e+00
0.000000000000000000e+00
0.000000000000000000e+00
1.134694237369254566e+01
0.000000000000000000e+00
9.156633299204003151e+00
8.941889219615340778e+00
0.000000000000000000e+00
0.000000000000000000e+00
1.030527437990970796e+00
2.827763890040926142e+01
0.000000000000000000e+00
1.988859367633367725e+01
3.206582088968209376e+01
0.000000000000000000e+00
0.000000000000000000e+00
4.941531236421758955e+00
0.000000000000000000e+00
0.000000000000000000e+00
0.000000000000000000e+00
2.497426560235106408e+01
1.534194447411978857e+01
2.287961878661417359e+01
0.000000000000000000e+00
0.000000000000000000e+00
0.000000000000000000e+00
0.000000000000000000e+00
2.796534389491576178e+01
2.123758862825575022e+01
0.000000000000000000e+00
0.000000000000000000e+00
0.000000000000000000e+00
0.000000000000000000e+00
0.000000000000000000e+00
0.000000000000000000e+00
6.906402651021125827e+00
5.154637259301161123e+00
0.000000000000000000e+00
4.251919482144920770e-01
-3.186780817958478451e+00
1.725372213299965551e+01
0.000000000000000000e+00
3.035785570667723920e-01
2.606636949796538261e+01
0.000000000000000000e+00
0.000000000000000000e+00
0.000000000000000000e+00
1.506585715981625206e+01
0.000000000000000000e+00
1.285298371347663249e+01
0.000000000000000000e+00
0.000000000000000000e+00
0.000000000000000000e+00
0.000000000000000000e+00
0.000000000000000000e+00
3.427626271035897787e+01
3.106582088968205468e+01
0.000000000000000000e+00
0.000000000000000000e+00
0.000000000000000000e+00
0.000000000000000000e+00
0.000000000000000000e+00
0.000000000000000000e+00
0.000000000000000000e+00
0.000000000000000000e+00
0.000000000000000000e+00
8.154235749907343234e+00
-2.827477753396911986e+00
0.000000000000000000e+00
0.000000000000000000e+00
3.227626271035892813e+01
0.000000000000000000e+00
2.406716267649538565e+01
0.000000000000000000e+00
9.938152841297972273e+00
0.000000000000000000e+00
0.000000000000000000e+00
0.000000000000000000e+00
3.106582088968205468e+01
2.023744950233463413e+01
0.000000000000000000e+00
8.161023368565487601e+00
2.023758862825572891e+01
1.434194447411975482e+01
0.000000000000000000e+00
5.157034808597813047e+00
0.000000000000000000e+00
8.247781528035222465e+00
0.000000000000000000e+00
2.303270392016516954e+00
0.000000000000000000e+00
1.098864865832266879e+01
0.000000000000000000e+00
0.000000000000000000e+00
0.000000000000000000e+00
-4.811393491970245684e+00
0.000000000000000000e+00
0.000000000000000000e+00
3.106582088968205468e+01
0.000000000000000000e+00
0.000000000000000000e+00
1.097868218612353530e+01
0.000000000000000000e+00
0.000000000000000000e+00
0.000000000000000000e+00
1.808517213214172514e+01
3.106582088968205468e+01
0.000000000000000000e+00
0.000000000000000000e+00
9.597453745588320206e-01
0.000000000000000000e+00
0.000000000000000000e+00
3.191949041801413500e+01
0.000000000000000000e+00
0.000000000000000000e+00
0.000000000000000000e+00
0.000000000000000000e+00
8.185036128620236662e-01
2.280627633670316179e+00
2.527692509383152597e+01
2.123876330891235398e+01
2.107147533540858575e+01
1.793066044772119483e+01
0.000000000000000000e+00
3.004999966725949179e+01
0.000000000000000000e+00
0.000000000000000000e+00
2.806592913585592797e+01
0.000000000000000000e+00
1.434194447411975482e+01
0.000000000000000000e+00
0.000000000000000000e+00
0.000000000000000000e+00
1.093771853305863573e+00
0.000000000000000000e+00
0.000000000000000000e+00
1.334205272029374889e+01
8.784461876947862180e-01
3.327626271035896366e+01
0.000000000000000000e+00
0.000000000000000000e+00
0.000000000000000000e+00
0.000000000000000000e+00
4.169746840071232086e+00
0.000000000000000000e+00
1.593059408999606141e+01
0.000000000000000000e+00
0.000000000000000000e+00
0.000000000000000000e+00
3.396146504381775344e+01
0.000000000000000000e+00
2.496876798427673094e+01
7.960514292393394697e+00
1.936911722106534617e+00
0.000000000000000000e+00
2.427712509383152550e+01
0.000000000000000000e+00
0.000000000000000000e+00
2.506676906967546259e+01
0.000000000000000000e+00
0.000000000000000000e+00
0.000000000000000000e+00
0.000000000000000000e+00
0.000000000000000000e+00
0.000000000000000000e+00
1.189559660091145510e+01
0.000000000000000000e+00
7.977042032730138565e+00
0.000000000000000000e+00
0.000000000000000000e+00
0.000000000000000000e+00
0.000000000000000000e+00
3.006582088968199784e+01
0.000000000000000000e+00
3.934889219615329115e+00
5.019568556914816959e+00
2.303270392016516954e+00
0.000000000000000000e+00
2.606636962655753464e+01
1.624575243696424920e+01
0.000000000000000000e+00
0.000000000000000000e+00
0.000000000000000000e+00
0.000000000000000000e+00
2.023876330891233621e+01
0.000000000000000000e+00
0.000000000000000000e+00
0.000000000000000000e+00
0.000000000000000000e+00
0.000000000000000000e+00
1.534194447411978857e+01
2.706612903881138266e+01
2.628043644970588488e+01
0.000000000000000000e+00
2.303270392016516954e+00
0.000000000000000000e+00
3.006582088968199784e+01
8.935924067679362537e+00
0.000000000000000000e+00
0.000000000000000000e+00
0.000000000000000000e+00
0.000000000000000000e+00
0.000000000000000000e+00
0.000000000000000000e+00
2.123758862825575022e+01
0.000000000000000000e+00
3.206582088968209376e+01
0.000000000000000000e+00
0.000000000000000000e+00
1.688859367633370923e+01
7.354009834931482636e+00
2.506676973971978484e+01
-5.165777783966317947e-03
0.000000000000000000e+00
0.000000000000000000e+00
0.000000000000000000e+00
3.206582088968209376e+01
1.039419690659436867e-02
0.000000000000000000e+00
0.000000000000000000e+00
0.000000000000000000e+00
0.000000000000000000e+00
0.000000000000000000e+00
0.000000000000000000e+00
0.000000000000000000e+00
7.888257298016303487e+00
0.000000000000000000e+00
0.000000000000000000e+00
0.000000000000000000e+00
1.534194447411978857e+01
0.000000000000000000e+00
0.000000000000000000e+00
0.000000000000000000e+00
0.000000000000000000e+00
2.206356612532369255e+00
0.000000000000000000e+00
0.000000000000000000e+00
0.000000000000000000e+00
3.303270392016520063e+00
2.528502651906736887e+01
2.398444324907696323e+00
0.000000000000000000e+00
1.137143916952631173e+00
0.000000000000000000e+00
1.234224892038900023e+01
1.086620630433658752e+00
2.000964695887735800e+01
0.000000000000000000e+00
0.000000000000000000e+00
5.303270392016529833e+00
0.000000000000000000e+00
6.237773392452486299e+00
3.206582088968209376e+01
0.000000000000000000e+00
2.494470076074905052e+01
1.924555092757045571e+01
8.352732208597972274e+00
1.607057262280243748e+01
2.206905574341222120e+01
7.354001679620529863e+00
6.356462666854936217e+00
1.403727443211798054e+01
0.000000000000000000e+00
0.000000000000000000e+00
2.906582088968196942e+01
-6.917317084106621161e-01
1.923876330891231845e+01
0.000000000000000000e+00
0.000000000000000000e+00
9.934933618347487894e+00
0.000000000000000000e+00
1.326747933148214642e+01
0.000000000000000000e+00
0.000000000000000000e+00
0.000000000000000000e+00
0.000000000000000000e+00
0.000000000000000000e+00
0.000000000000000000e+00
0.000000000000000000e+00
0.000000000000000000e+00
0.000000000000000000e+00
8.962374799591431795e+00
3.106582088968205468e+01
1.234225179470955602e+01
0.000000000000000000e+00
0.000000000000000000e+00
1.626091839676347073e+00
1.937011722106534606e+00
0.000000000000000000e+00
0.000000000000000000e+00
1.888041878661421435e+01
0.000000000000000000e+00
0.000000000000000000e+00
0.000000000000000000e+00
1.823876330891230779e+01
0.000000000000000000e+00
0.000000000000000000e+00
0.000000000000000000e+00
8.115409976189639218e-01
5.877298546714385452e+00
0.000000000000000000e+00
2.706612391421043995e+01
0.000000000000000000e+00
0.000000000000000000e+00
0.000000000000000000e+00
0.000000000000000000e+00
0.000000000000000000e+00
0.000000000000000000e+00
0.000000000000000000e+00
1.625387439907616738e+01
0.000000000000000000e+00
8.352779867293268268e+00
0.000000000000000000e+00
0.000000000000000000e+00
0.000000000000000000e+00
0.000000000000000000e+00
0.000000000000000000e+00
0.000000000000000000e+00
8.120431677021588968e+00
0.000000000000000000e+00
0.000000000000000000e+00
0.000000000000000000e+00
2.123876330891235398e+01
1.334205272029374889e+01
0.000000000000000000e+00
0.000000000000000000e+00
0.000000000000000000e+00
4.034907603968664880e+00
0.000000000000000000e+00
2.023758862825572891e+01
1.634194447411979567e+01
0.000000000000000000e+00
0.000000000000000000e+00
0.000000000000000000e+00
3.297741036714585050e+01
3.303270392016520063e+00
0.000000000000000000e+00
9.352090775949321255e+00
0.000000000000000000e+00
2.954664597138837223e+00
0.000000000000000000e+00
0.000000000000000000e+00
0.000000000000000000e+00
0.000000000000000000e+00
0.000000000000000000e+00
0.000000000000000000e+00
1.821278121165951225e+00
0.000000000000000000e+00
1.234225262324921424e+01
1.734194447411976725e+01
0.000000000000000000e+00
2.806592913585592797e+01
0.000000000000000000e+00
5.971687806084311489e+00
9.352085031056683206e+00
0.000000000000000000e+00
0.000000000000000000e+00
0.000000000000000000e+00
2.906582088968196942e+01
0.000000000000000000e+00
5.877298546714385452e+00
0.000000000000000000e+00
1.006845346087003357e+01
0.000000000000000000e+00
0.000000000000000000e+00
0.000000000000000000e+00
1.634194447411979567e+01
0.000000000000000000e+00
3.106582088968205468e+01
5.093393158537969256e+00
1.504696265575907965e+01
0.000000000000000000e+00
3.006582088968199784e+01
2.387729854671431795e+01
0.000000000000000000e+00
0.000000000000000000e+00
0.000000000000000000e+00
0.000000000000000000e+00
0.000000000000000000e+00
0.000000000000000000e+00
0.000000000000000000e+00
2.806592913585592797e+01
7.354151454036737867e+00
0.000000000000000000e+00
0.000000000000000000e+00
9.321706334932711613e+00
0.000000000000000000e+00
0.000000000000000000e+00
0.000000000000000000e+00
1.245146361355052189e+00
0.000000000000000000e+00
0.000000000000000000e+00
0.000000000000000000e+00
1.103188175926318593e+01
2.406716684331113498e+01
2.303270392016516954e+00
3.006582088968199784e+01
0.000000000000000000e+00
0.000000000000000000e+00
0.000000000000000000e+00
0.000000000000000000e+00
0.000000000000000000e+00
3.206582088968209376e+01
0.000000000000000000e+00
0.000000000000000000e+00
0.000000000000000000e+00
3.907718475368664901e+00
0.000000000000000000e+00
5.952898561926338594e+00
0.000000000000000000e+00
0.000000000000000000e+00
0.000000000000000000e+00
1.634194447411979567e+01
0.000000000000000000e+00
2.906582088968196942e+01
0.000000000000000000e+00
3.106582088968205468e+01
0.000000000000000000e+00
4.303270392016527168e+00
0.000000000000000000e+00
5.303270392016529833e+00
3.496499833567237658e+01
3.106582088968205468e+01
0.000000000000000000e+00
0.000000000000000000e+00
0.000000000000000000e+00
0.000000000000000000e+00
9.298796234702040309e-01
0.000000000000000000e+00
0.000000000000000000e+00
0.000000000000000000e+00
0.000000000000000000e+00
0.000000000000000000e+00
1.434194447411975482e+01
0.000000000000000000e+00
0.000000000000000000e+00
2.187881878661418966e+01
0.000000000000000000e+00
1.823744950233460571e+01
0.000000000000000000e+00
0.000000000000000000e+00
8.352776936885723202e+00
0.000000000000000000e+00
0.000000000000000000e+00
1.923744950233461637e+01
1.397741036714600682e+01
0.000000000000000000e+00
5.303270392016529833e+00
1.193009390217354415e+01
1.234225244066978355e+01
0.000000000000000000e+00
0.000000000000000000e+00
2.910150684577145697e+01
0.000000000000000000e+00
0.000000000000000000e+00
0.000000000000000000e+00
1.734194447411976725e+01
1.798052060973382993e+00
2.906582088968196942e+01
0.000000000000000000e+00
0.000000000000000000e+00
0.000000000000000000e+00
2.506676857466774422e+01
1.723881255222959297e+01
0.000000000000000000e+00
0.000000000000000000e+00
0.000000000000000000e+00
2.184981561894542423e+01
0.000000000000000000e+00
0.000000000000000000e+00
1.634194447411979567e+01
0.000000000000000000e+00
0.000000000000000000e+00
0.000000000000000000e+00
0.000000000000000000e+00
2.107150352449943753e+01
2.706612833667869467e+01
0.000000000000000000e+00
2.024116085820898903e+01
0.000000000000000000e+00
3.227612358443782625e+01
0.000000000000000000e+00
7.020902983610620041e+00
0.000000000000000000e+00
0.000000000000000000e+00
1.534194447411978857e+01
0.000000000000000000e+00
2.706612805263110744e+01
2.928427425299092945e+01
0.000000000000000000e+00
1.634194447411979567e+01
0.000000000000000000e+00
1.634194447411979567e+01
0.000000000000000000e+00
0.000000000000000000e+00
1.795377177053062923e+01
0.000000000000000000e+00
0.000000000000000000e+00
0.000000000000000000e+00
0.000000000000000000e+00
0.000000000000000000e+00
0.000000000000000000e+00
0.000000000000000000e+00
0.000000000000000000e+00
0.000000000000000000e+00
0.000000000000000000e+00
1.930093902173513287e+00
2.306785367168897594e+01
3.106582088968205468e+01
0.000000000000000000e+00
0.000000000000000000e+00
0.000000000000000000e+00
0.000000000000000000e+00
0.000000000000000000e+00
7.934752841297949111e+00
0.000000000000000000e+00
0.000000000000000000e+00
1.015663329920400848e+01
2.906582088968196942e+01
0.000000000000000000e+00
1.205923666564122643e+00
0.000000000000000000e+00
0.000000000000000000e+00
0.000000000000000000e+00
0.000000000000000000e+00
0.000000000000000000e+00
1.434194447411975482e+01
-2.103240275933258907e+00
1.987679835889186464e+01
0.000000000000000000e+00
1.234225163706894612e+01
5.016681062611806574e+00
1.634194447411979567e+01
0.000000000000000000e+00
8.016377334831308321e-01
0.000000000000000000e+00
2.906582088968196942e+01
0.000000000000000000e+00
0.000000000000000000e+00
3.106582088968205468e+01
3.106582088968205468e+01
1.734194447411976725e+01
1.234225262324921424e+01
0.000000000000000000e+00
0.000000000000000000e+00
1.788081878661422408e+01
0.000000000000000000e+00
1.823876330891230779e+01
2.223758862825571470e+01
0.000000000000000000e+00
3.206582088968209376e+01
0.000000000000000000e+00
0.000000000000000000e+00
1.324196236760270295e+01
0.000000000000000000e+00
0.000000000000000000e+00
2.996534389491571204e+01
0.000000000000000000e+00
1.734194447411976725e+01
1.596280078637593292e+01
0.000000000000000000e+00
0.000000000000000000e+00
0.000000000000000000e+00
7.182151772477250340e+00
9.094184753686673783e-01
0.000000000000000000e+00
3.197184412476973847e+01
1.131617644928669897e+01
2.906582088968196942e+01
1.398524865832268915e+01
0.000000000000000000e+00
8.780968918856355554e-01
0.000000000000000000e+00
0.000000000000000000e+00
3.106582088968205468e+01
1.416663596025745653e+00
0.000000000000000000e+00
2.187975729801626201e+01
0.000000000000000000e+00
2.006292254032626943e+01
0.000000000000000000e+00
0.000000000000000000e+00
0.000000000000000000e+00
0.000000000000000000e+00
1.534194447411978857e+01
