1.334205272029374889e+01
0.000000000000000000e+00
0.000000000000000000e+00
0.000000000000000000e+00
0.000000000000000000e+00
2.107158073060733017e+01
0.000000000000000000e+00
3.101830129985370110e-01
3.106582088968205468e+01
0.000000000000000000e+00
0.000000000000000000e+00
0.000000000000000000e+00
0.000000000000000000e+00
8.110892571366163040e+00
2.077775662979369997e+00
0.000000000000000000e+00
0.000000000000000000e+00
0.000000000000000000e+00
2.727652509383157664e+01
0.000000000000000000e+00
0.000000000000000000e+00
1.334205272029374889e+01
2.328541191757963347e+01
0.000000000000000000e+00
3.206582088968209376e+01
0.000000000000000000e+00
4.303270392016527168e+00
0.000000000000000000e+00
0.000000000000000000e+00
0.000000000000000000e+00
0.000000000000000000e+00
0.000000000000000000e+00
0.000000000000000000e+00
1.334205272029374889e+01
1.035169437063201414e+01
1.434194447411975482e+01
4.557857338164160721e-01
0.000000000000000000e+00
0.000000000000000000e+00
0.000000000000000000e+00
4.303270392016527168e+00
0.000000000000000000e+00
9.352094314613998094e+00
0.000000000000000000e+00
0.000000000000000000e+00
0.000000000000000000e+00
0.000000000000000000e+00
0.000000000000000000e+00
0.000000000000000000e+00
1.434194447411975482e+01
0.000000000000000000e+00
0.000000000000000000e+00
0.000000000000000000e+00
7.658680840776405097e-02
0.000000000000000000e+00
0.000000000000000000e+00
4.499533693603430251e-01
0.000000000000000000e+00
0.000000000000000000e+00
0.000000000000000000e+00
0.000000000000000000e+00
0.000000000000000000e+00
0.000000000000000000e+00
0.000000000000000000e+00
0.000000000000000000e+00
0.000000000000000000e+00
0.000000000000000000e+00
0.000000000000000000e+00
0.000000000000000000e+00
0.000000000000000000e+00
0.000000000000000000e+00
3.227983494031217759e+01
0.000000000000000000e+00
0.000000000000000000e+00
0.000000000000000000e+00
0.000000000000000000e+00
0.000000000000000000e+00
2.506676986351250846e+01
0.000000000000000000e+00
1.634194447411979567e+01
0.000000000000000000e+00
0.000000000000000000e+00
0.000000000000000000e+00
3.006582088968199784e+01
3.127626271035888905e+01
0.000000000000000000e+00
0.000000000000000000e+00
0.000000000000000000e+00
3.206582088968209376e+01
0.000000000000000000e+00
-7.720044717180830851e+00
0.000000000000000000e+00
0.000000000000000000e+00
2.107158073060733017e+01
0.000000000000000000e+00
1.032196995501238490e+01
2.206923146514055745e+01
0.000000000000000000e+00
0.000000000000000000e+00
1.221420750445273562e+01
0.000000000000000000e+00
0.000000000000000000e+00
0.000000000000000000e+00
0.000000000000000000e+00
1.734194447411976725e+01
3.206582088968209376e+01
0.000000000000000000e+00
5.303270392016529833e+00
0.000000000000000000e+00
1.734194447411976725e+01
2.606636986351250940e+01
0.000000000000000000e+00
2.606636986351250940e+01
0.000000000000000000e+00
0.000000000000000000e+00
0.000000000000000000e+00
0.000000000000000000e+00
2.306785500339927353e+01
2.606636986351250940e+01
3.106582088968205468e+01
7.590927337980668987e+00
0.000000000000000000e+00
3.006582088968199784e+01
3.303270392016520063e+00
1.414637123233285898e+01
2.806592913585592797e+01
0.000000000000000000e+00
1.416963216016187577e+00
1.634194447411979567e+01
0.000000000000000000e+00
3.327626271035896366e+01
3.006582088968199784e+01
0.000000000000000000e+00
0.000000000000000000e+00
0.000000000000000000e+00
0.000000000000000000e+00
0.000000000000000000e+00
2.806592913585592797e+01
7.354156193425009036e+00
0.000000000000000000e+00
0.000000000000000000e+00
1.534194447411978857e+01
0.000000000000000000e+00
0.000000000000000000e+00
7.047297715641678728e+00
0.000000000000000000e+00
0.000000000000000000e+00
1.828127960780157935e+01
0.000000000000000000e+00
0.000000000000000000e+00
0.000000000000000000e+00
0.000000000000000000e+00
0.000000000000000000e+00
1.310883327619322536e+01
0.000000000000000000e+00
0.000000000000000000e+00
-3.688989033920157645e+00
0.000000000000000000e+00
0.000000000000000000e+00
0.000000000000000000e+00
0.000000000000000000e+00
0.000000000000000000e+00
5.360035370419124590e+00
2.228132184821816608e+01
0.000000000000000000e+00
0.000000000000000000e+00
0.000000000000000000e+00
0.000000000000000000e+00
0.000000000000000000e+00
0.000000000000000000e+00
0.000000000000000000e+00
0.000000000000000000e+00
2.206923146514055745e+01
2.606636986351250940e+01
1.334205272029374889e+01
9.352094591796973333e+00
1.734194447411976725e+01
1.434194447411975482e+01
0.000000000000000000e+00
1.377967647336724255e+01
3.206582088968209376e+01
0.000000000000000000e+00
2.706612913585590974e+01
0.000000000000000000e+00
0.000000000000000000e+00
0.000000000000000000e+00
1.734194447411976725e+01
1.512384937899217441e+01
0.000000000000000000e+00
1.734194447411976725e+01
0.000000000000000000e+00
3.206582088968209376e+01
0.000000000000000000e+00
-6.892875416035341152e-01
0.000000000000000000e+00
2.606636986351250940e+01
1.303378638190504812e+00
0.000000000000000000e+00
0.000000000000000000e+00
0.000000000000000000e+00
0.000000000000000000e+00
1.035169470446833095e+01
0.000000000000000000e+00
0.000000000000000000e+00
0.000000000000000000e+00
0.000000000000000000e+00
0.000000000000000000e+00
0.000000000000000000e+00
0.000000000000000000e+00
2.806592913585592797e+01
0.000000000000000000e+00
6.980343893929013888e+00
9.049189821456135263e+00
0.000000000000000000e+00
8.352779779655811865e+00
0.000000000000000000e+00
1.734194447411976725e+01
1.434194447411975482e+01
0.000000000000000000e+00
0.000000000000000000e+00
0.000000000000000000e+00
0.000000000000000000e+00
0.000000000000000000e+00
0.000000000000000000e+00
0.000000000000000000e+00
0.000000000000000000e+00
3.006582088968199784e+01
9.352093488490803352e+00
0.000000000000000000e+00
0.000000000000000000e+00
3.303270392016520063e+00
1.734194447411976725e+01
1.434194447411975482e+01
4.303270392016527168e+00
1.209342580401371325e-01
0.000000000000000000e+00
0.000000000000000000e+00
0.000000000000000000e+00
1.907985645175944356e+01
-3.324891865078342112e-01
0.000000000000000000e+00
0.000000000000000000e+00
1.434194447411975482e+01
5.809884275504174633e-01
3.006582088968199784e+01
0.000000000000000000e+00
0.000000000000000000e+00
0.000000000000000000e+00
0.000000000000000000e+00
0.000000000000000000e+00
0.000000000000000000e+00
0.000000000000000000e+00
2.906582088968196942e+01
0.000000000000000000e+00
1.534194447411978857e+01
0.000000000000000000e+00
0.000000000000000000e+00
0.000000000000000000e+00
1.734194447411976725e+01
0.000000000000000000e+00
0.000000000000000000e+00
0.000000000000000000e+00
0.000000000000000000e+00
0.000000000000000000e+00
2.306785500339927353e+01
2.806592913585592797e+01
0.000000000000000000e+00
0.000000000000000000e+00
0.000000000000000000e+00
3.227626271035892813e+01
0.000000000000000000e+00
0.000000000000000000e+00
0.000000000000000000e+00
0.000000000000000000e+00
0.000000000000000000e+00
0.000000000000000000e+00
0.000000000000000000e+00
-6.892875416035341152e-01
0.000000000000000000e+00
0.000000000000000000e+00
3.206582088968209376e+01
0.000000000000000000e+00
0.000000000000000000e+00
2.806592913585592797e+01
0.000000000000000000e+00
0.000000000000000000e+00
0.000000000000000000e+00
0.000000000000000000e+00
2.107158073060733017e+01
0.000000000000000000e+00
2.427712509383152550e+01
0.000000000000000000e+00
0.000000000000000000e+00
2.506676986351250846e+01
2.306785500339927353e+01
0.000000000000000000e+00
0.000000000000000000e+00
3.815552024555754151e+00
-1.406274666976960130e+00
2.706612913585590974e+01
2.506676986351250846e+01
0.000000000000000000e+00
0.000000000000000000e+00
1.134694252952378335e+01
0.000000000000000000e+00
0.000000000000000000e+00
0.000000000000000000e+00
0.000000000000000000e+00
1.534194447411978857e+01
4.303270392016527168e+00
0.000000000000000000e+00
3.006582088968199784e+01
1.334205272029374889e+01
0.000000000000000000e+00
2.906582088968196942e+01
0.000000000000000000e+00
1.434194447411975482e+01
0.000000000000000000e+00
0.000000000000000000e+00
0.000000000000000000e+00
0.000000000000000000e+00
3.303270392016520063e+00
0.000000000000000000e+00
0.000000000000000000e+00
0.000000000000000000e+00
0.000000000000000000e+00
0.000000000000000000e+00
0.000000000000000000e+00
0.000000000000000000e+00
6.356505115283514584e+00
0.000000000000000000e+00
0.000000000000000000e+00
0.000000000000000000e+00
3.127612358443779073e+01
-5.464996345018133597e-03
0.000000000000000000e+00
0.000000000000000000e+00
0.000000000000000000e+00
0.000000000000000000e+00
9.352093265528388599e+00
0.000000000000000000e+00
1.334205272029374889e+01
2.406716986351251109e+01
0.000000000000000000e+00
1.709468472908276127e+01
0.000000000000000000e+00
3.199235724461362285e+00
1.234225272029373954e+01
3.106582088968205468e+01
0.000000000000000000e+00
0.000000000000000000e+00
3.327612358443786889e+01
0.000000000000000000e+00
3.206582088968209376e+01
0.000000000000000000e+00
8.292273109226924177e+00
8.989920889858407094e+00
0.000000000000000000e+00
-7.298720905543475412e-01
0.000000000000000000e+00
1.610711980740988380e+01
2.027964968344915775e+01
0.000000000000000000e+00
0.000000000000000000e+00
-7.321729184653991140e-01
0.000000000000000000e+00
0.000000000000000000e+00
3.915698043828657049e+00
3.206582088968209376e+01
0.000000000000000000e+00
0.000000000000000000e+00
0.000000000000000000e+00
4.303270392016527168e+00
0.000000000000000000e+00
0.000000000000000000e+00
3.106582088968205468e+01
1.440491354001668389e+00
0.000000000000000000e+00
0.000000000000000000e+00
0.000000000000000000e+00
0.000000000000000000e+00
0.000000000000000000e+00
0.000000000000000000e+00
0.000000000000000000e+00
0.000000000000000000e+00
0.000000000000000000e+00
0.000000000000000000e+00
0.000000000000000000e+00
0.000000000000000000e+00
0.000000000000000000e+00
0.000000000000000000e+00
4.783718554280905755e-01
1.434194447411975482e+01
0.000000000000000000e+00
0.000000000000000000e+00
0.000000000000000000e+00
0.000000000000000000e+00
0.000000000000000000e+00
5.303270392016529833e+00
0.000000000000000000e+00
2.606636986351250940e+01
1.634194447411979567e+01
0.000000000000000000e+00
0.000000000000000000e+00
0.000000000000000000e+00
2.706612913585590974e+01
1.434194447411975482e+01
0.000000000000000000e+00
0.000000000000000000e+00
0.000000000000000000e+00
0.000000000000000000e+00
0.000000000000000000e+00
0.000000000000000000e+00
0.000000000000000000e+00
0.000000000000000000e+00
0.000000000000000000e+00
0.000000000000000000e+00
0.000000000000000000e+00
1.134694237369254566e+01
0.000000000000000000e+00
3.271436315669385753e+00
0.000000000000000000e+00
0.000000000000000000e+00
0.000000000000000000e+00
0.000000000000000000e+00
2.827763890040926142e+01
0.000000000000000000e+00
1.534194447411978857e+01
3.206582088968209376e+01
0.000000000000000000e+00
0.000000000000000000e+00
0.000000000000000000e+00
0.000000000000000000e+00
0.000000000000000000e+00
0.000000000000000000e+00
1.245808976446278393e+01
1.534194447411978857e+01
1.634194447411979567e+01
0.000000000000000000e+00
0.000000000000000000e+00
0.000000000000000000e+00
0.000000000000000000e+00
2.506676986351250846e+01
1.634194447411979567e+01
0.000000000000000000e+00
0.000000000000000000e+00
0.000000000000000000e+00
0.000000000000000000e+00
0.000000000000000000e+00
0.000000000000000000e+00
0.000000000000000000e+00
0.000000000000000000e+00
0.000000000000000000e+00
0.000000000000000000e+00
0.000000000000000000e+00
1.634194447411979567e+01
0.000000000000000000e+00
3.035786381905107856e-01
2.606636986351250940e+01
0.000000000000000000e+00
0.000000000000000000e+00
0.000000000000000000e+00
1.126384261660867736e+01
0.000000000000000000e+00
0.000000000000000000e+00
0.000000000000000000e+00
0.000000000000000000e+00
0.000000000000000000e+00
0.000000000000000000e+00
0.000000000000000000e+00
3.427626271035897787e+01
3.106582088968205468e+01
0.000000000000000000e+00
0.000000000000000000e+00
0.000000000000000000e+00
0.000000000000000000e+00
0.000000000000000000e+00
0.000000000000000000e+00
0.000000000000000000e+00
0.000000000000000000e+00
0.000000000000000000e+00
0.000000000000000000e+00
-8.722823399849382042e+00
0.000000000000000000e+00
0.000000000000000000e+00
3.227626271035892813e+01
0.000000000000000000e+00
2.406716986351251109e+01
0.000000000000000000e+00
0.000000000000000000e+00
0.000000000000000000e+00
0.000000000000000000e+00
0.000000000000000000e+00
3.106582088968205468e+01
1.434194447411975482e+01
0.000000000000000000e+00
2.289582824241968240e+00
1.534194447411978857e+01
1.434194447411975482e+01
0.000000000000000000e+00
0.000000000000000000e+00
0.000000000000000000e+00
6.356505750332625659e+00
0.000000000000000000e+00
2.303270392016516954e+00
0.000000000000000000e+00
5.344805736359540482e+00
0.000000000000000000e+00
0.000000000000000000e+00
0.000000000000000000e+00
-1.066959635372430881e+01
0.000000000000000000e+00
0.000000000000000000e+00
3.106582088968205468e+01
0.000000000000000000e+00
0.000000000000000000e+00
6.491803912405447186e-03
0.000000000000000000e+00
0.000000000000000000e+00
0.000000000000000000e+00
1.808614094902469205e+01
3.106582088968205468e+01
0.000000000000000000e+00
0.000000000000000000e+00
0.000000000000000000e+00
0.000000000000000000e+00
0.000000000000000000e+00
2.706612913585590974e+01
0.000000000000000000e+00
0.000000000000000000e+00
0.000000000000000000e+00
0.000000000000000000e+00
0.000000000000000000e+00
2.394352713716442871e+00
2.527692509383152597e+01
1.734194447411976725e+01
2.107158073060733017e+01
1.610711403742277525e+01
0.000000000000000000e+00
2.606636986351250940e+01
0.000000000000000000e+00
0.000000000000000000e+00
2.806592913585592797e+01
0.000000000000000000e+00
1.434194447411975482e+01
0.000000000000000000e+00
0.000000000000000000e+00
0.000000000000000000e+00
0.000000000000000000e+00
0.000000000000000000e+00
0.000000000000000000e+00
1.334205272029374889e+01
2.394453420512806741e+00
3.327626271035896366e+01
0.000000000000000000e+00
0.000000000000000000e+00
0.000000000000000000e+00
0.000000000000000000e+00
0.000000000000000000e+00
0.000000000000000000e+00
0.000000000000000000e+00
0.000000000000000000e+00
0.000000000000000000e+00
0.000000000000000000e+00
2.906582088968196942e+01
0.000000000000000000e+00
1.356539366689756854e+01
-7.067487080325886295e-02
0.000000000000000000e+00
0.000000000000000000e+00
2.427712509383152550e+01
0.000000000000000000e+00
0.000000000000000000e+00
2.506676986351250846e+01
0.000000000000000000e+00
0.000000000000000000e+00
0.000000000000000000e+00
0.000000000000000000e+00
0.000000000000000000e+00
0.000000000000000000e+00
9.352094727406539576e+00
0.000000000000000000e+00
0.000000000000000000e+00
0.000000000000000000e+00
0.000000000000000000e+00
0.000000000000000000e+00
0.000000000000000000e+00
3.006582088968199784e+01
0.000000000000000000e+00
0.000000000000000000e+00
9.876209858586570967e-01
2.303270392016516954e+00
0.000000000000000000e+00
2.606636986351250940e+01
1.434194447411975482e+01
0.000000000000000000e+00
0.000000000000000000e+00
0.000000000000000000e+00
0.000000000000000000e+00
1.634194447411979567e+01
0.000000000000000000e+00
0.000000000000000000e+00
0.000000000000000000e+00
0.000000000000000000e+00
0.000000000000000000e+00
1.534194447411978857e+01
2.706612913585590974e+01
2.606636986351250940e+01
0.000000000000000000e+00
2.303270392016516954e+00
0.000000000000000000e+00
3.006582088968199784e+01
-1.033970089314978635e-01
0.000000000000000000e+00
0.000000000000000000e+00
0.000000000000000000e+00
0.000000000000000000e+00
0.000000000000000000e+00
0.000000000000000000e+00
1.634194447411979567e+01
0.000000000000000000e+00
3.206582088968209376e+01
0.000000000000000000e+00
0.000000000000000000e+00
1.234225272029373954e+01
7.354149550461191787e+00
2.506676986351250846e+01
0.000000000000000000e+00
0.000000000000000000e+00
0.000000000000000000e+00
0.000000000000000000e+00
3.206582088968209376e+01
0.000000000000000000e+00
0.000000000000000000e+00
0.000000000000000000e+00
0.000000000000000000e+00
0.000000000000000000e+00
0.000000000000000000e+00
0.000000000000000000e+00
0.000000000000000000e+00
3.840547109945927406e+00
0.000000000000000000e+00
0.000000000000000000e+00
0.000000000000000000e+00
1.534194447411978857e+01
0.000000000000000000e+00
0.000000000000000000e+00
0.000000000000000000e+00
0.000000000000000000e+00
0.000000000000000000e+00
0.000000000000000000e+00
0.000000000000000000e+00
0.000000000000000000e+00
3.303270392016520063e+00
2.528502651906736887e+01
2.394453420512806741e+00
0.000000000000000000e+00
0.000000000000000000e+00
0.000000000000000000e+00
1.234225272029373954e+01
0.000000000000000000e+00
2.107158073060733017e+01
0.000000000000000000e+00
0.000000000000000000e+00
5.303270392016529833e+00
0.000000000000000000e+00
2.522922541816781106e+00
3.206582088968209376e+01
0.000000000000000000e+00
2.306785500339927353e+01
1.734194447411976725e+01
2.648302686264121686e+00
1.334205272029374889e+01
2.206923146514055745e+01
7.354149571461448431e+00
6.356505700646234658e+00
5.722881786643445601e-01
0.000000000000000000e+00
0.000000000000000000e+00
2.906582088968196942e+01
0.000000000000000000e+00
1.534194447411978857e+01
0.000000000000000000e+00
0.000000000000000000e+00
0.000000000000000000e+00
0.000000000000000000e+00
1.334205272029374889e+01
0.000000000000000000e+00
0.000000000000000000e+00
0.000000000000000000e+00
0.000000000000000000e+00
0.000000000000000000e+00
0.000000000000000000e+00
0.000000000000000000e+00
0.000000000000000000e+00
0.000000000000000000e+00
0.000000000000000000e+00
3.106582088968205468e+01
1.234225272029373954e+01
0.000000000000000000e+00
0.000000000000000000e+00
0.000000000000000000e+00
0.000000000000000000e+00
0.000000000000000000e+00
0.000000000000000000e+00
1.434194447411975482e+01
0.000000000000000000e+00
0.000000000000000000e+00
0.000000000000000000e+00
1.434194447411975482e+01
0.000000000000000000e+00
0.000000000000000000e+00
0.000000000000000000e+00
0.000000000000000000e+00
1.160503705969015753e+00
0.000000000000000000e+00
2.706612913585590974e+01
0.000000000000000000e+00
0.000000000000000000e+00
0.000000000000000000e+00
0.000000000000000000e+00
0.000000000000000000e+00
0.000000000000000000e+00
0.000000000000000000e+00
1.534194447411978857e+01
0.000000000000000000e+00
8.352780065797798414e+00
0.000000000000000000e+00
0.000000000000000000e+00
0.000000000000000000e+00
0.000000000000000000e+00
0.000000000000000000e+00
0.000000000000000000e+00
2.799323246706466595e+00
0.000000000000000000e+00
0.000000000000000000e+00
0.000000000000000000e+00
1.734194447411976725e+01
1.334205272029374889e+01
0.000000000000000000e+00
0.000000000000000000e+00
0.000000000000000000e+00
1.743861416575225309e+00
0.000000000000000000e+00
1.534194447411978857e+01
1.634194447411979567e+01
0.000000000000000000e+00
0.000000000000000000e+00
0.000000000000000000e+00
3.206582088968209376e+01
3.303270392016520063e+00
0.000000000000000000e+00
9.352094537576411071e+00
0.000000000000000000e+00
7.216871953133141560e-01
0.000000000000000000e+00
0.000000000000000000e+00
0.000000000000000000e+00
0.000000000000000000e+00
0.000000000000000000e+00
0.000000000000000000e+00
0.000000000000000000e+00
0.000000000000000000e+00
1.234225272029373954e+01
1.734194447411976725e+01
0.000000000000000000e+00
2.806592913585592797e+01
0.000000000000000000e+00
0.000000000000000000e+00
9.352093954015971988e+00
0.000000000000000000e+00
0.000000000000000000e+00
0.000000000000000000e+00
2.906582088968196942e+01
0.000000000000000000e+00
0.000000000000000000e+00
0.000000000000000000e+00
0.000000000000000000e+00
0.000000000000000000e+00
0.000000000000000000e+00
0.000000000000000000e+00
1.634194447411979567e+01
0.000000000000000000e+00
3.106582088968205468e+01
2.814068699782520611e+00
1.234225272029373954e+01
0.000000000000000000e+00
3.006582088968199784e+01
1.140003101094611715e+01
0.000000000000000000e+00
0.000000000000000000e+00
0.000000000000000000e+00
0.000000000000000000e+00
0.000000000000000000e+00
0.000000000000000000e+00
0.000000000000000000e+00
2.806592913585592797e+01
7.354156484865805865e+00
0.000000000000000000e+00
0.000000000000000000e+00
-1.506021198795848282e-01
0.000000000000000000e+00
0.000000000000000000e+00
0.000000000000000000e+00
0.000000000000000000e+00
0.000000000000000000e+00
0.000000000000000000e+00
0.000000000000000000e+00
-3.150562757185860541e+00
2.406716986351251109e+01
0.000000000000000000e+00
3.006582088968199784e+01
0.000000000000000000e+00
0.000000000000000000e+00
0.000000000000000000e+00
0.000000000000000000e+00
0.000000000000000000e+00
3.206582088968209376e+01
0.000000000000000000e+00
0.000000000000000000e+00
0.000000000000000000e+00
0.000000000000000000e+00
0.000000000000000000e+00
0.000000000000000000e+00
0.000000000000000000e+00
0.000000000000000000e+00
0.000000000000000000e+00
1.634194447411979567e+01
0.000000000000000000e+00
2.906582088968196942e+01
0.000000000000000000e+00
3.106582088968205468e+01
0.000000000000000000e+00
4.303270392016527168e+00
0.000000000000000000e+00
5.303270392016529833e+00
3.206582088968209376e+01
3.106582088968205468e+01
0.000000000000000000e+00
0.000000000000000000e+00
0.000000000000000000e+00
0.000000000000000000e+00
0.000000000000000000e+00
0.000000000000000000e+00
0.000000000000000000e+00
0.000000000000000000e+00
0.000000000000000000e+00
0.000000000000000000e+00
1.434194447411975482e+01
0.000000000000000000e+00
0.000000000000000000e+00
1.334205272029374889e+01
0.000000000000000000e+00
1.234225272029373954e+01
0.000000000000000000e+00
0.000000000000000000e+00
8.352780016107091754e+00
0.000000000000000000e+00
0.000000000000000000e+00
1.334205272029374889e+01
1.317628289928840601e+01
0.000000000000000000e+00
5.303270392016529833e+00
-1.859419816637637723e-02
1.234225272029373954e+01
0.000000000000000000e+00
0.000000000000000000e+00
2.606636986351250940e+01
0.000000000000000000e+00
0.000000000000000000e+00
0.000000000000000000e+00
1.734194447411976725e+01
7.931482631183565113e-01
2.906582088968196942e+01
0.000000000000000000e+00
0.000000000000000000e+00
0.000000000000000000e+00
2.506676986351250846e+01
1.334205272029374889e+01
0.000000000000000000e+00
0.000000000000000000e+00
0.000000000000000000e+00
2.107158073060733017e+01
0.000000000000000000e+00
0.000000000000000000e+00
1.634194447411979567e+01
0.000000000000000000e+00
0.000000000000000000e+00
0.000000000000000000e+00
0.000000000000000000e+00
2.107158073060733017e+01
2.706612913585590974e+01
0.000000000000000000e+00
1.734194447411976725e+01
0.000000000000000000e+00
3.227612358443782625e+01
0.000000000000000000e+00
4.674356628749455622e-02
0.000000000000000000e+00
0.000000000000000000e+00
1.534194447411978857e+01
0.000000000000000000e+00
2.827763890040926142e+01
2.928422651906745600e+01
0.000000000000000000e+00
1.634194447411979567e+01
0.000000000000000000e+00
1.634194447411979567e+01
0.000000000000000000e+00
0.000000000000000000e+00
8.346606197998514887e+00
0.000000000000000000e+00
0.000000000000000000e+00
0.000000000000000000e+00
0.000000000000000000e+00
0.000000000000000000e+00
0.000000000000000000e+00
0.000000000000000000e+00
0.000000000000000000e+00
0.000000000000000000e+00
0.000000000000000000e+00
0.000000000000000000e+00
2.306785500339927353e+01
3.106582088968205468e+01
0.000000000000000000e+00
0.000000000000000000e+00
0.000000000000000000e+00
0.000000000000000000e+00
0.000000000000000000e+00
0.000000000000000000e+00
0.000000000000000000e+00
0.000000000000000000e+00
0.000000000000000000e+00
2.906582088968196942e+01
0.000000000000000000e+00
0.000000000000000000e+00
0.000000000000000000e+00
0.000000000000000000e+00
0.000000000000000000e+00
0.000000000000000000e+00
0.000000000000000000e+00
1.434194447411975482e+01
0.000000000000000000e+00
1.634194447411979567e+01
0.000000000000000000e+00
1.234225272029373954e+01
0.000000000000000000e+00
1.634194447411979567e+01
0.000000000000000000e+00
0.000000000000000000e+00
0.000000000000000000e+00
2.906582088968196942e+01
0.000000000000000000e+00
0.000000000000000000e+00
3.106582088968205468e+01
3.106582088968205468e+01
1.734194447411976725e+01
1.234225272029373954e+01
0.000000000000000000e+00
0.000000000000000000e+00
1.434194447411975482e+01
0.000000000000000000e+00
1.434194447411975482e+01
1.734194447411976725e+01
0.000000000000000000e+00
3.206582088968209376e+01
0.000000000000000000e+00
0.000000000000000000e+00
1.035169474762819952e+01
0.000000000000000000e+00
0.000000000000000000e+00
2.706612913585590974e+01
0.000000000000000000e+00
1.734194447411976725e+01
1.221449948646438877e+01
0.000000000000000000e+00
0.000000000000000000e+00
0.000000000000000000e+00
0.000000000000000000e+00
0.000000000000000000e+00
0.000000000000000000e+00
3.106582088968205468e+01
1.131514260789787052e+01
2.906582088968196942e+01
8.352778904941510874e+00
0.000000000000000000e+00
0.000000000000000000e+00
0.000000000000000000e+00
0.000000000000000000e+00
3.106582088968205468e+01
1.416785502151407528e+00
0.000000000000000000e+00
1.434194447411975482e+01
0.000000000000000000e+00
9.497346167066227807e+00
0.000000000000000000e+00
0.000000000000000000e+00
0.000000000000000000e+00
0.000000000000000000e+00
1.534194447411978857e+01
