0.000000000000000000e+00
2.497966461614970157e+00
1.158670296670017485e+01
0.000000000000000000e+00
0.000000000000000000e+00
0.000000000000000000e+00
1.289194224973001235e-01
0.000000000000000000e+00
1.005470704787722624e+01
0.000000000000000000e+00
8.686329283973933002e+00
2.906276136777796282e+01
1.126483320601353810e+00
1.194196363905596847e+01
0.000000000000000000e+00
6.598444088542102293e+00
5.961508901958783468e+00
0.000000000000000000e+00
1.791152508274356236e+01
0.000000000000000000e+00
0.000000000000000000e+00
2.507150130366895979e+01
1.363645336382558249e+01
1.305231898833908843e+01
0.000000000000000000e+00
2.001908051436951297e+01
0.000000000000000000e+00
0.000000000000000000e+00
0.000000000000000000e+00
0.000000000000000000e+00
3.734311259978198461e+00
7.061423109698520051e+00
-7.604600387231967851e+00
0.000000000000000000e+00
0.000000000000000000e+00
0.000000000000000000e+00
6.273312221784451026e+00
0.000000000000000000e+00
0.000000000000000000e+00
0.000000000000000000e+00
2.706276136777795571e+01
2.299990341980242192e+01
0.000000000000000000e+00
0.000000000000000000e+00
0.000000000000000000e+00
0.000000000000000000e+00
-3.793084112622785220e+00
0.000000000000000000e+00
1.511666883712698173e+01
0.000000000000000000e+00
0.000000000000000000e+00
1.574119876533757401e+00
0.000000000000000000e+00
0.000000000000000000e+00
0.000000000000000000e+00
2.599342430783523739e+01
1.005470704787722624e+01
6.562035269724378672e+00
0.000000000000000000e+00
0.000000000000000000e+00
1.105368284462077355e+01
0.000000000000000000e+00
1.033446861614744350e+01
0.000000000000000000e+00
2.599342430783523739e+01
0.000000000000000000e+00
2.091028145566469121e+01
0.000000000000000000e+00
0.000000000000000000e+00
0.000000000000000000e+00
2.899103624829710313e+01
0.000000000000000000e+00
0.000000000000000000e+00
2.101225614787009732e+01
0.000000000000000000e+00
-1.405802751825830921e+00
8.058574083071427197e+00
1.105368284462077355e+01
0.000000000000000000e+00
6.066604910680133855e+00
0.000000000000000000e+00
2.104798449275711025e+00
0.000000000000000000e+00
0.000000000000000000e+00
0.000000000000000000e+00
8.058574083071427197e+00
0.000000000000000000e+00
1.777747996306797162e+01
0.000000000000000000e+00
1.808088009905471338e+01
0.000000000000000000e+00
0.000000000000000000e+00
1.405198513997257415e+01
1.205287702980305120e+01
0.000000000000000000e+00
0.000000000000000000e+00
0.000000000000000000e+00
0.000000000000000000e+00
0.000000000000000000e+00
2.999070239993062614e+01
0.000000000000000000e+00
1.305231898833908843e+01
0.000000000000000000e+00
1.991028145566467344e+01
0.000000000000000000e+00
-4.200090575090983935e-01
1.405198513997257415e+01
0.000000000000000000e+00
3.007150130366893137e+01
9.678217570108163414e+00
-9.526596953277810087e+00
0.000000000000000000e+00
0.000000000000000000e+00
2.684876371496577718e+01
2.906128274004221268e+01
0.000000000000000000e+00
0.000000000000000000e+00
0.000000000000000000e+00
0.000000000000000000e+00
0.000000000000000000e+00
1.567841557290676757e+00
1.880235498508987391e+01
0.000000000000000000e+00
0.000000000000000000e+00
2.942234600976552095e+00
0.000000000000000000e+00
1.242570700689011787e+01
3.306151774069895311e+01
8.055509790386636837e+00
2.699240010457875982e+01
-7.689041775765791120e-02
0.000000000000000000e+00
0.000000000000000000e+00
0.000000000000000000e+00
0.000000000000000000e+00
2.499493541463444046e+01
-3.814329899904430832e+00
2.086166555353734253e+01
0.000000000000000000e+00
0.000000000000000000e+00
1.456133000285434598e+01
0.000000000000000000e+00
0.000000000000000000e+00
2.186799035079766185e+01
2.899103624829710313e+01
-1.528589945735500333e+00
0.000000000000000000e+00
0.000000000000000000e+00
1.162284774355325290e+01
2.806276136777799834e+01
1.966520595791649617e+00
0.000000000000000000e+00
0.000000000000000000e+00
0.000000000000000000e+00
0.000000000000000000e+00
0.000000000000000000e+00
2.144123652162823301e+00
1.055250282637292436e+01
0.000000000000000000e+00
-5.137920171954084569e-01
0.000000000000000000e+00
1.262284774355326000e+01
-6.141742717037334209e+00
0.000000000000000000e+00
0.000000000000000000e+00
6.672730337912926579e+00
4.641733166509903974e+00
0.000000000000000000e+00
0.000000000000000000e+00
0.000000000000000000e+00
0.000000000000000000e+00
-3.299237871913078379e+00
0.000000000000000000e+00
1.900748854938310917e+00
0.000000000000000000e+00
0.000000000000000000e+00
0.000000000000000000e+00
0.000000000000000000e+00
0.000000000000000000e+00
0.000000000000000000e+00
1.606874997893579149e+01
0.000000000000000000e+00
0.000000000000000000e+00
3.645118124173128304e+00
-1.097553440413490344e+00
0.000000000000000000e+00
-1.094303984810857333e+00
1.804325022253335220e+01
0.000000000000000000e+00
0.000000000000000000e+00
1.305231898833908843e+01
0.000000000000000000e+00
0.000000000000000000e+00
2.499493541463444046e+01
0.000000000000000000e+00
1.305231898833908843e+01
0.000000000000000000e+00
-1.686657942004221367e+00
0.000000000000000000e+00
8.594361313937358915e+00
0.000000000000000000e+00
2.499493541463444046e+01
0.000000000000000000e+00
6.067664892723728443e+00
-4.818592128706001176e+00
2.899103624829710313e+01
1.835601484008426354e+01
1.072582853016660920e+01
3.306151774069895311e+01
2.200532217063816631e+01
1.405198513997257415e+01
0.000000000000000000e+00
2.799159428976104280e+01
0.000000000000000000e+00
0.000000000000000000e+00
3.090923026721732025e+00
2.899103624829710313e+01
1.305231898833908843e+01
-2.096529237157031655e+00
2.799159428976104280e+01
0.000000000000000000e+00
0.000000000000000000e+00
0.000000000000000000e+00
0.000000000000000000e+00
1.692920139192097295e+01
0.000000000000000000e+00
0.000000000000000000e+00
2.506276136777788466e+01
1.330911483061955103e+01
0.000000000000000000e+00
0.000000000000000000e+00
0.000000000000000000e+00
1.291449828046294712e+01
1.205287702980305120e+01
2.599342430783523739e+01
1.305231898833908843e+01
2.606276136777789887e+01
0.000000000000000000e+00
2.101129218811604815e+01
0.000000000000000000e+00
1.902947479997943603e+01
1.092936687862134626e+01
0.000000000000000000e+00
0.000000000000000000e+00
4.622612742896367699e+00
0.000000000000000000e+00
0.000000000000000000e+00
0.000000000000000000e+00
2.188098364165190191e+01
0.000000000000000000e+00
6.066604910680133855e+00
2.899103624829710313e+01
0.000000000000000000e+00
2.022170331454725911e+01
0.000000000000000000e+00
0.000000000000000000e+00
0.000000000000000000e+00
2.806573456549740087e+01
2.599342430783523739e+01
4.625757764776947667e+00
0.000000000000000000e+00
0.000000000000000000e+00
2.699240010457875982e+01
8.622612742896365035e+00
0.000000000000000000e+00
0.000000000000000000e+00
0.000000000000000000e+00
2.599342430783523739e+01
1.437198568670619458e+00
0.000000000000000000e+00
0.000000000000000000e+00
0.000000000000000000e+00
2.499493541463444046e+01
-1.107200705018504205e+00
1.005470704787722624e+01
0.000000000000000000e+00
1.804112185723050032e+01
6.729493394037887377e+00
0.000000000000000000e+00
0.000000000000000000e+00
1.591152508274358190e+01
-9.564330526109179331e-01
0.000000000000000000e+00
0.000000000000000000e+00
2.499493541463444046e+01
1.005470704787722624e+01
0.000000000000000000e+00
2.101402998830375424e+01
-5.857381511133563201e+00
0.000000000000000000e+00
0.000000000000000000e+00
0.000000000000000000e+00
0.000000000000000000e+00
0.000000000000000000e+00
0.000000000000000000e+00
0.000000000000000000e+00
0.000000000000000000e+00
0.000000000000000000e+00
0.000000000000000000e+00
0.000000000000000000e+00
-7.606560428028851240e-01
1.319910106238732084e+01
7.942577367915497177e+00
0.000000000000000000e+00
0.000000000000000000e+00
1.903273107706939982e+01
0.000000000000000000e+00
0.000000000000000000e+00
0.000000000000000000e+00
2.101129218811604815e+01
3.484960072412179954e+01
8.157167565474548354e+00
0.000000000000000000e+00
0.000000000000000000e+00
0.000000000000000000e+00
0.000000000000000000e+00
7.901001131212375128e+00
0.000000000000000000e+00
0.000000000000000000e+00
0.000000000000000000e+00
-9.835925523123069392e-02
2.964746171585462609e+00
0.000000000000000000e+00
1.107928332091323043e+01
0.000000000000000000e+00
0.000000000000000000e+00
0.000000000000000000e+00
0.000000000000000000e+00
1.105368284462077355e+01
0.000000000000000000e+00
2.806276136777799834e+01
0.000000000000000000e+00
1.405198513997257415e+01
8.914899061968137417e+00
7.061754423632859989e+00
0.000000000000000000e+00
0.000000000000000000e+00
1.405198513997257415e+01
0.000000000000000000e+00
1.005470704787722624e+01
0.000000000000000000e+00
-3.204385554699298755e+00
0.000000000000000000e+00
-1.617644019636360272e-02
0.000000000000000000e+00
5.584376918805009637e+00
0.000000000000000000e+00
1.405198513997257415e+01
2.699240010457875982e+01
0.000000000000000000e+00
5.911437535453904601e+00
2.469950900336379540e+00
1.906249695625897189e+01
-4.398348106317955697e+00
1.102368233698114430e+01
0.000000000000000000e+00
0.000000000000000000e+00
0.000000000000000000e+00
0.000000000000000000e+00
9.053538987227803536e-02
0.000000000000000000e+00
0.000000000000000000e+00
2.699240010457875982e+01
1.006490417392284265e+01
0.000000000000000000e+00
1.792529440548102926e+01
2.470058972477906956e+00
0.000000000000000000e+00
0.000000000000000000e+00
1.305231898833908843e+01
1.219853170495129824e+01
2.499493541463444046e+01
2.899103624829710313e+01
0.000000000000000000e+00
0.000000000000000000e+00
9.920530505335003468e+00
2.206178322739939190e+01
2.799159428976104280e+01
0.000000000000000000e+00
0.000000000000000000e+00
7.110512600916979231e+00
2.399729134302945610e+01
0.000000000000000000e+00
5.459059769273326701e+00
6.408414759021277551e-02
2.799159428976104280e+01
0.000000000000000000e+00
0.000000000000000000e+00
0.000000000000000000e+00
2.799159428976104280e+01
3.286822796333152041e+01
4.118506277637114188e+00
0.000000000000000000e+00
0.000000000000000000e+00
0.000000000000000000e+00
1.405198513997257415e+01
2.091028145566469121e+01
0.000000000000000000e+00
5.961508901958783468e+00
0.000000000000000000e+00
0.000000000000000000e+00
3.006151774069900995e+01
0.000000000000000000e+00
2.585323300375614863e+01
-1.097553440413490344e+00
1.488216381954447343e+01
1.594189815235559671e+01
0.000000000000000000e+00
0.000000000000000000e+00
2.999070239993062614e+01
0.000000000000000000e+00
2.899103624829710313e+01
-1.837143080007900553e-01
2.699240010457875982e+01
0.000000000000000000e+00
0.000000000000000000e+00
0.000000000000000000e+00
1.902947479997943603e+01
2.999070239993062614e+01
0.000000000000000000e+00
1.481991449114356385e+01
1.492920139192095874e+01
0.000000000000000000e+00
1.291449828046294712e+01
8.503312916856083703e+00
0.000000000000000000e+00
1.392026501863464105e+01
2.899103624829710313e+01
-4.412272786076741227e+00
0.000000000000000000e+00
2.101129218811604815e+01
0.000000000000000000e+00
0.000000000000000000e+00
2.999070239993062614e+01
0.000000000000000000e+00
0.000000000000000000e+00
0.000000000000000000e+00
-7.557873337679561487e-01
0.000000000000000000e+00
0.000000000000000000e+00
6.068959446148368464e+00
0.000000000000000000e+00
0.000000000000000000e+00
0.000000000000000000e+00
1.230165768828694794e+01
0.000000000000000000e+00
2.499493541463444046e+01
0.000000000000000000e+00
-1.384651393322266388e+00
0.000000000000000000e+00
1.415968902414040009e+01
0.000000000000000000e+00
0.000000000000000000e+00
2.499493541463444046e+01
0.000000000000000000e+00
0.000000000000000000e+00
0.000000000000000000e+00
0.000000000000000000e+00
1.627330055051887880e+00
9.056218154676443532e+00
0.000000000000000000e+00
0.000000000000000000e+00
1.491028145566470897e+01
0.000000000000000000e+00
1.105368284462077355e+01
0.000000000000000000e+00
2.191004645500781933e+01
0.000000000000000000e+00
0.000000000000000000e+00
0.000000000000000000e+00
1.489888130998230764e+01
2.699240010457875982e+01
2.102394765734327464e+01
0.000000000000000000e+00
0.000000000000000000e+00
0.000000000000000000e+00
6.912499444399280435e+00
2.899103624829710313e+01
0.000000000000000000e+00
6.632831306523195636e+00
8.058574083071427197e+00
0.000000000000000000e+00
0.000000000000000000e+00
2.100412556219164983e+01
6.080249042674473081e+00
0.000000000000000000e+00
0.000000000000000000e+00
-2.998027278218861613e-01
0.000000000000000000e+00
7.912204298303469940e+00
2.899103624829710313e+01
0.000000000000000000e+00
0.000000000000000000e+00
2.300059236833988763e+01
0.000000000000000000e+00
1.130215280102594022e+01
0.000000000000000000e+00
4.082954584062171932e+00
2.266020641462662510e+01
1.605319975611270067e+01
2.300059236833988763e+01
0.000000000000000000e+00
0.000000000000000000e+00
0.000000000000000000e+00
2.341579777674133389e+00
0.000000000000000000e+00
0.000000000000000000e+00
2.105433401130236248e+01
2.899103624829710313e+01
1.005291704643786588e+01
0.000000000000000000e+00
0.000000000000000000e+00
0.000000000000000000e+00
1.391449828046296844e+01
7.761720445834732196e+00
0.000000000000000000e+00
0.000000000000000000e+00
1.056221178526716464e+01
0.000000000000000000e+00
1.105368284462077355e+01
0.000000000000000000e+00
0.000000000000000000e+00
2.899103624829710313e+01
1.792537537042801432e+01
2.200532217063816631e+01
0.000000000000000000e+00
0.000000000000000000e+00
-5.033019066966981647e-01
0.000000000000000000e+00
0.000000000000000000e+00
0.000000000000000000e+00
0.000000000000000000e+00
-2.631760589137733586e+00
0.000000000000000000e+00
2.699240010457875982e+01
2.499493541463444046e+01
2.899103624829710313e+01
0.000000000000000000e+00
3.288764543410236385e+00
1.125502336370153733e+00
0.000000000000000000e+00
2.356652941632894738e+01
0.000000000000000000e+00
0.000000000000000000e+00
0.000000000000000000e+00
0.000000000000000000e+00
1.414504140017104783e+00
0.000000000000000000e+00
1.305231898833908843e+01
0.000000000000000000e+00
5.672730337912923027e+00
0.000000000000000000e+00
2.008491462924449067e+01
0.000000000000000000e+00
-3.273647960117804789e+00
0.000000000000000000e+00
1.481664278897661724e+01
-5.008441612948269395e+00
0.000000000000000000e+00
0.000000000000000000e+00
0.000000000000000000e+00
3.641833166509885089e+00
0.000000000000000000e+00
1.305231898833908843e+01
1.242156504082522339e+01
-1.626854090849041423e+00
0.000000000000000000e+00
0.000000000000000000e+00
2.806573456549740087e+01
2.156133000285445434e+01
0.000000000000000000e+00
3.206151774069903837e+01
0.000000000000000000e+00
0.000000000000000000e+00
-3.823011579400110271e+00
2.914767328414397785e+00
1.624356857332492021e+00
0.000000000000000000e+00
0.000000000000000000e+00
0.000000000000000000e+00
0.000000000000000000e+00
0.000000000000000000e+00
0.000000000000000000e+00
0.000000000000000000e+00
2.699240010457875982e+01
0.000000000000000000e+00
0.000000000000000000e+00
0.000000000000000000e+00
2.002005259235497903e+01
0.000000000000000000e+00
2.201356789135321890e+01
2.499493541463444046e+01
2.112359495893452621e+00
0.000000000000000000e+00
0.000000000000000000e+00
-4.215031010409543200e+00
0.000000000000000000e+00
2.699240010457875982e+01
9.604165713267384774e+00
1.521967910266406321e+01
0.000000000000000000e+00
0.000000000000000000e+00
0.000000000000000000e+00
0.000000000000000000e+00
1.226997803820820909e+00
7.279525542625102652e+00
2.799159428976104280e+01
4.083266568287562848e+00
0.000000000000000000e+00
0.000000000000000000e+00
0.000000000000000000e+00
0.000000000000000000e+00
0.000000000000000000e+00
7.632831306523203629e+00
1.672995824613294547e+00
3.603606697033813422e+00
1.320021555809399594e+01
0.000000000000000000e+00
0.000000000000000000e+00
0.000000000000000000e+00
2.200532217063816631e+01
0.000000000000000000e+00
2.999070239993062614e+01
2.672895824613293225e+00
0.000000000000000000e+00
-5.033019066966981647e-01
0.000000000000000000e+00
2.599342430783523739e+01
0.000000000000000000e+00
0.000000000000000000e+00
0.000000000000000000e+00
2.999070239993062614e+01
8.058574083071427197e+00
2.706276136777795571e+01
0.000000000000000000e+00
0.000000000000000000e+00
2.999070239993062614e+01
1.005470704787722624e+01
0.000000000000000000e+00
-8.172252394450493895e+00
2.499493541463444046e+01
0.000000000000000000e+00
0.000000000000000000e+00
0.000000000000000000e+00
6.071059535718918987e+00
0.000000000000000000e+00
0.000000000000000000e+00
2.499334894734724344e+01
1.902947479997943603e+01
0.000000000000000000e+00
0.000000000000000000e+00
0.000000000000000000e+00
2.320886930305759677e+01
1.422766227859296428e+01
1.356133000285435664e+01
0.000000000000000000e+00
0.000000000000000000e+00
0.000000000000000000e+00
0.000000000000000000e+00
0.000000000000000000e+00
0.000000000000000000e+00
2.803630737903167613e+01
0.000000000000000000e+00
9.129365999954147881e+00
6.264266270448539231e+00
1.623113230253638406e+00
1.291028145566469654e+01
5.072574928157973062e+00
1.406977976540378350e+01
0.000000000000000000e+00
0.000000000000000000e+00
5.445453029102421461e+00
9.352614094415304891e+00
0.000000000000000000e+00
0.000000000000000000e+00
2.399729134302945610e+01
0.000000000000000000e+00
2.699240010457875982e+01
3.235909459189501014e-02
-9.835925523123069392e-02
1.305231898833908843e+01
1.261645549816089762e+01
-3.854485710615586314e+00
0.000000000000000000e+00
0.000000000000000000e+00
0.000000000000000000e+00
0.000000000000000000e+00
2.599342430783523739e+01
1.405198513997257415e+01
6.250893504318230320e+00
9.010827033048166568e-01
1.405198513997257415e+01
2.499493541463444046e+01
6.657851905065722775e+00
-9.835925523123069392e-02
6.602781123816134468e+00
4.916462081565156517e+00
2.699240010457875982e+01
-9.835925523123069392e-02
0.000000000000000000e+00
2.006697380267612019e+01
0.000000000000000000e+00
0.000000000000000000e+00
2.799159428976104280e+01
0.000000000000000000e+00
2.285898227859262377e+01
0.000000000000000000e+00
2.677751078857695788e+01
4.916462081565156517e+00
0.000000000000000000e+00
1.660135715807711065e+01
-1.521359384365565504e+00
0.000000000000000000e+00
8.942277367915494324e+00
0.000000000000000000e+00
3.306151774069895311e+01
0.000000000000000000e+00
0.000000000000000000e+00
1.318119134787044011e+01
2.306144822674247763e+01
0.000000000000000000e+00
2.499493541463444046e+01
9.056218154676443532e+00
0.000000000000000000e+00
0.000000000000000000e+00
0.000000000000000000e+00
0.000000000000000000e+00
2.624256857332488480e+00
2.799159428976104280e+01
2.085516503246421394e+01
0.000000000000000000e+00
0.000000000000000000e+00
0.000000000000000000e+00
0.000000000000000000e+00
0.000000000000000000e+00
1.265077314662679164e+01
2.017953952449125787e-01
2.606276136777789887e+01
0.000000000000000000e+00
1.005426635388575463e+01
2.536652265102444126e+00
0.000000000000000000e+00
8.114437945478078618e+00
0.000000000000000000e+00
0.000000000000000000e+00
0.000000000000000000e+00
0.000000000000000000e+00
0.000000000000000000e+00
0.000000000000000000e+00
0.000000000000000000e+00
0.000000000000000000e+00
0.000000000000000000e+00
0.000000000000000000e+00
-2.492493633132906172e+00
0.000000000000000000e+00
0.000000000000000000e+00
2.104798449275711025e+00
0.000000000000000000e+00
7.061233825760970362e+00
0.000000000000000000e+00
6.627064568351519469e+00
0.000000000000000000e+00
0.000000000000000000e+00
0.000000000000000000e+00
9.241496183621973337e-01
0.000000000000000000e+00
2.999070239993062614e+01
0.000000000000000000e+00
2.993007073863535794e+01
0.000000000000000000e+00
3.174694570518952830e+01
2.306590005219763029e+01
0.000000000000000000e+00
0.000000000000000000e+00
6.068426187226811486e+00
9.637715945412677954e+00
0.000000000000000000e+00
0.000000000000000000e+00
6.911260671224638941e+00
0.000000000000000000e+00
9.936944845414240390e+00
0.000000000000000000e+00
0.000000000000000000e+00
4.654429926944525064e+00
1.417280245026666030e+01
0.000000000000000000e+00
0.000000000000000000e+00
6.675725347053526271e+00
1.005470704787722624e+01
1.037685273554890664e+01
2.288087922539669350e+01
1.205287702980305120e+01
2.806151774069914850e+01
-9.835925523123069392e-02
0.000000000000000000e+00
0.000000000000000000e+00
0.000000000000000000e+00
0.000000000000000000e+00
0.000000000000000000e+00
0.000000000000000000e+00
1.198614261273976922e+01
0.000000000000000000e+00
-9.835925523123069392e-02
1.096616100369775282e+01
3.795510071452924628e+00
0.000000000000000000e+00
7.065485292885128388e+00
2.306144822674247763e+01
9.055394432608316890e+00
0.000000000000000000e+00
0.000000000000000000e+00
0.000000000000000000e+00
1.433492114919386573e+01
1.086167514456231054e+01
0.000000000000000000e+00
2.499493541463444046e+01
-4.138925755680587848e+00
1.902947479997943603e+01
5.627064568351519469e+00
0.000000000000000000e+00
0.000000000000000000e+00
0.000000000000000000e+00
0.000000000000000000e+00
4.099781575552411184e+00
2.599342430783523739e+01
0.000000000000000000e+00
0.000000000000000000e+00
0.000000000000000000e+00
-1.477920398724235529e+00
1.066449184590028665e+01
0.000000000000000000e+00
-8.607947845788412877e+00
0.000000000000000000e+00
2.897940334121203332e+00
4.270033008620226056e+00
2.906276136777796282e+01
3.406128274004202439e+01
8.035097180743686063e-02
-1.214998216357392913e+00
0.000000000000000000e+00
1.252169697976394858e+01
2.399729134302945610e+01
0.000000000000000000e+00
0.000000000000000000e+00
0.000000000000000000e+00
0.000000000000000000e+00
2.001799855604112466e+01
1.324401891087427430e+01
2.461657387313378464e+01
0.000000000000000000e+00
-4.070775052131453187e+00
2.799159428976104280e+01
7.189471844580765492e+00
2.799159428976104280e+01
9.054893476447022138e+00
0.000000000000000000e+00
0.000000000000000000e+00
0.000000000000000000e+00
1.405198513997257415e+01
1.005294156550706397e+01
0.000000000000000000e+00
-1.097553440413490344e+00
-2.096529237157031655e+00
3.970177491325043828e+00
1.783647100608124703e+00
0.000000000000000000e+00
0.000000000000000000e+00
0.000000000000000000e+00
2.674349699051348139e+01
7.198531704951292909e+00
1.960006462092132296e+01
9.595133925582475243e+00
1.856667477300019131e+00
0.000000000000000000e+00
0.000000000000000000e+00
1.405198513997257415e+01
0.000000000000000000e+00
1.407798568585100085e+01
0.000000000000000000e+00
0.000000000000000000e+00
1.643444249688124259e+01
2.799159428976104280e+01
2.109377845014209552e+00
0.000000000000000000e+00
2.599342430783523739e+01
0.000000000000000000e+00
0.000000000000000000e+00
9.056218154676443532e+00
0.000000000000000000e+00
0.000000000000000000e+00
0.000000000000000000e+00
0.000000000000000000e+00
0.000000000000000000e+00
0.000000000000000000e+00
0.000000000000000000e+00
0.000000000000000000e+00
3.406128274004202439e+01
0.000000000000000000e+00
0.000000000000000000e+00
2.799159428976104280e+01
0.000000000000000000e+00
0.000000000000000000e+00
0.000000000000000000e+00
0.000000000000000000e+00
0.000000000000000000e+00
2.300059236833988763e+01
1.338154272422592861e+01
0.000000000000000000e+00
-7.227164051693287794e-01
-3.796596418230918868e+00
1.902947479997943603e+01
1.900748854938310917e+00
0.000000000000000000e+00
1.405198513997257415e+01
2.806276136777799834e+01
0.000000000000000000e+00
0.000000000000000000e+00
0.000000000000000000e+00
0.000000000000000000e+00
2.799159428976104280e+01
0.000000000000000000e+00
1.192384817279460485e+01
0.000000000000000000e+00
0.000000000000000000e+00
2.706151774069910587e+01
9.207156537830334386e+00
1.305231898833908843e+01
0.000000000000000000e+00
0.000000000000000000e+00
1.508555157719565365e+01
0.000000000000000000e+00
0.000000000000000000e+00
0.000000000000000000e+00
0.000000000000000000e+00
9.344983023247433351e+00
0.000000000000000000e+00
2.406580005219765184e+01
2.101129218811604815e+01
0.000000000000000000e+00
1.630855157915532061e+01
1.405198513997257415e+01
0.000000000000000000e+00
-1.952885988900869840e-01
0.000000000000000000e+00
1.037659661455454341e+01
0.000000000000000000e+00
6.930175753576679476e+00
2.706128274004220557e+01
0.000000000000000000e+00
0.000000000000000000e+00
0.000000000000000000e+00
1.405198513997257415e+01
0.000000000000000000e+00
0.000000000000000000e+00
3.586408027153723310e+00
0.000000000000000000e+00
2.599342430783523739e+01
0.000000000000000000e+00
0.000000000000000000e+00
0.000000000000000000e+00
0.000000000000000000e+00
0.000000000000000000e+00
0.000000000000000000e+00
7.061875108381865829e+00
1.010445290820313602e+01
0.000000000000000000e+00
0.000000000000000000e+00
-1.166296290710991279e+00
2.999070239993062614e+01
0.000000000000000000e+00
1.160006462092118795e+01
2.001908051436951297e+01
2.699240010457875982e+01
1.804497546839566979e+01
-7.090979792050398078e-01
1.005470704787722624e+01
2.101129218811604815e+01
8.443066662793039967e+00
0.000000000000000000e+00
0.000000000000000000e+00
0.000000000000000000e+00
1.305231898833908843e+01
2.899103624829710313e+01
8.057838715223455850e+00
0.000000000000000000e+00
3.106276136777790953e+01
0.000000000000000000e+00
0.000000000000000000e+00
0.000000000000000000e+00
-7.274464884285172239e-01
1.091466376716333997e+01
3.185210063398592339e+01
0.000000000000000000e+00
3.127299267319278098e+00
1.734446554783020122e+00
0.000000000000000000e+00
0.000000000000000000e+00
0.000000000000000000e+00
1.900748854938310917e+00
1.305231898833908843e+01
