0.000000000000000000e+00
2.160805741382018752e+00
1.158626057649603425e+01
0.000000000000000000e+00
0.000000000000000000e+00
0.000000000000000000e+00
8.200185089818323725e-01
0.000000000000000000e+00
1.005469361073075518e+01
0.000000000000000000e+00
8.666980050336116292e+00
2.906276136777796282e+01
0.000000000000000000e+00
1.005461092346253871e+01
0.000000000000000000e+00
6.587918346951822990e+00
5.961508901958783468e+00
0.000000000000000000e+00
1.791152508274356236e+01
0.000000000000000000e+00
0.000000000000000000e+00
2.499477996793716272e+01
1.362838607140540503e+01
1.305231835192061318e+01
0.000000000000000000e+00
2.002567572276183938e+01
0.000000000000000000e+00
0.000000000000000000e+00
0.000000000000000000e+00
0.000000000000000000e+00
3.734311259978198461e+00
7.066018822427044377e+00
0.000000000000000000e+00
0.000000000000000000e+00
0.000000000000000000e+00
0.000000000000000000e+00
7.210605933247653532e+00
0.000000000000000000e+00
0.000000000000000000e+00
1.841572375699840614e-01
2.706276136777795571e+01
2.300414009749298572e+01
0.000000000000000000e+00
0.000000000000000000e+00
0.000000000000000000e+00
0.000000000000000000e+00
0.000000000000000000e+00
0.000000000000000000e+00
1.606874764549272427e+01
0.000000000000000000e+00
0.000000000000000000e+00
2.006641378105720364e+01
0.000000000000000000e+00
0.000000000000000000e+00
0.000000000000000000e+00
2.599273396673098446e+01
1.005462121323019353e+01
6.562178471482328135e+00
0.000000000000000000e+00
0.000000000000000000e+00
1.105334192178306729e+01
0.000000000000000000e+00
1.033441013504816297e+01
0.000000000000000000e+00
2.599320904126861365e+01
0.000000000000000000e+00
2.091028145566469121e+01
0.000000000000000000e+00
0.000000000000000000e+00
0.000000000000000000e+00
2.899103052515350143e+01
0.000000000000000000e+00
0.000000000000000000e+00
2.101404290918604545e+01
0.000000000000000000e+00
0.000000000000000000e+00
8.058055309217561302e+00
1.105363800382986739e+01
0.000000000000000000e+00
6.068906099454823178e+00
0.000000000000000000e+00
2.105418301675809012e+00
0.000000000000000000e+00
0.000000000000000000e+00
0.000000000000000000e+00
8.058463235165618244e+00
0.000000000000000000e+00
1.775606515775538696e+01
0.000000000000000000e+00
2.106191852220420557e+01
0.000000000000000000e+00
0.000000000000000000e+00
1.405197556951766913e+01
1.205274674971563975e+01
0.000000000000000000e+00
0.000000000000000000e+00
0.000000000000000000e+00
0.000000000000000000e+00
0.000000000000000000e+00
2.999068240428331933e+01
0.000000000000000000e+00
1.305227290538678275e+01
0.000000000000000000e+00
1.991028145566467344e+01
0.000000000000000000e+00
0.000000000000000000e+00
1.405198061139918941e+01
0.000000000000000000e+00
2.999070035194430872e+01
9.671845899255350432e+00
3.751706045339732454e-02
0.000000000000000000e+00
0.000000000000000000e+00
2.684876371496577718e+01
2.906128274004221268e+01
0.000000000000000000e+00
0.000000000000000000e+00
0.000000000000000000e+00
0.000000000000000000e+00
0.000000000000000000e+00
1.567255124621049989e+00
1.880100844120851988e+01
0.000000000000000000e+00
0.000000000000000000e+00
3.107216825215864286e+00
0.000000000000000000e+00
1.249009236698326042e+01
3.306151774069895311e+01
8.059852784189526886e+00
2.699239535358327657e+01
1.215380405471632841e+00
0.000000000000000000e+00
0.000000000000000000e+00
0.000000000000000000e+00
0.000000000000000000e+00
2.499427258892395187e+01
0.000000000000000000e+00
2.082417318270644913e+01
0.000000000000000000e+00
0.000000000000000000e+00
1.456133000285434598e+01
0.000000000000000000e+00
0.000000000000000000e+00
2.186417807450483508e+01
2.899103096884059383e+01
0.000000000000000000e+00
0.000000000000000000e+00
0.000000000000000000e+00
1.162284774355325290e+01
2.599340959959481623e+01
9.749530195166377089e-01
0.000000000000000000e+00
0.000000000000000000e+00
0.000000000000000000e+00
0.000000000000000000e+00
0.000000000000000000e+00
1.765584877433680866e+00
1.056217877386239934e+01
0.000000000000000000e+00
8.111910041480613343e-01
0.000000000000000000e+00
1.262284774355326000e+01
0.000000000000000000e+00
0.000000000000000000e+00
0.000000000000000000e+00
6.672730337912926579e+00
4.641733166509903974e+00
0.000000000000000000e+00
0.000000000000000000e+00
0.000000000000000000e+00
0.000000000000000000e+00
0.000000000000000000e+00
0.000000000000000000e+00
1.900748336846539210e+00
0.000000000000000000e+00
0.000000000000000000e+00
0.000000000000000000e+00
0.000000000000000000e+00
0.000000000000000000e+00
0.000000000000000000e+00
1.606874799657447994e+01
0.000000000000000000e+00
0.000000000000000000e+00
5.152216312650127250e+00
-1.097675054394912753e+00
0.000000000000000000e+00
0.000000000000000000e+00
1.804524810282789815e+01
0.000000000000000000e+00
0.000000000000000000e+00
1.305230124870121422e+01
0.000000000000000000e+00
0.000000000000000000e+00
2.499458019565319233e+01
0.000000000000000000e+00
1.305228198084663305e+01
0.000000000000000000e+00
1.741826009411828746e+00
0.000000000000000000e+00
8.584234570958907184e+00
0.000000000000000000e+00
2.499491684857480678e+01
0.000000000000000000e+00
6.067988925963149427e+00
4.252334061047712832e-01
2.899103137902219984e+01
1.835540987627420506e+01
1.492026501863462684e+01
2.999069039816716753e+01
2.200571480216465403e+01
1.405197956371711854e+01
0.000000000000000000e+00
2.799159175557847590e+01
0.000000000000000000e+00
0.000000000000000000e+00
3.095176706194114225e+00
2.899103208769186324e+01
1.305229839094675270e+01
0.000000000000000000e+00
2.799157544875185621e+01
0.000000000000000000e+00
0.000000000000000000e+00
0.000000000000000000e+00
0.000000000000000000e+00
1.692920139192097295e+01
0.000000000000000000e+00
0.000000000000000000e+00
2.506276136777788466e+01
1.379156825903868544e+01
0.000000000000000000e+00
0.000000000000000000e+00
0.000000000000000000e+00
1.291449828046294712e+01
1.205272833852135150e+01
2.599342257085972463e+01
1.305230273185157053e+01
2.606276136777789887e+01
0.000000000000000000e+00
2.101245140170420811e+01
0.000000000000000000e+00
1.903215860162876183e+01
1.092936687862134626e+01
0.000000000000000000e+00
0.000000000000000000e+00
4.622612742896367699e+00
0.000000000000000000e+00
0.000000000000000000e+00
0.000000000000000000e+00
2.002406768739415099e+01
0.000000000000000000e+00
6.069110591499389251e+00
2.899100898084573430e+01
0.000000000000000000e+00
2.021926227859297143e+01
0.000000000000000000e+00
0.000000000000000000e+00
0.000000000000000000e+00
2.806573456549740087e+01
2.599341584345505751e+01
4.625713559390357332e+00
0.000000000000000000e+00
0.000000000000000000e+00
2.699233433366129020e+01
8.622612742896365035e+00
0.000000000000000000e+00
0.000000000000000000e+00
0.000000000000000000e+00
2.599317088720258440e+01
3.542448785927858168e+00
0.000000000000000000e+00
0.000000000000000000e+00
0.000000000000000000e+00
2.499471408788959792e+01
0.000000000000000000e+00
1.005467545912933502e+01
0.000000000000000000e+00
1.847903895832743970e+01
6.675890150162264725e+00
0.000000000000000000e+00
0.000000000000000000e+00
1.591152508274358190e+01
0.000000000000000000e+00
0.000000000000000000e+00
0.000000000000000000e+00
2.499489427355465665e+01
1.005469361073075518e+01
0.000000000000000000e+00
2.101448659444816869e+01
1.911595582704507523e-01
0.000000000000000000e+00
0.000000000000000000e+00
0.000000000000000000e+00
0.000000000000000000e+00
0.000000000000000000e+00
0.000000000000000000e+00
1.223359138773974226e-04
0.000000000000000000e+00
0.000000000000000000e+00
0.000000000000000000e+00
0.000000000000000000e+00
0.000000000000000000e+00
1.322440012775552098e+01
7.942577367915497177e+00
0.000000000000000000e+00
0.000000000000000000e+00
1.920890950082255344e+01
0.000000000000000000e+00
0.000000000000000000e+00
0.000000000000000000e+00
2.101310887882263145e+01
3.484961248597386430e+01
8.155893075214024179e+00
0.000000000000000000e+00
0.000000000000000000e+00
0.000000000000000000e+00
0.000000000000000000e+00
8.120945179680578718e+00
0.000000000000000000e+00
0.000000000000000000e+00
0.000000000000000000e+00
0.000000000000000000e+00
4.214124553452046840e+00
0.000000000000000000e+00
1.108747303491005809e+01
0.000000000000000000e+00
0.000000000000000000e+00
0.000000000000000000e+00
0.000000000000000000e+00
9.891266083969808776e+00
0.000000000000000000e+00
2.806276136777799834e+01
0.000000000000000000e+00
1.405194726797735782e+01
8.914899061968137417e+00
7.064518077322711420e+00
0.000000000000000000e+00
0.000000000000000000e+00
1.405194645872375681e+01
0.000000000000000000e+00
1.005462028123531937e+01
0.000000000000000000e+00
1.201828564356403062e+00
0.000000000000000000e+00
1.440397069726091717e+00
0.000000000000000000e+00
5.499001241466109136e+00
0.000000000000000000e+00
1.405197686860366346e+01
2.699225867787635025e+01
0.000000000000000000e+00
5.911437535453904601e+00
2.357004745608505925e+00
1.906249695625897189e+01
0.000000000000000000e+00
2.300527878247134339e+01
0.000000000000000000e+00
0.000000000000000000e+00
0.000000000000000000e+00
0.000000000000000000e+00
6.314604497531312033e-01
0.000000000000000000e+00
0.000000000000000000e+00
2.699239700445959045e+01
2.486763242223014458e+01
0.000000000000000000e+00
2.006344058333780112e+01
3.178340861300736897e+00
0.000000000000000000e+00
0.000000000000000000e+00
1.305231139475100655e+01
1.219853170495129824e+01
2.499488037380004002e+01
2.899101508784484338e+01
0.000000000000000000e+00
0.000000000000000000e+00
9.920530505335003468e+00
2.206178322739939190e+01
2.799159224177472538e+01
0.000000000000000000e+00
0.000000000000000000e+00
7.469398839139175905e+00
2.399664537454352242e+01
0.000000000000000000e+00
9.329515982439469113e+00
0.000000000000000000e+00
2.799150172249306223e+01
0.000000000000000000e+00
0.000000000000000000e+00
0.000000000000000000e+00
2.799158931750055501e+01
3.286417807450479245e+01
3.263316179842597364e+00
0.000000000000000000e+00
0.000000000000000000e+00
0.000000000000000000e+00
1.405194550356435101e+01
2.091028145566469121e+01
0.000000000000000000e+00
5.961508901958783468e+00
0.000000000000000000e+00
0.000000000000000000e+00
2.699235847070118055e+01
0.000000000000000000e+00
2.585322931077213227e+01
-1.097580383632657197e+00
2.788783072882124259e+01
1.405196514432527444e+01
0.000000000000000000e+00
0.000000000000000000e+00
2.999069977556458255e+01
0.000000000000000000e+00
2.899098134149337369e+01
-1.970037413628847878e-01
2.699229591894818725e+01
0.000000000000000000e+00
0.000000000000000000e+00
0.000000000000000000e+00
1.903347326477329915e+01
2.999069350364032260e+01
0.000000000000000000e+00
1.480096338159966152e+01
1.492920139192095874e+01
0.000000000000000000e+00
1.291449828046294712e+01
8.502415865351244051e+00
0.000000000000000000e+00
1.392026501863464105e+01
2.899100887747174582e+01
1.676524085445911831e-03
0.000000000000000000e+00
2.101493339356967027e+01
0.000000000000000000e+00
0.000000000000000000e+00
2.999070239993062614e+01
0.000000000000000000e+00
0.000000000000000000e+00
0.000000000000000000e+00
5.717508134690370003e-01
0.000000000000000000e+00
0.000000000000000000e+00
6.070270879755368831e+00
0.000000000000000000e+00
0.000000000000000000e+00
0.000000000000000000e+00
1.227290223873803399e+01
0.000000000000000000e+00
2.499444861641123694e+01
0.000000000000000000e+00
3.756526468665434493e+00
0.000000000000000000e+00
1.417314224131512113e+01
0.000000000000000000e+00
0.000000000000000000e+00
2.499481362219833969e+01
0.000000000000000000e+00
0.000000000000000000e+00
0.000000000000000000e+00
0.000000000000000000e+00
0.000000000000000000e+00
9.056186819221700546e+00
0.000000000000000000e+00
0.000000000000000000e+00
1.491028145566470897e+01
0.000000000000000000e+00
1.105359938774527606e+01
0.000000000000000000e+00
2.191004645500781933e+01
0.000000000000000000e+00
0.000000000000000000e+00
0.000000000000000000e+00
1.421724259936183188e+01
2.699239402957704570e+01
2.103061191911381300e+01
0.000000000000000000e+00
0.000000000000000000e+00
0.000000000000000000e+00
6.912499444399280435e+00
2.899098026093940561e+01
0.000000000000000000e+00
6.632831306523195636e+00
8.058548645591612214e+00
0.000000000000000000e+00
0.000000000000000000e+00
2.101531340951139981e+01
6.071783209518684110e+00
0.000000000000000000e+00
0.000000000000000000e+00
1.465502638839180971e+00
0.000000000000000000e+00
7.912204298303469940e+00
2.899103613001767599e+01
0.000000000000000000e+00
0.000000000000000000e+00
2.300054821899023239e+01
0.000000000000000000e+00
1.135038596025966307e+01
0.000000000000000000e+00
4.084528956979893266e+00
2.191004645500781933e+01
2.489336186764229808e+01
2.300111547586792327e+01
0.000000000000000000e+00
0.000000000000000000e+00
0.000000000000000000e+00
4.577134479846590942e+00
0.000000000000000000e+00
0.000000000000000000e+00
2.102820380954903001e+01
2.899101779998956019e+01
1.005434235822711564e+01
0.000000000000000000e+00
0.000000000000000000e+00
0.000000000000000000e+00
1.391449828046296844e+01
7.949060203058757601e+00
0.000000000000000000e+00
0.000000000000000000e+00
1.056217877386239934e+01
0.000000000000000000e+00
1.105349245802870861e+01
0.000000000000000000e+00
0.000000000000000000e+00
2.899099324804940281e+01
1.791624043884081274e+01
2.200590217621782330e+01
0.000000000000000000e+00
0.000000000000000000e+00
0.000000000000000000e+00
0.000000000000000000e+00
0.000000000000000000e+00
0.000000000000000000e+00
0.000000000000000000e+00
0.000000000000000000e+00
0.000000000000000000e+00
2.699230039439684958e+01
2.499378452865893507e+01
2.899101303765002413e+01
0.000000000000000000e+00
3.805000938669976129e+00
1.139750716729292623e+00
0.000000000000000000e+00
2.356652810480773752e+01
0.000000000000000000e+00
0.000000000000000000e+00
0.000000000000000000e+00
0.000000000000000000e+00
1.383492298220247552e+00
0.000000000000000000e+00
1.305231482773385387e+01
0.000000000000000000e+00
5.672730337912923027e+00
0.000000000000000000e+00
2.038041652382488067e+01
0.000000000000000000e+00
6.873903048166787322e-01
0.000000000000000000e+00
1.480223654097610897e+01
-8.352970348999590957e-08
0.000000000000000000e+00
0.000000000000000000e+00
0.000000000000000000e+00
3.641833166509885089e+00
0.000000000000000000e+00
1.305228087378417179e+01
1.308161739276459912e+01
0.000000000000000000e+00
0.000000000000000000e+00
0.000000000000000000e+00
2.806573456549740087e+01
2.156133000285445434e+01
0.000000000000000000e+00
2.899101335086933773e+01
0.000000000000000000e+00
0.000000000000000000e+00
8.317648813499701381e-05
2.914765176945951275e+00
0.000000000000000000e+00
0.000000000000000000e+00
0.000000000000000000e+00
0.000000000000000000e+00
0.000000000000000000e+00
0.000000000000000000e+00
0.000000000000000000e+00
0.000000000000000000e+00
2.699229058426176664e+01
0.000000000000000000e+00
0.000000000000000000e+00
0.000000000000000000e+00
2.025241645480702246e+01
0.000000000000000000e+00
2.200836360327102881e+01
2.499489708637764096e+01
2.120980986553437475e+00
0.000000000000000000e+00
0.000000000000000000e+00
0.000000000000000000e+00
0.000000000000000000e+00
2.699237180947851655e+01
9.722961500621375208e+00
1.521634107592894303e+01
0.000000000000000000e+00
0.000000000000000000e+00
0.000000000000000000e+00
0.000000000000000000e+00
7.565056679882015134e-01
7.562178655582965980e+00
2.799154585845742815e+01
4.097369886563595465e+00
0.000000000000000000e+00
0.000000000000000000e+00
0.000000000000000000e+00
0.000000000000000000e+00
0.000000000000000000e+00
7.632831306523203629e+00
1.672995824613294547e+00
3.604191345192986784e+00
1.319938047595939068e+01
0.000000000000000000e+00
0.000000000000000000e+00
0.000000000000000000e+00
2.200679687159725972e+01
0.000000000000000000e+00
2.999070228165120966e+01
0.000000000000000000e+00
0.000000000000000000e+00
0.000000000000000000e+00
0.000000000000000000e+00
2.599336443078428616e+01
0.000000000000000000e+00
0.000000000000000000e+00
0.000000000000000000e+00
2.999070164523273263e+01
8.058573890340040791e+00
2.499457268228064777e+01
0.000000000000000000e+00
0.000000000000000000e+00
2.999069484658165763e+01
1.005456442861465405e+01
0.000000000000000000e+00
1.161568298933625787e+00
2.499493066363896077e+01
0.000000000000000000e+00
0.000000000000000000e+00
0.000000000000000000e+00
6.071025386787906264e+00
0.000000000000000000e+00
0.000000000000000000e+00
2.499442698703116861e+01
1.903763306710932568e+01
0.000000000000000000e+00
0.000000000000000000e+00
0.000000000000000000e+00
2.309729896046435726e+01
1.422766227859296428e+01
1.356133000285435664e+01
0.000000000000000000e+00
0.000000000000000000e+00
0.000000000000000000e+00
0.000000000000000000e+00
0.000000000000000000e+00
0.000000000000000000e+00
3.006276136777786334e+01
0.000000000000000000e+00
9.295185926721247327e+00
6.264266270448539231e+00
0.000000000000000000e+00
1.291028145566469654e+01
5.073494209020200429e+00
1.416450133984120363e+01
0.000000000000000000e+00
0.000000000000000000e+00
5.423581083224247479e+00
9.352586482961692482e+00
0.000000000000000000e+00
0.000000000000000000e+00
2.399716430727335492e+01
0.000000000000000000e+00
2.699237867041414063e+01
7.132407224398453274e-03
0.000000000000000000e+00
1.305229376659855056e+01
1.261645549816089762e+01
2.101280020661765668e+00
0.000000000000000000e+00
0.000000000000000000e+00
0.000000000000000000e+00
0.000000000000000000e+00
2.599340203616498002e+01
1.405196939775856357e+01
6.258078407453573355e+00
9.010651667128141140e-01
1.405198328471765024e+01
2.499456475267398758e+01
6.420232674906673154e+00
0.000000000000000000e+00
6.599040947062423612e+00
4.916461770554353627e+00
2.699234777739370372e+01
0.000000000000000000e+00
0.000000000000000000e+00
2.016213170958635459e+01
0.000000000000000000e+00
0.000000000000000000e+00
2.799159118720367445e+01
0.000000000000000000e+00
1.942609365939902588e+01
0.000000000000000000e+00
2.675948129838895895e+01
4.916460804979396748e+00
0.000000000000000000e+00
1.660013676679344741e+01
0.000000000000000000e+00
0.000000000000000000e+00
8.942277367915494324e+00
0.000000000000000000e+00
3.187704133752966129e+01
0.000000000000000000e+00
0.000000000000000000e+00
1.333235811297154072e+01
2.306144822674247763e+01
0.000000000000000000e+00
2.507150130366895979e+01
9.056070688270221325e+00
0.000000000000000000e+00
0.000000000000000000e+00
0.000000000000000000e+00
0.000000000000000000e+00
2.624256857332488480e+00
2.799158359069978630e+01
2.083161738349041414e+01
0.000000000000000000e+00
0.000000000000000000e+00
0.000000000000000000e+00
0.000000000000000000e+00
0.000000000000000000e+00
1.264693360306064029e+01
3.911706045339733567e-02
2.606276136777789887e+01
0.000000000000000000e+00
1.005457674610398477e+01
2.574464535385118324e+00
0.000000000000000000e+00
7.788650156659877588e+00
0.000000000000000000e+00
0.000000000000000000e+00
0.000000000000000000e+00
0.000000000000000000e+00
0.000000000000000000e+00
0.000000000000000000e+00
0.000000000000000000e+00
0.000000000000000000e+00
0.000000000000000000e+00
0.000000000000000000e+00
1.223359138773974226e-04
0.000000000000000000e+00
0.000000000000000000e+00
2.113104909203129544e+00
0.000000000000000000e+00
7.066106868514737016e+00
0.000000000000000000e+00
6.627064568351519469e+00
0.000000000000000000e+00
0.000000000000000000e+00
0.000000000000000000e+00
-1.927313844659855910e-07
0.000000000000000000e+00
2.999070047022373942e+01
0.000000000000000000e+00
2.599292975613329659e+01
0.000000000000000000e+00
3.174632487086827126e+01
2.306590005219763029e+01
0.000000000000000000e+00
0.000000000000000000e+00
6.630084723196494778e+00
9.717963188192950241e+00
0.000000000000000000e+00
0.000000000000000000e+00
6.911260671224638941e+00
0.000000000000000000e+00
1.026203660858267597e+01
0.000000000000000000e+00
0.000000000000000000e+00
4.654429926944525064e+00
1.407796140638618709e+01
0.000000000000000000e+00
0.000000000000000000e+00
6.171736450027167642e+00
1.005450361921466929e+01
1.052824735269990697e+01
2.306292685447823132e+01
1.205286849478466316e+01
2.806151774069914850e+01
0.000000000000000000e+00
0.000000000000000000e+00
0.000000000000000000e+00
0.000000000000000000e+00
0.000000000000000000e+00
0.000000000000000000e+00
0.000000000000000000e+00
1.205286549685187936e+01
0.000000000000000000e+00
0.000000000000000000e+00
1.105334134697434223e+01
3.795538035504606000e+00
0.000000000000000000e+00
7.063478542451755438e+00
2.306144822674247763e+01
9.056533612791136889e+00
0.000000000000000000e+00
0.000000000000000000e+00
0.000000000000000000e+00
2.300358800843299889e+01
1.069571132385767243e+01
0.000000000000000000e+00
2.499477711702568428e+01
-8.352970348999590957e-08
1.903389211199314346e+01
5.627064568351519469e+00
0.000000000000000000e+00
0.000000000000000000e+00
1.762660510902429589e-01
0.000000000000000000e+00
4.473793785357178088e+00
2.599341042559712989e+01
0.000000000000000000e+00
0.000000000000000000e+00
0.000000000000000000e+00
-8.352970348999590957e-08
9.637653756871186417e+00
0.000000000000000000e+00
2.244650238206354897e-01
0.000000000000000000e+00
3.579320166496398503e+00
4.270033008620226056e+00
2.906276136777796282e+01
3.406128274004202439e+01
0.000000000000000000e+00
0.000000000000000000e+00
0.000000000000000000e+00
1.237567420494020354e+01
2.399722553410204995e+01
0.000000000000000000e+00
0.000000000000000000e+00
0.000000000000000000e+00
0.000000000000000000e+00
2.013295009913176159e+01
1.334428379765859241e+01
2.461156892065572777e+01
0.000000000000000000e+00
5.054124256623678813e-01
2.799154404929062423e+01
7.078392899225170787e+00
2.799156276320645276e+01
9.055700456779332441e+00
0.000000000000000000e+00
0.000000000000000000e+00
0.000000000000000000e+00
1.405195837089227240e+01
1.005449177104146585e+01
0.000000000000000000e+00
0.000000000000000000e+00
0.000000000000000000e+00
4.346038094758405634e+00
1.783647100608124703e+00
0.000000000000000000e+00
0.000000000000000000e+00
0.000000000000000000e+00
2.673538976517023968e+01
7.198531704951292909e+00
1.959362272761745416e+01
9.582167117715362892e+00
1.617988000555595329e+00
0.000000000000000000e+00
0.000000000000000000e+00
1.405197230284561805e+01
0.000000000000000000e+00
1.407797563660382067e+01
0.000000000000000000e+00
0.000000000000000000e+00
1.656217877386256276e+01
2.799154195877802564e+01
2.111316963605207153e+00
0.000000000000000000e+00
2.599342200248492318e+01
0.000000000000000000e+00
0.000000000000000000e+00
9.056163313651827806e+00
0.000000000000000000e+00
0.000000000000000000e+00
0.000000000000000000e+00
0.000000000000000000e+00
0.000000000000000000e+00
0.000000000000000000e+00
0.000000000000000000e+00
0.000000000000000000e+00
3.406128274004202439e+01
0.000000000000000000e+00
0.000000000000000000e+00
2.799156016971633676e+01
0.000000000000000000e+00
0.000000000000000000e+00
0.000000000000000000e+00
0.000000000000000000e+00
0.000000000000000000e+00
2.300049002883483240e+01
1.337503151589356776e+01
0.000000000000000000e+00
-7.611872664661062382e-01
0.000000000000000000e+00
1.903748123711505968e+01
0.000000000000000000e+00
0.000000000000000000e+00
1.405196929389374283e+01
2.806276136777799834e+01
0.000000000000000000e+00
0.000000000000000000e+00
0.000000000000000000e+00
0.000000000000000000e+00
2.799144769643436348e+01
0.000000000000000000e+00
1.192659652193326103e+01
0.000000000000000000e+00
0.000000000000000000e+00
2.399871284713293562e+01
9.206929806904547320e+00
1.305229739361353936e+01
0.000000000000000000e+00
0.000000000000000000e+00
1.512129835851779802e+01
0.000000000000000000e+00
0.000000000000000000e+00
0.000000000000000000e+00
0.000000000000000000e+00
9.341669007641186795e+00
0.000000000000000000e+00
2.406580005219765184e+01
2.101440885425625993e+01
0.000000000000000000e+00
1.629699153270008694e+01
1.405195008922743227e+01
0.000000000000000000e+00
5.910461180512870394e-01
0.000000000000000000e+00
1.049888562357646826e+01
0.000000000000000000e+00
6.930175753576679476e+00
2.706128274004220557e+01
0.000000000000000000e+00
0.000000000000000000e+00
0.000000000000000000e+00
1.405198335526528552e+01
0.000000000000000000e+00
0.000000000000000000e+00
3.384944783193648554e+00
0.000000000000000000e+00
2.599338681925246775e+01
0.000000000000000000e+00
0.000000000000000000e+00
0.000000000000000000e+00
0.000000000000000000e+00
0.000000000000000000e+00
0.000000000000000000e+00
7.061810458676522906e+00
1.298604261273976057e+01
0.000000000000000000e+00
0.000000000000000000e+00
-8.352970348999590957e-08
2.999070220719923796e+01
0.000000000000000000e+00
1.159362272761732626e+01
2.001977293568858585e+01
2.699235329110422299e+01
1.804684387618639718e+01
0.000000000000000000e+00
1.005452011603164664e+01
2.101442076575627382e+01
1.086099125267804233e+01
0.000000000000000000e+00
0.000000000000000000e+00
0.000000000000000000e+00
1.305225795626194163e+01
2.899103545109004543e+01
8.059933777687833256e+00
0.000000000000000000e+00
2.899097354615610556e+01
0.000000000000000000e+00
0.000000000000000000e+00
0.000000000000000000e+00
-8.352970348999590957e-08
1.091466376716333997e+01
3.185156181691895938e+01
0.000000000000000000e+00
3.118929579418073139e+00
0.000000000000000000e+00
0.000000000000000000e+00
0.000000000000000000e+00
0.000000000000000000e+00
1.900721982148642297e+00
1.305229795035857165e+01
