0.000000000000000000e+00
1.625564842423087519e+00
4.404043136427588934e+00
0.000000000000000000e+00
0.000000000000000000e+00
0.000000000000000000e+00
0.000000000000000000e+00
0.000000000000000000e+00
1.005470704787722624e+01
0.000000000000000000e+00
8.584442811743222990e+00
2.906276136777796282e+01
1.125501076390825306e+00
1.005470704787722624e+01
0.000000000000000000e+00
1.183759609804666324e+00
5.072540414858350388e+00
0.000000000000000000e+00
1.205287702980305120e+01
0.000000000000000000e+00
0.000000000000000000e+00
2.499493541463444046e+01
5.247686312199970615e+00
1.305231898833908843e+01
0.000000000000000000e+00
2.002238623726722011e+01
0.000000000000000000e+00
0.000000000000000000e+00
0.000000000000000000e+00
0.000000000000000000e+00
0.000000000000000000e+00
7.061875108381865829e+00
0.000000000000000000e+00
0.000000000000000000e+00
0.000000000000000000e+00
0.000000000000000000e+00
6.058799097780818599e+00
0.000000000000000000e+00
0.000000000000000000e+00
0.000000000000000000e+00
2.706276136777795571e+01
2.300059236833988763e+01
0.000000000000000000e+00
0.000000000000000000e+00
0.000000000000000000e+00
0.000000000000000000e+00
0.000000000000000000e+00
0.000000000000000000e+00
1.606874188284118077e+01
0.000000000000000000e+00
0.000000000000000000e+00
1.903272879299948173e+01
0.000000000000000000e+00
0.000000000000000000e+00
0.000000000000000000e+00
2.599342430783523739e+01
1.005470704787722624e+01
1.591472683911184349e+00
0.000000000000000000e+00
0.000000000000000000e+00
1.105368284462077355e+01
0.000000000000000000e+00
-8.621535424086099741e-01
0.000000000000000000e+00
2.599342430783523739e+01
0.000000000000000000e+00
1.405198513997257415e+01
0.000000000000000000e+00
0.000000000000000000e+00
0.000000000000000000e+00
2.899103624829710313e+01
0.000000000000000000e+00
0.000000000000000000e+00
2.101127112830588572e+01
0.000000000000000000e+00
0.000000000000000000e+00
8.058574083071427197e+00
1.105368284462077355e+01
0.000000000000000000e+00
6.066604910680133855e+00
0.000000000000000000e+00
2.108533744080523409e+00
0.000000000000000000e+00
0.000000000000000000e+00
0.000000000000000000e+00
8.058574083071427197e+00
0.000000000000000000e+00
1.319563402473287717e+01
0.000000000000000000e+00
1.805013317218745073e+01
0.000000000000000000e+00
0.000000000000000000e+00
1.405198513997257415e+01
1.205287702980305120e+01
0.000000000000000000e+00
0.000000000000000000e+00
0.000000000000000000e+00
0.000000000000000000e+00
0.000000000000000000e+00
2.999070239993062614e+01
0.000000000000000000e+00
1.305231898833908843e+01
0.000000000000000000e+00
1.305231898833908843e+01
0.000000000000000000e+00
0.000000000000000000e+00
1.405198513997257415e+01
0.000000000000000000e+00
3.007150130366893137e+01
5.072540414858350388e+00
0.000000000000000000e+00
0.000000000000000000e+00
0.000000000000000000e+00
1.903296936547051388e+01
2.906128274004221268e+01
0.000000000000000000e+00
0.000000000000000000e+00
0.000000000000000000e+00
0.000000000000000000e+00
0.000000000000000000e+00
0.000000000000000000e+00
9.315355517509988914e+00
0.000000000000000000e+00
0.000000000000000000e+00
1.057968222184843654e+00
0.000000000000000000e+00
1.224487632364010814e+01
3.306151774069895311e+01
8.058574083071427197e+00
2.699240010457875982e+01
0.000000000000000000e+00
0.000000000000000000e+00
0.000000000000000000e+00
0.000000000000000000e+00
0.000000000000000000e+00
2.499493541463444046e+01
0.000000000000000000e+00
1.706629796841509261e+01
0.000000000000000000e+00
0.000000000000000000e+00
3.715746309361914523e+00
0.000000000000000000e+00
0.000000000000000000e+00
1.903282879299948149e+01
2.899103624829710313e+01
0.000000000000000000e+00
0.000000000000000000e+00
0.000000000000000000e+00
3.770042247789925582e+00
2.806276136777799834e+01
1.125993903671079099e+00
0.000000000000000000e+00
0.000000000000000000e+00
0.000000000000000000e+00
0.000000000000000000e+00
0.000000000000000000e+00
5.072540414858350388e+00
4.464373280231998642e+00
0.000000000000000000e+00
0.000000000000000000e+00
0.000000000000000000e+00
4.769407658025189178e+00
1.533472090972708424e-01
0.000000000000000000e+00
0.000000000000000000e+00
-1.404849697113829565e+00
0.000000000000000000e+00
0.000000000000000000e+00
0.000000000000000000e+00
0.000000000000000000e+00
0.000000000000000000e+00
0.000000000000000000e+00
0.000000000000000000e+00
1.900748854938310917e+00
0.000000000000000000e+00
0.000000000000000000e+00
0.000000000000000000e+00
0.000000000000000000e+00
0.000000000000000000e+00
0.000000000000000000e+00
1.606874188284118077e+01
0.000000000000000000e+00
0.000000000000000000e+00
2.483239706484938303e+00
-1.097553440413490344e+00
0.000000000000000000e+00
0.000000000000000000e+00
1.804495744668928481e+01
0.000000000000000000e+00
0.000000000000000000e+00
1.305231898833908843e+01
0.000000000000000000e+00
0.000000000000000000e+00
2.499493541463444046e+01
0.000000000000000000e+00
1.305231898833908843e+01
0.000000000000000000e+00
-6.877427497779539359e-06
0.000000000000000000e+00
3.757336917598431913e+00
0.000000000000000000e+00
2.499493541463444046e+01
0.000000000000000000e+00
6.066604910680133855e+00
0.000000000000000000e+00
2.899103624829710313e+01
5.016151790396496502e+00
1.105368284462077355e+01
2.999070239993062614e+01
2.200530253989699858e+01
1.405198513997257415e+01
0.000000000000000000e+00
2.799159428976104280e+01
0.000000000000000000e+00
0.000000000000000000e+00
3.090922908442315098e+00
2.899103624829710313e+01
1.305231898833908843e+01
0.000000000000000000e+00
2.799159428976104280e+01
0.000000000000000000e+00
0.000000000000000000e+00
0.000000000000000000e+00
0.000000000000000000e+00
1.405198513997257415e+01
0.000000000000000000e+00
0.000000000000000000e+00
2.506276136777788466e+01
1.318996672324115060e+01
0.000000000000000000e+00
0.000000000000000000e+00
0.000000000000000000e+00
8.058574083071427197e+00
1.205287702980305120e+01
2.599342430783523739e+01
1.305231898833908843e+01
2.606276136777789887e+01
0.000000000000000000e+00
2.101127112830588572e+01
0.000000000000000000e+00
1.903195861882797502e+01
8.058574083071427197e+00
0.000000000000000000e+00
0.000000000000000000e+00
-3.214893297253093696e+00
0.000000000000000000e+00
0.000000000000000000e+00
0.000000000000000000e+00
2.002255723366110018e+01
0.000000000000000000e+00
6.066604910680133855e+00
2.899103624829710313e+01
0.000000000000000000e+00
5.259417842591299852e+00
0.000000000000000000e+00
0.000000000000000000e+00
0.000000000000000000e+00
2.806573456549740087e+01
2.599342430783523739e+01
0.000000000000000000e+00
0.000000000000000000e+00
0.000000000000000000e+00
2.699240010457875982e+01
-1.426219835713940842e+00
0.000000000000000000e+00
0.000000000000000000e+00
0.000000000000000000e+00
2.599342430783523739e+01
2.524745799610447872e+00
0.000000000000000000e+00
0.000000000000000000e+00
0.000000000000000000e+00
2.499493541463444046e+01
0.000000000000000000e+00
1.005470704787722624e+01
0.000000000000000000e+00
1.804980982902589304e+01
3.431322933703112366e+00
0.000000000000000000e+00
0.000000000000000000e+00
1.005470704787722624e+01
0.000000000000000000e+00
0.000000000000000000e+00
0.000000000000000000e+00
2.499493541463444046e+01
1.005470704787722624e+01
0.000000000000000000e+00
2.101127112830588572e+01
0.000000000000000000e+00
0.000000000000000000e+00
0.000000000000000000e+00
0.000000000000000000e+00
0.000000000000000000e+00
0.000000000000000000e+00
0.000000000000000000e+00
0.000000000000000000e+00
0.000000000000000000e+00
0.000000000000000000e+00
0.000000000000000000e+00
0.000000000000000000e+00
0.000000000000000000e+00
1.319266604605826387e+01
6.066604910680133855e+00
0.000000000000000000e+00
0.000000000000000000e+00
1.903282879299948149e+01
0.000000000000000000e+00
0.000000000000000000e+00
0.000000000000000000e+00
2.101127112830588572e+01
2.799159428976104280e+01
8.151703726001683137e+00
0.000000000000000000e+00
0.000000000000000000e+00
0.000000000000000000e+00
0.000000000000000000e+00
7.703454472026574074e+00
0.000000000000000000e+00
0.000000000000000000e+00
0.000000000000000000e+00
0.000000000000000000e+00
0.000000000000000000e+00
0.000000000000000000e+00
1.108343879958337119e+01
0.000000000000000000e+00
0.000000000000000000e+00
0.000000000000000000e+00
0.000000000000000000e+00
1.105368284462077355e+01
0.000000000000000000e+00
2.806276136777799834e+01
0.000000000000000000e+00
1.405198513997257415e+01
4.080428741111809643e+00
7.061875108381865829e+00
0.000000000000000000e+00
0.000000000000000000e+00
1.405198513997257415e+01
0.000000000000000000e+00
1.005470704787722624e+01
0.000000000000000000e+00
0.000000000000000000e+00
0.000000000000000000e+00
-5.601990154528881834e-06
0.000000000000000000e+00
2.640888986118916204e+00
0.000000000000000000e+00
1.405198513997257415e+01
2.699240010457875982e+01
0.000000000000000000e+00
2.052674202924068325e+00
-8.396013882974882319e-06
1.906249210235475999e+01
0.000000000000000000e+00
2.300057323557828326e+01
0.000000000000000000e+00
0.000000000000000000e+00
0.000000000000000000e+00
0.000000000000000000e+00
0.000000000000000000e+00
0.000000000000000000e+00
0.000000000000000000e+00
2.699240010457875982e+01
2.200530253989699858e+01
0.000000000000000000e+00
2.006344058333780112e+01
1.012430759351496734e+00
0.000000000000000000e+00
0.000000000000000000e+00
1.305231898833908843e+01
4.901789682120565872e-01
2.499493541463444046e+01
2.899103624829710313e+01
0.000000000000000000e+00
0.000000000000000000e+00
6.066604910680133855e+00
2.206178322739939190e+01
2.799159428976104280e+01
0.000000000000000000e+00
0.000000000000000000e+00
7.061875108381865829e+00
2.399729134302945610e+01
0.000000000000000000e+00
1.005470704787722624e+01
0.000000000000000000e+00
2.799159428976104280e+01
0.000000000000000000e+00
0.000000000000000000e+00
0.000000000000000000e+00
2.799159428976104280e+01
3.206276136777789532e+01
4.080428741111809643e+00
0.000000000000000000e+00
0.000000000000000000e+00
0.000000000000000000e+00
1.405198513997257415e+01
1.405198513997257415e+01
0.000000000000000000e+00
5.072540414858350388e+00
0.000000000000000000e+00
0.000000000000000000e+00
2.699240010457875982e+01
0.000000000000000000e+00
2.101123667737892120e+01
-1.097553440413490344e+00
2.699240010457875982e+01
1.405198513997257415e+01
0.000000000000000000e+00
0.000000000000000000e+00
2.999070239993062614e+01
0.000000000000000000e+00
2.899103624829710313e+01
0.000000000000000000e+00
2.699240010457875982e+01
0.000000000000000000e+00
0.000000000000000000e+00
0.000000000000000000e+00
1.903230389325699790e+01
2.999070239993062614e+01
0.000000000000000000e+00
8.578008703748086106e+00
1.205287702980305120e+01
0.000000000000000000e+00
8.058574083071427197e+00
0.000000000000000000e+00
0.000000000000000000e+00
1.005470704787722624e+01
2.899103624829710313e+01
0.000000000000000000e+00
0.000000000000000000e+00
2.101127112830588572e+01
0.000000000000000000e+00
0.000000000000000000e+00
2.999070239993062614e+01
0.000000000000000000e+00
0.000000000000000000e+00
0.000000000000000000e+00
0.000000000000000000e+00
0.000000000000000000e+00
0.000000000000000000e+00
6.066604910680133855e+00
0.000000000000000000e+00
0.000000000000000000e+00
0.000000000000000000e+00
-4.702435592728010372e-01
0.000000000000000000e+00
2.499493541463444046e+01
0.000000000000000000e+00
1.764565757376743926e+00
0.000000000000000000e+00
1.415290315933066800e+01
0.000000000000000000e+00
0.000000000000000000e+00
2.499493541463444046e+01
0.000000000000000000e+00
0.000000000000000000e+00
0.000000000000000000e+00
0.000000000000000000e+00
0.000000000000000000e+00
9.056218154676443532e+00
0.000000000000000000e+00
0.000000000000000000e+00
8.058574083071427197e+00
0.000000000000000000e+00
1.105368284462077355e+01
0.000000000000000000e+00
1.405198513997257415e+01
0.000000000000000000e+00
0.000000000000000000e+00
0.000000000000000000e+00
1.415252642426967711e+01
2.699240010457875982e+01
2.101127112830588572e+01
0.000000000000000000e+00
0.000000000000000000e+00
0.000000000000000000e+00
1.129487833215901960e+00
2.899103624829710313e+01
0.000000000000000000e+00
-1.040082524092761140e+00
8.058574083071427197e+00
0.000000000000000000e+00
0.000000000000000000e+00
2.101127112830588572e+01
6.066604910680133855e+00
0.000000000000000000e+00
0.000000000000000000e+00
-5.755909867769098852e-06
0.000000000000000000e+00
2.108530441621002005e+00
2.899103624829710313e+01
0.000000000000000000e+00
0.000000000000000000e+00
2.300057323557828326e+01
0.000000000000000000e+00
1.130319924096835926e+01
0.000000000000000000e+00
4.080428741111809643e+00
1.405198513997257415e+01
2.300057323557828326e+01
2.300059236833988763e+01
0.000000000000000000e+00
0.000000000000000000e+00
0.000000000000000000e+00
7.061875108381865829e+00
0.000000000000000000e+00
0.000000000000000000e+00
2.101127112830588572e+01
2.899103624829710313e+01
1.005470704787722624e+01
0.000000000000000000e+00
0.000000000000000000e+00
0.000000000000000000e+00
9.056218154676443532e+00
7.702559061682765496e+00
0.000000000000000000e+00
0.000000000000000000e+00
1.465781633129570105e+00
0.000000000000000000e+00
1.105368284462077355e+01
0.000000000000000000e+00
0.000000000000000000e+00
2.899103624829710313e+01
1.804940982902589397e+01
2.200530253989699858e+01
0.000000000000000000e+00
0.000000000000000000e+00
0.000000000000000000e+00
0.000000000000000000e+00
0.000000000000000000e+00
0.000000000000000000e+00
0.000000000000000000e+00
0.000000000000000000e+00
0.000000000000000000e+00
2.699240010457875982e+01
2.499493541463444046e+01
2.899103624829710313e+01
0.000000000000000000e+00
2.623151711312882828e+00
1.125998444334443738e+00
0.000000000000000000e+00
1.241403777010874876e+01
0.000000000000000000e+00
0.000000000000000000e+00
0.000000000000000000e+00
0.000000000000000000e+00
0.000000000000000000e+00
0.000000000000000000e+00
1.305231898833908843e+01
0.000000000000000000e+00
0.000000000000000000e+00
0.000000000000000000e+00
9.635014464362441799e+00
0.000000000000000000e+00
0.000000000000000000e+00
0.000000000000000000e+00
6.898891479199846799e+00
0.000000000000000000e+00
0.000000000000000000e+00
0.000000000000000000e+00
0.000000000000000000e+00
0.000000000000000000e+00
0.000000000000000000e+00
1.305231898833908843e+01
1.307522617961246958e+01
0.000000000000000000e+00
0.000000000000000000e+00
0.000000000000000000e+00
2.806573456549740087e+01
1.305231898833908843e+01
0.000000000000000000e+00
3.206151774069903837e+01
0.000000000000000000e+00
0.000000000000000000e+00
0.000000000000000000e+00
-3.594293710287068233e+00
0.000000000000000000e+00
0.000000000000000000e+00
0.000000000000000000e+00
0.000000000000000000e+00
0.000000000000000000e+00
0.000000000000000000e+00
0.000000000000000000e+00
0.000000000000000000e+00
2.699240010457875982e+01
0.000000000000000000e+00
0.000000000000000000e+00
0.000000000000000000e+00
2.001902253193795289e+01
0.000000000000000000e+00
2.200530253989699858e+01
2.499493541463444046e+01
2.108533625801106037e+00
0.000000000000000000e+00
0.000000000000000000e+00
0.000000000000000000e+00
0.000000000000000000e+00
2.699240010457875982e+01
9.473865802486390209e+00
3.345225392135611209e-01
0.000000000000000000e+00
0.000000000000000000e+00
0.000000000000000000e+00
0.000000000000000000e+00
1.125688423147437778e+00
6.066604910680133855e+00
2.799159428976104280e+01
4.080428741111809643e+00
0.000000000000000000e+00
0.000000000000000000e+00
0.000000000000000000e+00
0.000000000000000000e+00
0.000000000000000000e+00
-5.331874069331204308e-02
0.000000000000000000e+00
9.813561342793969411e-01
-1.023411890595554263e+00
0.000000000000000000e+00
0.000000000000000000e+00
0.000000000000000000e+00
2.200532167265860295e+01
0.000000000000000000e+00
2.999070239993062614e+01
0.000000000000000000e+00
0.000000000000000000e+00
0.000000000000000000e+00
0.000000000000000000e+00
2.599342430783523739e+01
0.000000000000000000e+00
0.000000000000000000e+00
0.000000000000000000e+00
2.999070239993062614e+01
8.058574083071427197e+00
2.499493541463444046e+01
0.000000000000000000e+00
0.000000000000000000e+00
2.999070239993062614e+01
1.005470704787722624e+01
0.000000000000000000e+00
0.000000000000000000e+00
2.499493541463444046e+01
0.000000000000000000e+00
0.000000000000000000e+00
0.000000000000000000e+00
6.066604910680133855e+00
0.000000000000000000e+00
0.000000000000000000e+00
2.499493541463444046e+01
1.903178492162013313e+01
0.000000000000000000e+00
0.000000000000000000e+00
0.000000000000000000e+00
9.320801906999250264e+00
-1.522964248128226908e-02
6.669515012832669676e+00
0.000000000000000000e+00
0.000000000000000000e+00
0.000000000000000000e+00
0.000000000000000000e+00
0.000000000000000000e+00
0.000000000000000000e+00
3.006276136777786334e+01
0.000000000000000000e+00
8.058574083071427197e+00
-1.514202648637048787e+00
0.000000000000000000e+00
6.066604910680133855e+00
5.072540414858350388e+00
1.415221075979850163e+01
0.000000000000000000e+00
0.000000000000000000e+00
0.000000000000000000e+00
1.765314360541006655e+00
0.000000000000000000e+00
0.000000000000000000e+00
2.399729134302945610e+01
0.000000000000000000e+00
2.699240010457875982e+01
0.000000000000000000e+00
0.000000000000000000e+00
1.305231898833908843e+01
7.061875108381865829e+00
-7.148418467079275720e-06
0.000000000000000000e+00
0.000000000000000000e+00
0.000000000000000000e+00
0.000000000000000000e+00
2.599342430783523739e+01
1.405198513997257415e+01
6.241458066892031198e+00
9.010827033048166568e-01
1.405198513997257415e+01
2.499493541463444046e+01
0.000000000000000000e+00
0.000000000000000000e+00
1.256486532788527510e+00
1.542436928787329631e-01
2.699240010457875982e+01
0.000000000000000000e+00
0.000000000000000000e+00
2.001906112147909766e+01
0.000000000000000000e+00
0.000000000000000000e+00
2.799159428976104280e+01
0.000000000000000000e+00
1.903272879299948173e+01
0.000000000000000000e+00
1.903296936547051388e+01
1.547238431221434896e-01
0.000000000000000000e+00
6.476011535796138752e+00
0.000000000000000000e+00
0.000000000000000000e+00
7.061875108381865829e+00
0.000000000000000000e+00
3.306151774069895311e+01
0.000000000000000000e+00
0.000000000000000000e+00
1.319266604605826387e+01
2.306144822674247763e+01
0.000000000000000000e+00
2.507146679036933890e+01
9.056218154676443532e+00
0.000000000000000000e+00
0.000000000000000000e+00
0.000000000000000000e+00
0.000000000000000000e+00
0.000000000000000000e+00
2.799159428976104280e+01
1.398073822991964477e+01
0.000000000000000000e+00
0.000000000000000000e+00
0.000000000000000000e+00
0.000000000000000000e+00
0.000000000000000000e+00
1.205287702980305120e+01
0.000000000000000000e+00
2.606276136777789887e+01
0.000000000000000000e+00
1.005470704787722624e+01
-8.119658442153481704e-06
0.000000000000000000e+00
4.299962656972737385e+00
0.000000000000000000e+00
0.000000000000000000e+00
0.000000000000000000e+00
0.000000000000000000e+00
0.000000000000000000e+00
0.000000000000000000e+00
0.000000000000000000e+00
0.000000000000000000e+00
0.000000000000000000e+00
0.000000000000000000e+00
2.108533660550820255e+00
0.000000000000000000e+00
0.000000000000000000e+00
2.108533660550820255e+00
0.000000000000000000e+00
7.061875108381865829e+00
0.000000000000000000e+00
0.000000000000000000e+00
0.000000000000000000e+00
0.000000000000000000e+00
0.000000000000000000e+00
6.110515185983105280e-01
0.000000000000000000e+00
2.999070239993062614e+01
0.000000000000000000e+00
2.599342430783523739e+01
0.000000000000000000e+00
2.599342430783523739e+01
2.306590005219763029e+01
0.000000000000000000e+00
0.000000000000000000e+00
6.068609988083874640e+00
9.473865802486390209e+00
0.000000000000000000e+00
0.000000000000000000e+00
1.546431709908696606e-01
0.000000000000000000e+00
0.000000000000000000e+00
0.000000000000000000e+00
0.000000000000000000e+00
0.000000000000000000e+00
1.407788957124276763e+01
0.000000000000000000e+00
0.000000000000000000e+00
4.299962656972737385e+00
1.005470704787722624e+01
1.038019371369466093e+01
2.306292685447823132e+01
1.205287702980305120e+01
2.806151774069914850e+01
0.000000000000000000e+00
0.000000000000000000e+00
0.000000000000000000e+00
0.000000000000000000e+00
0.000000000000000000e+00
0.000000000000000000e+00
0.000000000000000000e+00
1.205287702980305120e+01
0.000000000000000000e+00
0.000000000000000000e+00
1.105368284462077355e+01
4.080428741111809643e+00
0.000000000000000000e+00
7.061875108381865829e+00
2.306144822674247763e+01
9.056218154676443532e+00
0.000000000000000000e+00
0.000000000000000000e+00
0.000000000000000000e+00
2.300057323557828326e+01
4.692860666219773602e-01
0.000000000000000000e+00
2.499493541463444046e+01
1.125600992861121918e+00
1.902945566721782811e+01
0.000000000000000000e+00
0.000000000000000000e+00
0.000000000000000000e+00
0.000000000000000000e+00
0.000000000000000000e+00
1.342973552088851275e+00
2.599342430783523739e+01
0.000000000000000000e+00
0.000000000000000000e+00
0.000000000000000000e+00
0.000000000000000000e+00
4.350468086383893151e+00
0.000000000000000000e+00
0.000000000000000000e+00
0.000000000000000000e+00
7.926453768544707845e-01
-3.419533284242347815e+00
2.906276136777796282e+01
3.406128274004202439e+01
0.000000000000000000e+00
0.000000000000000000e+00
0.000000000000000000e+00
4.893675292408143918e-01
2.399729134302945610e+01
0.000000000000000000e+00
0.000000000000000000e+00
0.000000000000000000e+00
0.000000000000000000e+00
2.001902253193795289e+01
1.319291665330899477e+01
1.257399442011958435e+01
0.000000000000000000e+00
0.000000000000000000e+00
2.799159428976104280e+01
7.185244327031251821e+00
2.799159428976104280e+01
9.056218154676443532e+00
0.000000000000000000e+00
0.000000000000000000e+00
0.000000000000000000e+00
1.405198513997257415e+01
1.005470704787722624e+01
0.000000000000000000e+00
0.000000000000000000e+00
0.000000000000000000e+00
1.809094469793165905e+00
-9.835925523123069392e-02
0.000000000000000000e+00
0.000000000000000000e+00
0.000000000000000000e+00
1.903286936547051411e+01
0.000000000000000000e+00
1.005470704787722624e+01
4.173204039306300572e+00
0.000000000000000000e+00
0.000000000000000000e+00
0.000000000000000000e+00
1.405198513997257415e+01
0.000000000000000000e+00
1.407788957124276763e+01
0.000000000000000000e+00
0.000000000000000000e+00
1.205287702980305120e+01
2.799159428976104280e+01
2.108533731811519818e+00
0.000000000000000000e+00
2.599342430783523739e+01
0.000000000000000000e+00
0.000000000000000000e+00
9.056218154676443532e+00
0.000000000000000000e+00
0.000000000000000000e+00
0.000000000000000000e+00
0.000000000000000000e+00
0.000000000000000000e+00
0.000000000000000000e+00
0.000000000000000000e+00
0.000000000000000000e+00
3.406128274004202439e+01
0.000000000000000000e+00
0.000000000000000000e+00
2.799159428976104280e+01
0.000000000000000000e+00
0.000000000000000000e+00
0.000000000000000000e+00
0.000000000000000000e+00
0.000000000000000000e+00
2.300059236833988763e+01
1.319332823243791708e+01
0.000000000000000000e+00
0.000000000000000000e+00
0.000000000000000000e+00
1.903178492162013313e+01
0.000000000000000000e+00
0.000000000000000000e+00
1.405198513997257415e+01
2.806276136777799834e+01
0.000000000000000000e+00
0.000000000000000000e+00
0.000000000000000000e+00
0.000000000000000000e+00
2.799159428976104280e+01
0.000000000000000000e+00
6.283792415912955676e+00
0.000000000000000000e+00
0.000000000000000000e+00
2.706151774069910587e+01
0.000000000000000000e+00
1.305231898833908843e+01
0.000000000000000000e+00
0.000000000000000000e+00
1.511327072332668742e+01
0.000000000000000000e+00
0.000000000000000000e+00
0.000000000000000000e+00
0.000000000000000000e+00
0.000000000000000000e+00
0.000000000000000000e+00
2.406580005219765184e+01
2.101127112830588572e+01
0.000000000000000000e+00
1.750305660859149404e+00
1.405198513997257415e+01
0.000000000000000000e+00
0.000000000000000000e+00
0.000000000000000000e+00
1.038463547339800286e+01
0.000000000000000000e+00
4.080428741111809643e+00
2.706128274004220557e+01
0.000000000000000000e+00
0.000000000000000000e+00
0.000000000000000000e+00
1.405198513997257415e+01
0.000000000000000000e+00
0.000000000000000000e+00
1.589521709647746084e+00
0.000000000000000000e+00
2.599342430783523739e+01
0.000000000000000000e+00
0.000000000000000000e+00
0.000000000000000000e+00
0.000000000000000000e+00
0.000000000000000000e+00
0.000000000000000000e+00
7.061875108381865829e+00
1.305231898833908843e+01
0.000000000000000000e+00
0.000000000000000000e+00
0.000000000000000000e+00
2.999070239993062614e+01
0.000000000000000000e+00
1.721690317018422567e+00
2.001908025424070203e+01
2.699240010457875982e+01
1.804507737564594905e+01
0.000000000000000000e+00
1.005470704787722624e+01
2.101127112830588572e+01
7.686317632121532739e+00
0.000000000000000000e+00
0.000000000000000000e+00
0.000000000000000000e+00
1.305231898833908843e+01
2.899103624829710313e+01
8.058574083071427197e+00
0.000000000000000000e+00
2.899103624829710313e+01
0.000000000000000000e+00
0.000000000000000000e+00
0.000000000000000000e+00
0.000000000000000000e+00
6.066604910680133855e+00
2.599342430783523739e+01
0.000000000000000000e+00
3.090922908442315098e+00
0.000000000000000000e+00
0.000000000000000000e+00
0.000000000000000000e+00
0.000000000000000000e+00
1.900748854938310917e+00
1.305231898833908843e+01
