0.000000000000000000e+00
0.000000000000000000e+00
0.000000000000000000e+00
2.601708529456736230e+01
0.000000000000000000e+00
0.000000000000000000e+00
2.082335644932000207e+01
3.867589351934335617e+00
2.701664338887383821e+01
1.412988138467059507e+01
0.000000000000000000e+00
0.000000000000000000e+00
0.000000000000000000e+00
2.444861817315882480e+00
1.385607224767164425e+01
0.000000000000000000e+00
0.000000000000000000e+00
0.000000000000000000e+00
1.594370618406117401e+01
5.272736771502841702e-01
0.000000000000000000e+00
0.000000000000000000e+00
7.512938530384324132e+00
0.000000000000000000e+00
0.000000000000000000e+00
7.270034320843116404e+00
0.000000000000000000e+00
0.000000000000000000e+00
-6.862161062833017910e-02
1.797751111107997701e+01
2.501759231016104579e+01
0.000000000000000000e+00
0.000000000000000000e+00
0.000000000000000000e+00
0.000000000000000000e+00
-7.865650924986092862e-01
-4.670448737862863631e+00
-2.004755797078904500e+00
0.000000000000000000e+00
2.801638376874475611e+01
1.385607224767164425e+01
5.853702329715310348e+00
2.784377073801797664e+01
0.000000000000000000e+00
0.000000000000000000e+00
4.663395529298408171e+00
0.000000000000000000e+00
0.000000000000000000e+00
2.384036310369100775e+01
0.000000000000000000e+00
0.000000000000000000e+00
2.501164259326245798e+01
1.282211427972026385e+01
1.697958843900433612e+00
0.000000000000000000e+00
-1.392816050251639304e+01
4.662477383411212095e+00
0.000000000000000000e+00
0.000000000000000000e+00
0.000000000000000000e+00
1.394370618406115625e+01
1.801512438276780514e+01
0.000000000000000000e+00
0.000000000000000000e+00
-1.334114982261697779e+00
0.000000000000000000e+00
0.000000000000000000e+00
0.000000000000000000e+00
0.000000000000000000e+00
0.000000000000000000e+00
4.378439547630354589e+00
2.701664338887383821e+01
0.000000000000000000e+00
2.102422047771658242e+01
0.000000000000000000e+00
0.000000000000000000e+00
3.410455043256830976e+01
0.000000000000000000e+00
2.102422047771658242e+01
-4.039162219411148058e+00
0.000000000000000000e+00
0.000000000000000000e+00
0.000000000000000000e+00
0.000000000000000000e+00
0.000000000000000000e+00
1.285610959536554354e+01
0.000000000000000000e+00
3.110748648981305209e+01
2.501759231016104579e+01
0.000000000000000000e+00
2.671918766676637080e+00
2.501759231016104579e+01
1.508938603649517773e+01
0.000000000000000000e+00
0.000000000000000000e+00
0.000000000000000000e+00
2.301975221847616737e+01
-2.962172001972200874e+00
5.943333563791266982e+00
7.215027223802985112e+00
1.914629476827307997e+01
0.000000000000000000e+00
0.000000000000000000e+00
0.000000000000000000e+00
0.000000000000000000e+00
0.000000000000000000e+00
0.000000000000000000e+00
0.000000000000000000e+00
-2.717847331958810120e+00
0.000000000000000000e+00
0.000000000000000000e+00
0.000000000000000000e+00
0.000000000000000000e+00
0.000000000000000000e+00
1.673613630999091217e-01
0.000000000000000000e+00
0.000000000000000000e+00
0.000000000000000000e+00
0.000000000000000000e+00
0.000000000000000000e+00
1.284512480030643289e+01
2.501759231016104579e+01
5.932562510927069432e+00
-4.522413320839644868e+00
0.000000000000000000e+00
1.385607224767164425e+01
0.000000000000000000e+00
-4.175702608878616218e+00
0.000000000000000000e+00
3.667600754464743762e+00
2.683990239005755996e+01
1.682211427972028162e+01
0.000000000000000000e+00
0.000000000000000000e+00
1.194370618406115625e+01
0.000000000000000000e+00
2.301975221847616737e+01
0.000000000000000000e+00
6.860217586386924360e+00
-3.113714759923844611e+00
0.000000000000000000e+00
0.000000000000000000e+00
1.385607224767164425e+01
0.000000000000000000e+00
0.000000000000000000e+00
2.601708529456736230e+01
0.000000000000000000e+00
5.825255558581965865e+00
1.237286476822500703e+01
0.000000000000000000e+00
1.185628615880236225e+01
0.000000000000000000e+00
0.000000000000000000e+00
8.857494700218612849e+00
0.000000000000000000e+00
1.721373096389829271e+01
7.858393983249149173e+00
0.000000000000000000e+00
2.701664338887383821e+01
2.202324779919677411e+01
2.483999048342104032e+01
0.000000000000000000e+00
0.000000000000000000e+00
0.000000000000000000e+00
3.884013837191721663e+00
0.000000000000000000e+00
1.383539758907347839e+01
0.000000000000000000e+00
0.000000000000000000e+00
2.801638376874475611e+01
0.000000000000000000e+00
0.000000000000000000e+00
0.000000000000000000e+00
0.000000000000000000e+00
0.000000000000000000e+00
2.683990239005755996e+01
3.943337932103015753e+00
1.285610959536554354e+01
0.000000000000000000e+00
0.000000000000000000e+00
0.000000000000000000e+00
2.082372804486789875e+01
0.000000000000000000e+00
0.000000000000000000e+00
5.485724065925177584e+00
-6.578508092232945970e+00
0.000000000000000000e+00
0.000000000000000000e+00
2.811328998299753934e+01
0.000000000000000000e+00
0.000000000000000000e+00
0.000000000000000000e+00
-4.769886884832350127e+00
3.110472193989081546e+01
0.000000000000000000e+00
3.001616985761402745e+01
0.000000000000000000e+00
0.000000000000000000e+00
0.000000000000000000e+00
0.000000000000000000e+00
1.899033679231895633e+01
2.801638376874475611e+01
0.000000000000000000e+00
0.000000000000000000e+00
1.304270424761032388e+01
0.000000000000000000e+00
1.885836317532259665e+00
0.000000000000000000e+00
2.501759231016104579e+01
0.000000000000000000e+00
0.000000000000000000e+00
1.100691576780380210e+01
0.000000000000000000e+00
1.985292103487225646e+01
3.058502448660213258e+00
2.884036310369088341e+01
4.053337297559046704e+00
0.000000000000000000e+00
-1.040370760827387775e+00
2.301975221847616737e+01
0.000000000000000000e+00
0.000000000000000000e+00
8.857494700218612849e+00
1.085654577893143369e+01
6.658843943526333575e+00
0.000000000000000000e+00
5.663395529298408171e+00
3.001616985761402745e+01
0.000000000000000000e+00
1.500973875441760086e+01
4.918526688658531043e+00
9.153218230893314100e+00
7.908905334493753436e+00
2.910394919144685844e+01
2.901620720530795339e+01
0.000000000000000000e+00
-7.385377071395201831e+00
0.000000000000000000e+00
0.000000000000000000e+00
2.505712413935460958e+00
0.000000000000000000e+00
0.000000000000000000e+00
0.000000000000000000e+00
2.501759231016104579e+01
0.000000000000000000e+00
3.184036310369092249e+01
0.000000000000000000e+00
0.000000000000000000e+00
-3.349925068598583966e+00
4.934911580522357788e+00
0.000000000000000000e+00
0.000000000000000000e+00
5.021603963640967727e+00
0.000000000000000000e+00
3.283999048342099769e+01
1.784248985450430069e+01
0.000000000000000000e+00
1.606755061438577670e+01
0.000000000000000000e+00
6.859654608533781506e+00
3.001616985761402745e+01
9.455952512387857389e-01
0.000000000000000000e+00
1.155429255877571570e+01
0.000000000000000000e+00
0.000000000000000000e+00
2.102628793616226588e+01
2.184128124957819495e+01
2.984036310369089051e+01
1.385607224767164425e+01
2.876093081305580057e+00
0.000000000000000000e+00
0.000000000000000000e+00
0.000000000000000000e+00
0.000000000000000000e+00
0.000000000000000000e+00
1.683637876373224884e+01
9.090081619100829347e-01
1.385607224767164425e+01
2.501759231016104579e+01
2.301975221847616737e+01
2.801638376874475611e+01
0.000000000000000000e+00
0.000000000000000000e+00
0.000000000000000000e+00
0.000000000000000000e+00
2.701664338887383821e+01
8.857494700218612849e+00
0.000000000000000000e+00
2.701664338887383821e+01
-7.147568305461885707e+00
1.175192775457763128e+00
1.185628615880236225e+01
0.000000000000000000e+00
0.000000000000000000e+00
3.183999048342095861e+01
0.000000000000000000e+00
0.000000000000000000e+00
2.884036310369088341e+01
0.000000000000000000e+00
9.856987684624922252e+00
0.000000000000000000e+00
0.000000000000000000e+00
0.000000000000000000e+00
2.601708529456736230e+01
-1.469934441245093426e+00
4.864122867774182346e+00
0.000000000000000000e+00
2.202169002971276157e+01
0.000000000000000000e+00
0.000000000000000000e+00
0.000000000000000000e+00
0.000000000000000000e+00
8.953147567326624312e+00
0.000000000000000000e+00
0.000000000000000000e+00
0.000000000000000000e+00
0.000000000000000000e+00
0.000000000000000000e+00
0.000000000000000000e+00
0.000000000000000000e+00
1.028071613585420074e+01
1.285610959536554354e+01
2.701664338887383821e+01
1.531492893181852999e+01
0.000000000000000000e+00
0.000000000000000000e+00
0.000000000000000000e+00
5.691872267423377929e-01
0.000000000000000000e+00
0.000000000000000000e+00
2.301975221847616737e+01
2.501759231016104579e+01
0.000000000000000000e+00
0.000000000000000000e+00
0.000000000000000000e+00
9.856987684624922252e+00
0.000000000000000000e+00
1.137636258052404159e+01
3.001616985761402745e+01
0.000000000000000000e+00
0.000000000000000000e+00
0.000000000000000000e+00
1.382332163191846952e+01
2.601708529456736230e+01
0.000000000000000000e+00
0.000000000000000000e+00
8.662104763141259767e+00
0.000000000000000000e+00
5.744691487377395767e-01
1.285610959536554354e+01
0.000000000000000000e+00
0.000000000000000000e+00
0.000000000000000000e+00
1.508945861282612810e+01
2.007295747664803898e+00
1.594370618406117401e+01
0.000000000000000000e+00
0.000000000000000000e+00
0.000000000000000000e+00
0.000000000000000000e+00
1.484991664771500197e+01
4.662104763141257990e+00
1.311009182713113219e+01
1.085654577893143369e+01
0.000000000000000000e+00
2.501759231016104579e+01
0.000000000000000000e+00
0.000000000000000000e+00
0.000000000000000000e+00
-9.207857536108064733e-02
0.000000000000000000e+00
-9.816830769029769588e-01
0.000000000000000000e+00
0.000000000000000000e+00
0.000000000000000000e+00
2.401849159319155547e+01
0.000000000000000000e+00
1.183692751732871606e+01
1.533246682346483247e+01
0.000000000000000000e+00
0.000000000000000000e+00
0.000000000000000000e+00
0.000000000000000000e+00
0.000000000000000000e+00
0.000000000000000000e+00
1.131910907138795963e+01
1.285610959536554354e+01
0.000000000000000000e+00
0.000000000000000000e+00
0.000000000000000000e+00
0.000000000000000000e+00
-1.465467249276796169e+00
-1.138478705687056447e+00
0.000000000000000000e+00
3.870008228346833445e-01
0.000000000000000000e+00
1.711722659428410154e+01
0.000000000000000000e+00
1.594462432994837364e+01
3.110705183524885342e+00
0.000000000000000000e+00
0.000000000000000000e+00
0.000000000000000000e+00
0.000000000000000000e+00
2.601623813393212714e+01
1.385607224767164425e+01
0.000000000000000000e+00
0.000000000000000000e+00
0.000000000000000000e+00
1.061302958355027926e+01
1.288755004765613243e+01
0.000000000000000000e+00
2.202169002971276157e+01
-2.795035839150439294e+00
1.313942837493750559e+01
2.983999048342093730e+01
0.000000000000000000e+00
0.000000000000000000e+00
8.943706184061198883e+00
0.000000000000000000e+00
0.000000000000000000e+00
0.000000000000000000e+00
0.000000000000000000e+00
0.000000000000000000e+00
0.000000000000000000e+00
0.000000000000000000e+00
1.396351979762276230e+01
0.000000000000000000e+00
0.000000000000000000e+00
0.000000000000000000e+00
2.501759231016104579e+01
9.947113818388263695e+00
0.000000000000000000e+00
1.285610959536554354e+01
3.420111125323820750e-02
0.000000000000000000e+00
2.801638376874475611e+01
0.000000000000000000e+00
1.903334846316354856e+01
0.000000000000000000e+00
1.226687008327697903e+01
0.000000000000000000e+00
6.150996269860299570e+00
0.000000000000000000e+00
0.000000000000000000e+00
0.000000000000000000e+00
0.000000000000000000e+00
0.000000000000000000e+00
1.785426260039929547e+00
1.035077376597801191e+01
0.000000000000000000e+00
0.000000000000000000e+00
0.000000000000000000e+00
0.000000000000000000e+00
0.000000000000000000e+00
1.462249461498133662e+01
0.000000000000000000e+00
0.000000000000000000e+00
0.000000000000000000e+00
3.001616985761402745e+01
0.000000000000000000e+00
1.095314756732659944e+01
0.000000000000000000e+00
1.085654577893143369e+01
1.297918764455036644e+01
0.000000000000000000e+00
6.943333563791254548e+00
0.000000000000000000e+00
0.000000000000000000e+00
0.000000000000000000e+00
0.000000000000000000e+00
-8.584620704148854031e+00
2.901620720530795339e+01
0.000000000000000000e+00
-2.691436281613452941e+00
2.202169002971276157e+01
-1.943232795042940941e-01
1.034975811746010166e+00
3.836885465641942439e+00
0.000000000000000000e+00
-4.059711625008190161e+00
0.000000000000000000e+00
1.946528960488444682e+01
1.085654577893143369e+01
-3.733970416402254688e-01
0.000000000000000000e+00
2.901620720530795339e+01
0.000000000000000000e+00
0.000000000000000000e+00
2.216904893601284599e+01
2.412397806650399446e+01
2.984128124957808126e+01
0.000000000000000000e+00
0.000000000000000000e+00
0.000000000000000000e+00
0.000000000000000000e+00
1.185628615880236225e+01
9.822114279720263852e+00
2.601708529456736230e+01
1.776399930143915640e+01
0.000000000000000000e+00
0.000000000000000000e+00
1.182420503252954891e+00
0.000000000000000000e+00
0.000000000000000000e+00
0.000000000000000000e+00
2.501759231016104579e+01
1.903334846316354856e+01
0.000000000000000000e+00
0.000000000000000000e+00
2.801638376874475611e+01
0.000000000000000000e+00
3.090452864371853625e+00
2.601708529456736230e+01
0.000000000000000000e+00
0.000000000000000000e+00
2.873250853221134271e+00
0.000000000000000000e+00
2.002768696187671793e+01
0.000000000000000000e+00
-2.040111140698306791e+00
0.000000000000000000e+00
1.294370618406115625e+01
0.000000000000000000e+00
0.000000000000000000e+00
0.000000000000000000e+00
0.000000000000000000e+00
0.000000000000000000e+00
3.001616985761402745e+01
5.482692228365794840e+00
0.000000000000000000e+00
0.000000000000000000e+00
2.783999048342094085e+01
2.102422047771658242e+01
1.285610959536554354e+01
0.000000000000000000e+00
1.948823223474207467e+01
0.000000000000000000e+00
4.083836485158919061e+00
-3.652815404045506309e+00
1.253179528363533990e+01
3.381360694882447504e+00
8.212634859221337180e+00
0.000000000000000000e+00
0.000000000000000000e+00
0.000000000000000000e+00
0.000000000000000000e+00
0.000000000000000000e+00
4.948165895099005951e+00
0.000000000000000000e+00
1.085654577893143369e+01
2.501759231016104579e+01
0.000000000000000000e+00
0.000000000000000000e+00
0.000000000000000000e+00
0.000000000000000000e+00
0.000000000000000000e+00
0.000000000000000000e+00
0.000000000000000000e+00
0.000000000000000000e+00
0.000000000000000000e+00
0.000000000000000000e+00
0.000000000000000000e+00
0.000000000000000000e+00
2.801638376874475611e+01
0.000000000000000000e+00
-2.328081233323356258e+00
9.662016669777841571e+00
1.731784745471400200e+01
0.000000000000000000e+00
0.000000000000000000e+00
-7.241709056226410812e-01
1.214823539053116619e+01
-9.462019888075937635e-01
0.000000000000000000e+00
3.184036310369092249e+01
0.000000000000000000e+00
0.000000000000000000e+00
2.701664338887383821e+01
1.285610959536554354e+01
0.000000000000000000e+00
0.000000000000000000e+00
0.000000000000000000e+00
1.582465644932007720e+01
9.856987684624922252e+00
2.901620720530795339e+01
0.000000000000000000e+00
0.000000000000000000e+00
0.000000000000000000e+00
0.000000000000000000e+00
0.000000000000000000e+00
2.801638376874475611e+01
0.000000000000000000e+00
1.694324547042780438e+01
2.401849159319155547e+01
0.000000000000000000e+00
0.000000000000000000e+00
0.000000000000000000e+00
0.000000000000000000e+00
1.185628615880236225e+01
0.000000000000000000e+00
9.594153280419169816e-01
0.000000000000000000e+00
0.000000000000000000e+00
9.856987684624922252e+00
8.943245470427825694e+00
0.000000000000000000e+00
0.000000000000000000e+00
2.102422047771658242e+01
0.000000000000000000e+00
0.000000000000000000e+00
1.697447639347095816e+01
2.801638376874475611e+01
2.018517948870067613e+01
0.000000000000000000e+00
0.000000000000000000e+00
2.283999048342105098e+01
2.601708529456736230e+01
0.000000000000000000e+00
0.000000000000000000e+00
1.903334846316354856e+01
3.001616985761402745e+01
0.000000000000000000e+00
0.000000000000000000e+00
9.484353475209220008e+00
0.000000000000000000e+00
0.000000000000000000e+00
1.394324547042777951e+01
0.000000000000000000e+00
0.000000000000000000e+00
0.000000000000000000e+00
0.000000000000000000e+00
0.000000000000000000e+00
1.382241033611724923e+01
0.000000000000000000e+00
6.963519797622808483e+00
0.000000000000000000e+00
1.094370618406117224e+01
0.000000000000000000e+00
0.000000000000000000e+00
0.000000000000000000e+00
1.101384907595548768e+01
8.226550150902264491e+00
2.983990239005751732e+01
1.210379495124735705e+01
2.910725612489142122e+01
0.000000000000000000e+00
0.000000000000000000e+00
8.825255558582025373e+00
1.266471930402616053e+01
-7.122178168117312858e+00
0.000000000000000000e+00
0.000000000000000000e+00
4.864122867774182346e+00
1.145847360295050699e+01
0.000000000000000000e+00
0.000000000000000000e+00
0.000000000000000000e+00
0.000000000000000000e+00
0.000000000000000000e+00
2.801638376874475611e+01
3.662477383411209431e+00
8.857494700218612849e+00
1.582355644932007621e+01
0.000000000000000000e+00
0.000000000000000000e+00
0.000000000000000000e+00
0.000000000000000000e+00
8.857494700218612849e+00
0.000000000000000000e+00
0.000000000000000000e+00
0.000000000000000000e+00
2.883999048342093019e+01
0.000000000000000000e+00
8.877698975242392265e+00
0.000000000000000000e+00
0.000000000000000000e+00
0.000000000000000000e+00
2.483990239005761680e+01
0.000000000000000000e+00
1.185628615880236225e+01
0.000000000000000000e+00
1.931779403230696346e+01
1.712366224920136304e+01
0.000000000000000000e+00
2.002768696187671793e+01
0.000000000000000000e+00
2.272770471865901976e-01
9.016931110954576667e+00
8.975002449038893104e+00
3.009254928150291608e+00
1.861612499720153835e+01
2.501759231016104579e+01
0.000000000000000000e+00
1.285287118731387146e+01
1.683595641940549115e+01
2.701664338887383821e+01
0.000000000000000000e+00
2.002768696187671793e+01
0.000000000000000000e+00
0.000000000000000000e+00
0.000000000000000000e+00
0.000000000000000000e+00
8.979187644550410852e+00
0.000000000000000000e+00
0.000000000000000000e+00
1.694324547042780438e+01
3.283999048342099769e+01
0.000000000000000000e+00
0.000000000000000000e+00
0.000000000000000000e+00
0.000000000000000000e+00
0.000000000000000000e+00
3.001616985761402745e+01
-9.088318111203895489e-02
1.772475674960657699e+01
-7.257850276175115134e-01
0.000000000000000000e+00
-3.884037212680015866e-02
0.000000000000000000e+00
0.000000000000000000e+00
3.001616985761402745e+01
-7.993594074940302718e+00
1.185628615880236225e+01
0.000000000000000000e+00
0.000000000000000000e+00
1.385607224767164425e+01
0.000000000000000000e+00
0.000000000000000000e+00
1.886212127413620321e+00
2.202169002971276157e+01
0.000000000000000000e+00
0.000000000000000000e+00
-1.268940974134967759e+00
1.085654577893143369e+01
0.000000000000000000e+00
0.000000000000000000e+00
-2.826794655988556837e+00
0.000000000000000000e+00
0.000000000000000000e+00
0.000000000000000000e+00
0.000000000000000000e+00
0.000000000000000000e+00
0.000000000000000000e+00
1.774375496809471286e+01
0.000000000000000000e+00
8.857494700218612849e+00
0.000000000000000000e+00
0.000000000000000000e+00
0.000000000000000000e+00
0.000000000000000000e+00
3.301200570659797773e+00
0.000000000000000000e+00
0.000000000000000000e+00
0.000000000000000000e+00
0.000000000000000000e+00
0.000000000000000000e+00
2.801638376874475611e+01
0.000000000000000000e+00
1.385607224767164425e+01
1.513781499286683641e+01
8.155128959563512581e+00
0.000000000000000000e+00
0.000000000000000000e+00
7.858393983249149173e+00
0.000000000000000000e+00
0.000000000000000000e+00
0.000000000000000000e+00
1.214881598434363852e+01
0.000000000000000000e+00
-2.322064576928734025e-01
0.000000000000000000e+00
0.000000000000000000e+00
2.876511535011925691e+00
0.000000000000000000e+00
0.000000000000000000e+00
0.000000000000000000e+00
5.947113818388300110e+00
8.310825640742381282e+00
6.839207831326084452e+00
0.000000000000000000e+00
0.000000000000000000e+00
0.000000000000000000e+00
0.000000000000000000e+00
0.000000000000000000e+00
0.000000000000000000e+00
0.000000000000000000e+00
0.000000000000000000e+00
3.283999048342099769e+01
7.943706184061219311e+00
2.501759231016104579e+01
0.000000000000000000e+00
0.000000000000000000e+00
0.000000000000000000e+00
0.000000000000000000e+00
0.000000000000000000e+00
0.000000000000000000e+00
6.860629987922409967e+00
-2.356584658340251437e+00
2.701664338887383821e+01
2.973199571899171545e+01
2.137018149100458064e+00
0.000000000000000000e+00
0.000000000000000000e+00
1.285610959536554354e+01
9.464158632296289397e+00
0.000000000000000000e+00
5.451836496916432573e+00
0.000000000000000000e+00
5.944624329948417163e+00
2.901620720530795339e+01
2.601708529456736230e+01
0.000000000000000000e+00
0.000000000000000000e+00
0.000000000000000000e+00
9.878270126733790235e+00
7.856584615328341847e+00
0.000000000000000000e+00
0.000000000000000000e+00
1.290890533449377031e+01
-1.962795813807014955e+00
1.595314756732660477e+01
0.000000000000000000e+00
0.000000000000000000e+00
2.501759231016104579e+01
2.401849159319155547e+01
0.000000000000000000e+00
-6.772407243401539212e-01
0.000000000000000000e+00
1.794333356379123146e+01
0.000000000000000000e+00
0.000000000000000000e+00
0.000000000000000000e+00
0.000000000000000000e+00
8.240558726327746442e+00
0.000000000000000000e+00
0.000000000000000000e+00
5.861592419770375706e+00
0.000000000000000000e+00
1.015380410691738433e+01
8.662104763141259767e+00
0.000000000000000000e+00
3.967700121606108077e+00
-1.174029331887982330e+01
0.000000000000000000e+00
2.182241033611720482e+01
2.501759231016104579e+01
2.810472193989078349e+01
1.330039797396822010e+01
0.000000000000000000e+00
4.665885017738291118e+00
0.000000000000000000e+00
1.097092366646706063e+00
-5.346150419245600638e+00
0.000000000000000000e+00
-1.840856232837754236e+00
1.903334846316354856e+01
0.000000000000000000e+00
8.662016669777839795e+00
0.000000000000000000e+00
2.002768696187671793e+01
0.000000000000000000e+00
0.000000000000000000e+00
-3.133318725747587852e+00
3.001616985761402745e+01
0.000000000000000000e+00
0.000000000000000000e+00
0.000000000000000000e+00
0.000000000000000000e+00
0.000000000000000000e+00
1.185628615880236225e+01
2.901620720530795339e+01
0.000000000000000000e+00
0.000000000000000000e+00
0.000000000000000000e+00
0.000000000000000000e+00
0.000000000000000000e+00
0.000000000000000000e+00
-2.748118043750937378e+00
-1.142336353083889255e+00
0.000000000000000000e+00
3.867589351934335617e+00
0.000000000000000000e+00
0.000000000000000000e+00
2.584036310369097578e+01
0.000000000000000000e+00
2.701664338887383821e+01
0.000000000000000000e+00
1.584079588723486509e+01
0.000000000000000000e+00
0.000000000000000000e+00
2.601708529456736230e+01
0.000000000000000000e+00
0.000000000000000000e+00
0.000000000000000000e+00
0.000000000000000000e+00
0.000000000000000000e+00
1.085654577893143369e+01
0.000000000000000000e+00
1.584154595516049646e+01
2.210729435520247321e+01
0.000000000000000000e+00
0.000000000000000000e+00
0.000000000000000000e+00
0.000000000000000000e+00
0.000000000000000000e+00
0.000000000000000000e+00
0.000000000000000000e+00
0.000000000000000000e+00
0.000000000000000000e+00
-7.511262638407255610e-01
0.000000000000000000e+00
0.000000000000000000e+00
0.000000000000000000e+00
0.000000000000000000e+00
2.684980448695637278e+01
1.285610959536554354e+01
1.903700914495431817e+01
0.000000000000000000e+00
0.000000000000000000e+00
0.000000000000000000e+00
0.000000000000000000e+00
9.457274342755427554e+00
4.484009937116501199e+00
1.185628615880236225e+01
0.000000000000000000e+00
5.997562236696978744e+00
2.601708529456736230e+01
3.083990239005754219e+01
1.494333356379121014e+01
0.000000000000000000e+00
0.000000000000000000e+00
2.601708529456736230e+01
1.555479994370149832e+01
0.000000000000000000e+00
1.694462432994837187e+01
0.000000000000000000e+00
1.285610959536554354e+01
1.182638118917041403e+01
1.694333356379122080e+01
0.000000000000000000e+00
3.943249838739594892e+00
0.000000000000000000e+00
1.085654577893143369e+01
4.931625050083424000e+00
2.401849159319155547e+01
8.856905801486472996e+00
0.000000000000000000e+00
0.000000000000000000e+00
7.482692228365761089e+00
0.000000000000000000e+00
0.000000000000000000e+00
0.000000000000000000e+00
2.601708529456736230e+01
0.000000000000000000e+00
1.048743313468187566e+01
0.000000000000000000e+00
0.000000000000000000e+00
-6.643309073195098335e+00
0.000000000000000000e+00
0.000000000000000000e+00
-4.896199716888347986e+00
0.000000000000000000e+00
0.000000000000000000e+00
0.000000000000000000e+00
0.000000000000000000e+00
0.000000000000000000e+00
7.858393983249149173e+00
2.801638376874475611e+01
1.394324547042777951e+01
0.000000000000000000e+00
1.194462432994835055e+01
1.884377073801809388e+01
1.705187564773749287e+01
0.000000000000000000e+00
0.000000000000000000e+00
0.000000000000000000e+00
0.000000000000000000e+00
0.000000000000000000e+00
-6.221846484555979689e-02
-3.177090030271828569e-01
0.000000000000000000e+00
0.000000000000000000e+00
1.094370618406117224e+01
0.000000000000000000e+00
6.861175250109021739e+00
0.000000000000000000e+00
0.000000000000000000e+00
0.000000000000000000e+00
0.000000000000000000e+00
0.000000000000000000e+00
0.000000000000000000e+00
2.401849159319155547e+01
0.000000000000000000e+00
9.856987684624922252e+00
0.000000000000000000e+00
2.401849159319155547e+01
0.000000000000000000e+00
8.462636861162387447e+00
