0.000000000000000000e+00
0.000000000000000000e+00
0.000000000000000000e+00
2.601704672766113191e+01
0.000000000000000000e+00
0.000000000000000000e+00
2.082335644932000207e+01
2.910704094016435817e-01
2.701663882249867754e+01
1.416447848869932891e+01
0.000000000000000000e+00
0.000000000000000000e+00
0.000000000000000000e+00
2.744568254350836067e+00
1.385606463131480304e+01
0.000000000000000000e+00
0.000000000000000000e+00
0.000000000000000000e+00
1.594370618406117401e+01
2.501745598416898986e+01
0.000000000000000000e+00
0.000000000000000000e+00
2.701656880272213002e+01
0.000000000000000000e+00
0.000000000000000000e+00
1.819360392053367548e+01
0.000000000000000000e+00
0.000000000000000000e+00
0.000000000000000000e+00
1.794641834125548030e+01
2.501757630356527429e+01
0.000000000000000000e+00
0.000000000000000000e+00
0.000000000000000000e+00
0.000000000000000000e+00
0.000000000000000000e+00
0.000000000000000000e+00
1.416342094217311276e+00
0.000000000000000000e+00
2.801638225128623816e+01
1.385606797457974970e+01
5.845117201902724879e+00
2.784377073801797664e+01
0.000000000000000000e+00
0.000000000000000000e+00
4.663395529298408171e+00
0.000000000000000000e+00
0.000000000000000000e+00
2.384036310369100775e+01
0.000000000000000000e+00
0.000000000000000000e+00
2.501724381001772102e+01
1.282211427972026385e+01
1.697958843900433612e+00
0.000000000000000000e+00
8.267155221271031973e-01
4.662477383411212095e+00
0.000000000000000000e+00
0.000000000000000000e+00
0.000000000000000000e+00
1.394370618406115625e+01
1.804815097250424571e+01
0.000000000000000000e+00
0.000000000000000000e+00
-1.334116699917800686e+00
0.000000000000000000e+00
0.000000000000000000e+00
0.000000000000000000e+00
0.000000000000000000e+00
0.000000000000000000e+00
0.000000000000000000e+00
2.701664004955454601e+01
0.000000000000000000e+00
2.102544650683949001e+01
0.000000000000000000e+00
0.000000000000000000e+00
3.410438524996989429e+01
0.000000000000000000e+00
2.102396913402781209e+01
0.000000000000000000e+00
0.000000000000000000e+00
0.000000000000000000e+00
0.000000000000000000e+00
0.000000000000000000e+00
0.000000000000000000e+00
1.285610377914782454e+01
0.000000000000000000e+00
3.110719288429707419e+01
2.667258511431407442e+01
0.000000000000000000e+00
2.671918766676637080e+00
2.501756229369446061e+01
1.684036608847894101e+01
0.000000000000000000e+00
0.000000000000000000e+00
0.000000000000000000e+00
2.301962695717846685e+01
0.000000000000000000e+00
5.943333266583841201e+00
7.215277077101169390e+00
1.915138251267984870e+01
0.000000000000000000e+00
0.000000000000000000e+00
0.000000000000000000e+00
0.000000000000000000e+00
0.000000000000000000e+00
0.000000000000000000e+00
0.000000000000000000e+00
0.000000000000000000e+00
0.000000000000000000e+00
0.000000000000000000e+00
0.000000000000000000e+00
0.000000000000000000e+00
0.000000000000000000e+00
1.024387905578767022e+00
0.000000000000000000e+00
0.000000000000000000e+00
0.000000000000000000e+00
0.000000000000000000e+00
0.000000000000000000e+00
1.284704007773187939e+01
2.384749121922716242e+01
8.822410336117233243e+00
0.000000000000000000e+00
0.000000000000000000e+00
1.385606691149893521e+01
0.000000000000000000e+00
1.510882023194902057e+00
0.000000000000000000e+00
5.663395529298408171e+00
2.683990239005755996e+01
1.682211427972028162e+01
0.000000000000000000e+00
0.000000000000000000e+00
1.194370618406115625e+01
0.000000000000000000e+00
2.301960679070278815e+01
0.000000000000000000e+00
6.859461357220149935e+00
1.403139591930425922e+00
0.000000000000000000e+00
0.000000000000000000e+00
1.385607025868659470e+01
0.000000000000000000e+00
0.000000000000000000e+00
2.601705733899652984e+01
0.000000000000000000e+00
5.825232917867291249e+00
1.238644045496722335e+01
0.000000000000000000e+00
1.185628427616152081e+01
0.000000000000000000e+00
0.000000000000000000e+00
8.857418084934618463e+00
0.000000000000000000e+00
1.721373096389829271e+01
9.824956449320030316e+00
0.000000000000000000e+00
2.701664187610402124e+01
2.202322215972921882e+01
2.483999048342104032e+01
0.000000000000000000e+00
0.000000000000000000e+00
0.000000000000000000e+00
1.945339044369487569e+00
0.000000000000000000e+00
1.383823114597077364e+01
0.000000000000000000e+00
0.000000000000000000e+00
2.801638364674217385e+01
0.000000000000000000e+00
0.000000000000000000e+00
0.000000000000000000e+00
0.000000000000000000e+00
0.000000000000000000e+00
2.683990239005755996e+01
3.943334903873428221e+00
1.285610817896092506e+01
0.000000000000000000e+00
0.000000000000000000e+00
0.000000000000000000e+00
2.082375644932000114e+01
0.000000000000000000e+00
0.000000000000000000e+00
5.485515211924308687e+00
0.000000000000000000e+00
0.000000000000000000e+00
0.000000000000000000e+00
2.811305314030256142e+01
0.000000000000000000e+00
0.000000000000000000e+00
0.000000000000000000e+00
0.000000000000000000e+00
3.110472193989081546e+01
0.000000000000000000e+00
3.001615866474988437e+01
0.000000000000000000e+00
0.000000000000000000e+00
0.000000000000000000e+00
0.000000000000000000e+00
1.911314485520980000e+01
2.801638347153732411e+01
0.000000000000000000e+00
0.000000000000000000e+00
1.313190049230713718e+01
0.000000000000000000e+00
2.076597479236266697e+00
0.000000000000000000e+00
2.501757203241325200e+01
0.000000000000000000e+00
0.000000000000000000e+00
1.113090049230714129e+01
0.000000000000000000e+00
1.984125880627972549e+01
3.939763357044690384e+00
2.701663229243393971e+01
4.053337297559046704e+00
0.000000000000000000e+00
0.000000000000000000e+00
2.301955075400084993e+01
0.000000000000000000e+00
0.000000000000000000e+00
8.857450998774819340e+00
1.085653817097026064e+01
8.662104763141259767e+00
0.000000000000000000e+00
5.663395529298408171e+00
3.001616919481647372e+01
0.000000000000000000e+00
1.511948321637936665e+01
7.707142708859277214e+00
1.185628111840595089e+01
9.943706184061184672e+00
2.910391175703714950e+01
2.901620521632290206e+01
0.000000000000000000e+00
5.159481494326256801e-01
0.000000000000000000e+00
0.000000000000000000e+00
2.482260537860796479e+00
0.000000000000000000e+00
0.000000000000000000e+00
0.000000000000000000e+00
2.501756603583589111e+01
0.000000000000000000e+00
3.001616873080762460e+01
0.000000000000000000e+00
0.000000000000000000e+00
0.000000000000000000e+00
5.216677077101185667e+00
0.000000000000000000e+00
0.000000000000000000e+00
5.401359353891118431e+00
0.000000000000000000e+00
3.283999048342099769e+01
1.784274333866805407e+01
0.000000000000000000e+00
1.634554869084164608e+01
0.000000000000000000e+00
6.859650254950807380e+00
3.001616891577923241e+01
9.149699337305630120e-01
0.000000000000000000e+00
1.097965589398641839e+01
0.000000000000000000e+00
0.000000000000000000e+00
2.102508285829091506e+01
2.102417662268037546e+01
2.984036310369089051e+01
1.385607119028034440e+01
3.216184331914948569e-01
0.000000000000000000e+00
0.000000000000000000e+00
0.000000000000000000e+00
0.000000000000000000e+00
0.000000000000000000e+00
1.683193948747608104e+01
1.397336443115672511e+00
1.694711381838826014e+01
2.501754613434531649e+01
2.301970440889808955e+01
2.801637735770941973e+01
0.000000000000000000e+00
0.000000000000000000e+00
0.000000000000000000e+00
0.000000000000000000e+00
2.701664179699434953e+01
8.857479329079115615e+00
0.000000000000000000e+00
2.701663591475768555e+01
0.000000000000000000e+00
0.000000000000000000e+00
1.382241033611724923e+01
0.000000000000000000e+00
0.000000000000000000e+00
3.183999048342095861e+01
0.000000000000000000e+00
0.000000000000000000e+00
2.701663452042721403e+01
0.000000000000000000e+00
9.856984985958691325e+00
0.000000000000000000e+00
0.000000000000000000e+00
0.000000000000000000e+00
2.601704258176636841e+01
1.706572815400487997e+00
4.865977317920315848e+00
0.000000000000000000e+00
2.202142218100194881e+01
0.000000000000000000e+00
0.000000000000000000e+00
0.000000000000000000e+00
0.000000000000000000e+00
8.953147011725272719e+00
0.000000000000000000e+00
0.000000000000000000e+00
0.000000000000000000e+00
0.000000000000000000e+00
0.000000000000000000e+00
0.000000000000000000e+00
0.000000000000000000e+00
1.038330611967725936e+01
1.285610792590308549e+01
2.701663899770352728e+01
1.530997842454928382e+01
0.000000000000000000e+00
0.000000000000000000e+00
0.000000000000000000e+00
0.000000000000000000e+00
0.000000000000000000e+00
0.000000000000000000e+00
2.301974636760280291e+01
2.501757763908644705e+01
0.000000000000000000e+00
0.000000000000000000e+00
0.000000000000000000e+00
9.856972564456105701e+00
0.000000000000000000e+00
1.138150611967727954e+01
3.001616805381283015e+01
0.000000000000000000e+00
0.000000000000000000e+00
0.000000000000000000e+00
1.382315644932004517e+01
2.601705471608603659e+01
0.000000000000000000e+00
0.000000000000000000e+00
8.662104763141259767e+00
0.000000000000000000e+00
8.912336530669222601e-01
1.382241033611724923e+01
0.000000000000000000e+00
0.000000000000000000e+00
0.000000000000000000e+00
1.509370252047147432e+01
2.213730963898367321e+00
1.594370618406117401e+01
0.000000000000000000e+00
0.000000000000000000e+00
0.000000000000000000e+00
0.000000000000000000e+00
1.484994316513533974e+01
4.662104763141257990e+00
1.311009182713113219e+01
9.305053013863041400e+00
0.000000000000000000e+00
2.501756618134123400e+01
0.000000000000000000e+00
0.000000000000000000e+00
0.000000000000000000e+00
-7.716243418257655307e-02
0.000000000000000000e+00
0.000000000000000000e+00
0.000000000000000000e+00
0.000000000000000000e+00
0.000000000000000000e+00
2.401844841647942630e+01
0.000000000000000000e+00
1.183554333866801045e+01
1.566028189224861045e+01
0.000000000000000000e+00
0.000000000000000000e+00
0.000000000000000000e+00
0.000000000000000000e+00
0.000000000000000000e+00
0.000000000000000000e+00
1.139064382737269021e+01
1.285610689669931084e+01
0.000000000000000000e+00
0.000000000000000000e+00
0.000000000000000000e+00
0.000000000000000000e+00
0.000000000000000000e+00
0.000000000000000000e+00
0.000000000000000000e+00
1.024960981798669124e+00
0.000000000000000000e+00
1.719599669789781515e+01
0.000000000000000000e+00
1.594462432994837364e+01
3.263541847789005690e+00
0.000000000000000000e+00
0.000000000000000000e+00
0.000000000000000000e+00
0.000000000000000000e+00
2.601682339451745918e+01
1.385607030854645494e+01
0.000000000000000000e+00
0.000000000000000000e+00
0.000000000000000000e+00
1.049795283185207140e+01
1.311104485520973739e+01
0.000000000000000000e+00
2.202148965686567550e+01
0.000000000000000000e+00
2.684128124957813455e+01
2.701663024815856318e+01
0.000000000000000000e+00
0.000000000000000000e+00
8.943706184061198883e+00
0.000000000000000000e+00
0.000000000000000000e+00
0.000000000000000000e+00
0.000000000000000000e+00
0.000000000000000000e+00
0.000000000000000000e+00
0.000000000000000000e+00
1.285610734884656203e+01
0.000000000000000000e+00
0.000000000000000000e+00
0.000000000000000000e+00
2.501747073635165464e+01
9.947113818388263695e+00
0.000000000000000000e+00
1.285610768338289134e+01
9.952876925727616175e-01
0.000000000000000000e+00
2.801638356065912561e+01
0.000000000000000000e+00
1.903874293526528305e+01
0.000000000000000000e+00
1.224367746891821440e+01
0.000000000000000000e+00
6.153991891462949226e+00
0.000000000000000000e+00
0.000000000000000000e+00
0.000000000000000000e+00
0.000000000000000000e+00
0.000000000000000000e+00
0.000000000000000000e+00
1.043089499493239636e+01
0.000000000000000000e+00
0.000000000000000000e+00
0.000000000000000000e+00
0.000000000000000000e+00
0.000000000000000000e+00
1.521965552937803068e+01
0.000000000000000000e+00
0.000000000000000000e+00
0.000000000000000000e+00
3.001616874373837618e+01
0.000000000000000000e+00
1.095314756732659944e+01
0.000000000000000000e+00
1.085652954870172415e+01
1.297918764455036644e+01
0.000000000000000000e+00
6.943333266583831431e+00
0.000000000000000000e+00
0.000000000000000000e+00
0.000000000000000000e+00
0.000000000000000000e+00
0.000000000000000000e+00
2.901619112288665647e+01
0.000000000000000000e+00
1.601885485058770708e+00
2.202137426441718304e+01
-2.071833193771003556e-01
2.302164626332790220e+01
3.086689705009034057e+00
0.000000000000000000e+00
0.000000000000000000e+00
0.000000000000000000e+00
1.943365065231506961e+01
1.085654305168331213e+01
6.920239544138505616e-01
0.000000000000000000e+00
2.901620623229451468e+01
0.000000000000000000e+00
0.000000000000000000e+00
2.216749197510103997e+01
2.583999048342102256e+01
2.984128124957808126e+01
0.000000000000000000e+00
0.000000000000000000e+00
0.000000000000000000e+00
0.000000000000000000e+00
1.185628104943435979e+01
9.822114279720263852e+00
2.601706052380186307e+01
1.778800882684776141e+01
0.000000000000000000e+00
0.000000000000000000e+00
1.326819161935095526e-01
0.000000000000000000e+00
0.000000000000000000e+00
0.000000000000000000e+00
2.501750144984410795e+01
1.914078356592905195e+01
0.000000000000000000e+00
0.000000000000000000e+00
2.801638213425910706e+01
0.000000000000000000e+00
3.485838341568604726e+00
2.601706097393455153e+01
0.000000000000000000e+00
0.000000000000000000e+00
0.000000000000000000e+00
0.000000000000000000e+00
2.003332597019618433e+01
0.000000000000000000e+00
-2.040112816012241481e+00
0.000000000000000000e+00
1.294370618406115625e+01
0.000000000000000000e+00
0.000000000000000000e+00
0.000000000000000000e+00
0.000000000000000000e+00
0.000000000000000000e+00
3.001616982473324313e+01
5.482692228365794840e+00
0.000000000000000000e+00
0.000000000000000000e+00
2.783999048342094085e+01
2.102419665732660903e+01
1.285610894102195800e+01
0.000000000000000000e+00
1.922154785100820007e+01
0.000000000000000000e+00
4.391541576533183999e+00
0.000000000000000000e+00
1.253036170492137380e+01
3.381360694882447504e+00
8.215677077101146253e+00
0.000000000000000000e+00
0.000000000000000000e+00
0.000000000000000000e+00
0.000000000000000000e+00
0.000000000000000000e+00
1.684127778299279399e+01
0.000000000000000000e+00
1.085654008825932237e+01
2.810719288429705287e+01
0.000000000000000000e+00
0.000000000000000000e+00
0.000000000000000000e+00
0.000000000000000000e+00
0.000000000000000000e+00
0.000000000000000000e+00
0.000000000000000000e+00
0.000000000000000000e+00
0.000000000000000000e+00
0.000000000000000000e+00
0.000000000000000000e+00
0.000000000000000000e+00
2.801638373586396824e+01
0.000000000000000000e+00
0.000000000000000000e+00
9.662016669777841571e+00
1.681479118795850169e+01
0.000000000000000000e+00
0.000000000000000000e+00
0.000000000000000000e+00
2.944528893980511342e+01
-9.462019888075937635e-01
0.000000000000000000e+00
3.184036310369092249e+01
0.000000000000000000e+00
0.000000000000000000e+00
2.701663613541206743e+01
1.285610865353075027e+01
0.000000000000000000e+00
0.000000000000000000e+00
0.000000000000000000e+00
1.582483255585816551e+01
9.856966333078860387e+00
2.901619648444570387e+01
0.000000000000000000e+00
0.000000000000000000e+00
0.000000000000000000e+00
0.000000000000000000e+00
0.000000000000000000e+00
2.801638093247442640e+01
0.000000000000000000e+00
1.694324547042780438e+01
2.401847114989886123e+01
0.000000000000000000e+00
0.000000000000000000e+00
0.000000000000000000e+00
0.000000000000000000e+00
1.185628383344373127e+01
0.000000000000000000e+00
0.000000000000000000e+00
0.000000000000000000e+00
0.000000000000000000e+00
9.856981732190265078e+00
8.943245470427825694e+00
0.000000000000000000e+00
0.000000000000000000e+00
2.102413418686840529e+01
0.000000000000000000e+00
0.000000000000000000e+00
1.693074124681832160e+01
2.801637937839302950e+01
2.016638227413173468e+01
0.000000000000000000e+00
0.000000000000000000e+00
2.283999048342105098e+01
2.601705952024289914e+01
0.000000000000000000e+00
0.000000000000000000e+00
1.903580400135474804e+01
3.001616702782098400e+01
0.000000000000000000e+00
0.000000000000000000e+00
9.519391772660773299e+00
0.000000000000000000e+00
0.000000000000000000e+00
1.394324547042777951e+01
0.000000000000000000e+00
0.000000000000000000e+00
0.000000000000000000e+00
0.000000000000000000e+00
0.000000000000000000e+00
1.382241033611724923e+01
0.000000000000000000e+00
6.963519395814413926e+00
0.000000000000000000e+00
1.094370618406117224e+01
0.000000000000000000e+00
0.000000000000000000e+00
0.000000000000000000e+00
1.099167637099379569e+01
8.229551773751877519e+00
2.983990239005751732e+01
1.210379327593341969e+01
2.601700739753939118e+01
0.000000000000000000e+00
0.000000000000000000e+00
8.825233319675742649e+00
1.326912978553101041e+01
0.000000000000000000e+00
0.000000000000000000e+00
0.000000000000000000e+00
4.863933493085636606e+00
1.145196086623317910e+01
0.000000000000000000e+00
0.000000000000000000e+00
0.000000000000000000e+00
0.000000000000000000e+00
0.000000000000000000e+00
2.801638364674217385e+01
3.662477383411209431e+00
8.857396412314285428e+00
1.582355644932007621e+01
0.000000000000000000e+00
0.000000000000000000e+00
0.000000000000000000e+00
0.000000000000000000e+00
8.857448694173266190e+00
0.000000000000000000e+00
0.000000000000000000e+00
0.000000000000000000e+00
2.883999048342093019e+01
0.000000000000000000e+00
8.877781527870515887e+00
0.000000000000000000e+00
0.000000000000000000e+00
0.000000000000000000e+00
2.483990239005761680e+01
0.000000000000000000e+00
1.116518679329715447e+01
0.000000000000000000e+00
1.983073283948533927e+01
1.712342537059879888e+01
0.000000000000000000e+00
2.002764706344789758e+01
0.000000000000000000e+00
0.000000000000000000e+00
9.111143046687983471e+00
8.964887871840693023e+00
2.952204725369528937e+00
1.866028189224857314e+01
2.501756922936187522e+01
0.000000000000000000e+00
1.285169995807814836e+01
1.683193948747608104e+01
2.701663853472456722e+01
0.000000000000000000e+00
2.003386575388839574e+01
0.000000000000000000e+00
0.000000000000000000e+00
0.000000000000000000e+00
0.000000000000000000e+00
8.857477746095394622e+00
0.000000000000000000e+00
0.000000000000000000e+00
1.595853873954832913e+01
3.283999048342099769e+01
0.000000000000000000e+00
0.000000000000000000e+00
0.000000000000000000e+00
0.000000000000000000e+00
0.000000000000000000e+00
3.001616753225539114e+01
-4.566920400862643781e-02
1.802823868528305695e+01
5.725426885446587288e-01
0.000000000000000000e+00
8.931310892755259800e-01
0.000000000000000000e+00
0.000000000000000000e+00
3.001616880022272227e+01
0.000000000000000000e+00
1.185628448348842667e+01
0.000000000000000000e+00
0.000000000000000000e+00
1.385606806279813163e+01
0.000000000000000000e+00
0.000000000000000000e+00
2.264866546390099433e+00
2.202146661502547786e+01
0.000000000000000000e+00
0.000000000000000000e+00
0.000000000000000000e+00
1.085653691048481839e+01
0.000000000000000000e+00
0.000000000000000000e+00
0.000000000000000000e+00
0.000000000000000000e+00
0.000000000000000000e+00
0.000000000000000000e+00
0.000000000000000000e+00
0.000000000000000000e+00
0.000000000000000000e+00
3.273349310230746312e+01
0.000000000000000000e+00
1.782551730485540720e+00
0.000000000000000000e+00
0.000000000000000000e+00
0.000000000000000000e+00
0.000000000000000000e+00
4.086780866227696762e+00
0.000000000000000000e+00
0.000000000000000000e+00
0.000000000000000000e+00
0.000000000000000000e+00
0.000000000000000000e+00
2.801637692181992989e+01
0.000000000000000000e+00
1.385607169207029266e+01
1.514388414840827402e+01
1.365172538590529605e+01
0.000000000000000000e+00
0.000000000000000000e+00
7.858376825339195904e+00
0.000000000000000000e+00
0.000000000000000000e+00
0.000000000000000000e+00
1.215728830816253314e+01
0.000000000000000000e+00
5.726633243722455191e+00
0.000000000000000000e+00
0.000000000000000000e+00
2.634284935199123989e+00
0.000000000000000000e+00
0.000000000000000000e+00
0.000000000000000000e+00
5.947113742235589307e+00
7.677452127193656217e+00
-4.927042252500603211e-06
0.000000000000000000e+00
0.000000000000000000e+00
0.000000000000000000e+00
0.000000000000000000e+00
0.000000000000000000e+00
0.000000000000000000e+00
0.000000000000000000e+00
0.000000000000000000e+00
3.283999048342099769e+01
7.943706170278177936e+00
2.501758991237351637e+01
0.000000000000000000e+00
0.000000000000000000e+00
0.000000000000000000e+00
0.000000000000000000e+00
0.000000000000000000e+00
0.000000000000000000e+00
6.860228596559793779e+00
0.000000000000000000e+00
2.701664062664888988e+01
2.501718733923373250e+01
5.618862026632241324e+00
0.000000000000000000e+00
0.000000000000000000e+00
1.285609840250140046e+01
9.434106081886534767e+00
0.000000000000000000e+00
1.712401125936484547e+01
0.000000000000000000e+00
5.944623805804985395e+00
2.901620487994932418e+01
2.601706315518091728e+01
0.000000000000000000e+00
0.000000000000000000e+00
0.000000000000000000e+00
9.870263266449850192e+00
7.858285574069062029e+00
0.000000000000000000e+00
0.000000000000000000e+00
1.494370618406116336e+01
0.000000000000000000e+00
1.595314756732660477e+01
0.000000000000000000e+00
0.000000000000000000e+00
2.501751418795630855e+01
2.611305314030262537e+01
0.000000000000000000e+00
-6.772407243401539212e-01
0.000000000000000000e+00
1.794333356379123146e+01
0.000000000000000000e+00
0.000000000000000000e+00
0.000000000000000000e+00
0.000000000000000000e+00
8.227170834326013704e+00
0.000000000000000000e+00
0.000000000000000000e+00
5.861327326902772583e+00
0.000000000000000000e+00
1.016129332937279450e+01
8.662104763141259767e+00
0.000000000000000000e+00
4.562115176853478449e-01
0.000000000000000000e+00
0.000000000000000000e+00
2.182241033611720482e+01
2.501756883525343156e+01
2.810472193989078349e+01
1.338300611967729026e+01
0.000000000000000000e+00
4.665885017738291118e+00
0.000000000000000000e+00
1.375571816413833304e+00
0.000000000000000000e+00
0.000000000000000000e+00
0.000000000000000000e+00
1.686012102016696446e+01
0.000000000000000000e+00
8.662016669777839795e+00
0.000000000000000000e+00
2.002817026995248284e+01
0.000000000000000000e+00
0.000000000000000000e+00
0.000000000000000000e+00
2.884980448695630884e+01
0.000000000000000000e+00
0.000000000000000000e+00
0.000000000000000000e+00
0.000000000000000000e+00
0.000000000000000000e+00
1.185628290184998157e+01
2.901620597271180557e+01
0.000000000000000000e+00
0.000000000000000000e+00
0.000000000000000000e+00
0.000000000000000000e+00
0.000000000000000000e+00
0.000000000000000000e+00
0.000000000000000000e+00
1.732185701541393508e+00
0.000000000000000000e+00
3.867511129931311853e+00
0.000000000000000000e+00
0.000000000000000000e+00
2.584036310369097578e+01
0.000000000000000000e+00
2.701664197130608258e+01
0.000000000000000000e+00
1.584076026793803926e+01
0.000000000000000000e+00
0.000000000000000000e+00
2.601707227278838985e+01
0.000000000000000000e+00
0.000000000000000000e+00
0.000000000000000000e+00
0.000000000000000000e+00
0.000000000000000000e+00
1.085653807386876402e+01
0.000000000000000000e+00
1.582609312706980198e+01
2.211284485520981136e+01
0.000000000000000000e+00
0.000000000000000000e+00
0.000000000000000000e+00
0.000000000000000000e+00
0.000000000000000000e+00
0.000000000000000000e+00
0.000000000000000000e+00
0.000000000000000000e+00
0.000000000000000000e+00
0.000000000000000000e+00
0.000000000000000000e+00
0.000000000000000000e+00
0.000000000000000000e+00
0.000000000000000000e+00
2.684980448695637278e+01
1.285610085453713758e+01
1.784980082485031616e+01
0.000000000000000000e+00
0.000000000000000000e+00
0.000000000000000000e+00
0.000000000000000000e+00
9.449751912037740453e+00
4.484038341568603592e+00
7.822410336117207486e+00
0.000000000000000000e+00
1.760782248315976872e+01
2.601702795134014679e+01
2.701664138045637387e+01
1.494333356379121014e+01
0.000000000000000000e+00
0.000000000000000000e+00
2.601708254496522343e+01
1.566028189224861045e+01
0.000000000000000000e+00
1.694462432994837187e+01
0.000000000000000000e+00
1.285610618847816866e+01
1.182643309273972321e+01
1.694333356379122080e+01
0.000000000000000000e+00
3.943245527227527969e+00
0.000000000000000000e+00
1.085654474849023465e+01
4.938437349906225293e+00
2.401841049804679784e+01
8.857430352863390866e+00
0.000000000000000000e+00
0.000000000000000000e+00
7.482692228365761089e+00
0.000000000000000000e+00
0.000000000000000000e+00
0.000000000000000000e+00
2.601707227278838985e+01
0.000000000000000000e+00
1.048640247495711719e+01
0.000000000000000000e+00
0.000000000000000000e+00
0.000000000000000000e+00
0.000000000000000000e+00
0.000000000000000000e+00
0.000000000000000000e+00
0.000000000000000000e+00
0.000000000000000000e+00
0.000000000000000000e+00
0.000000000000000000e+00
0.000000000000000000e+00
7.858365280865810654e+00
2.801638144338611625e+01
1.394324547042777951e+01
0.000000000000000000e+00
1.194462432994835055e+01
1.903406064968369549e+01
1.706036587262676107e+01
0.000000000000000000e+00
0.000000000000000000e+00
0.000000000000000000e+00
0.000000000000000000e+00
0.000000000000000000e+00
0.000000000000000000e+00
-3.177090030271828569e-01
0.000000000000000000e+00
0.000000000000000000e+00
1.094370618406117224e+01
0.000000000000000000e+00
8.136752572892266500e+00
0.000000000000000000e+00
0.000000000000000000e+00
0.000000000000000000e+00
0.000000000000000000e+00
0.000000000000000000e+00
0.000000000000000000e+00
2.401847443528158976e+01
0.000000000000000000e+00
9.856950430713068201e+00
0.000000000000000000e+00
2.401841650614534274e+01
0.000000000000000000e+00
8.684213567954051527e+00
