0.000000000000000000e+00
0.000000000000000000e+00
0.000000000000000000e+00
2.601708529456736230e+01
0.000000000000000000e+00
0.000000000000000000e+00
1.085654577893143369e+01
3.867589351934335617e+00
2.701664338887383821e+01
1.412104244816108611e+01
0.000000000000000000e+00
0.000000000000000000e+00
0.000000000000000000e+00
0.000000000000000000e+00
1.385607224767164425e+01
0.000000000000000000e+00
0.000000000000000000e+00
0.000000000000000000e+00
1.085654577893143369e+01
2.501759231016104579e+01
0.000000000000000000e+00
0.000000000000000000e+00
2.701664338887383821e+01
0.000000000000000000e+00
0.000000000000000000e+00
2.002768647490320575e+01
0.000000000000000000e+00
0.000000000000000000e+00
0.000000000000000000e+00
6.520711924442129437e+00
2.501759231016104579e+01
0.000000000000000000e+00
0.000000000000000000e+00
0.000000000000000000e+00
0.000000000000000000e+00
0.000000000000000000e+00
0.000000000000000000e+00
0.000000000000000000e+00
0.000000000000000000e+00
2.801638376874475611e+01
1.385607224767164425e+01
0.000000000000000000e+00
2.784377073801797664e+01
0.000000000000000000e+00
0.000000000000000000e+00
0.000000000000000000e+00
0.000000000000000000e+00
0.000000000000000000e+00
2.384036310369100775e+01
0.000000000000000000e+00
0.000000000000000000e+00
2.501759231016104579e+01
2.308834094725021657e+00
0.000000000000000000e+00
0.000000000000000000e+00
0.000000000000000000e+00
-2.417649569321328240e+00
0.000000000000000000e+00
0.000000000000000000e+00
0.000000000000000000e+00
8.857494700218612849e+00
1.804166331758811381e+01
0.000000000000000000e+00
0.000000000000000000e+00
0.000000000000000000e+00
0.000000000000000000e+00
0.000000000000000000e+00
0.000000000000000000e+00
0.000000000000000000e+00
0.000000000000000000e+00
0.000000000000000000e+00
2.387584456418022683e+01
0.000000000000000000e+00
2.102422047771658242e+01
0.000000000000000000e+00
0.000000000000000000e+00
3.283990239005758127e+01
0.000000000000000000e+00
2.102422047771658242e+01
0.000000000000000000e+00
0.000000000000000000e+00
0.000000000000000000e+00
0.000000000000000000e+00
0.000000000000000000e+00
0.000000000000000000e+00
1.285610959536554354e+01
0.000000000000000000e+00
2.801638376874475611e+01
2.501759231016104579e+01
0.000000000000000000e+00
-4.342799703155026947e+00
2.501759231016104579e+01
1.509262597486582891e+01
0.000000000000000000e+00
0.000000000000000000e+00
0.000000000000000000e+00
2.301975221847616737e+01
0.000000000000000000e+00
-9.088318111203895489e-02
0.000000000000000000e+00
1.085654577893143369e+01
0.000000000000000000e+00
0.000000000000000000e+00
0.000000000000000000e+00
0.000000000000000000e+00
0.000000000000000000e+00
0.000000000000000000e+00
0.000000000000000000e+00
0.000000000000000000e+00
0.000000000000000000e+00
0.000000000000000000e+00
0.000000000000000000e+00
0.000000000000000000e+00
0.000000000000000000e+00
0.000000000000000000e+00
0.000000000000000000e+00
0.000000000000000000e+00
0.000000000000000000e+00
0.000000000000000000e+00
0.000000000000000000e+00
1.284511289366985309e+01
2.501759231016104579e+01
8.857494700218612849e+00
0.000000000000000000e+00
0.000000000000000000e+00
1.385607224767164425e+01
0.000000000000000000e+00
0.000000000000000000e+00
0.000000000000000000e+00
0.000000000000000000e+00
2.683990239005755996e+01
7.858393983249149173e+00
0.000000000000000000e+00
0.000000000000000000e+00
6.859654608533781506e+00
0.000000000000000000e+00
2.301975221847616737e+01
0.000000000000000000e+00
6.859654608533781506e+00
0.000000000000000000e+00
0.000000000000000000e+00
0.000000000000000000e+00
1.385607224767164425e+01
0.000000000000000000e+00
0.000000000000000000e+00
2.601708529456736230e+01
0.000000000000000000e+00
1.083820196910710854e+00
1.219670500343038810e+01
0.000000000000000000e+00
1.185628615880236225e+01
0.000000000000000000e+00
0.000000000000000000e+00
8.857494700218612849e+00
0.000000000000000000e+00
0.000000000000000000e+00
7.858393983249149173e+00
0.000000000000000000e+00
2.701664338887383821e+01
2.202169002971276157e+01
2.483999048342104032e+01
0.000000000000000000e+00
0.000000000000000000e+00
0.000000000000000000e+00
1.881620312777130710e+00
0.000000000000000000e+00
1.285610959536554354e+01
0.000000000000000000e+00
0.000000000000000000e+00
2.801638376874475611e+01
0.000000000000000000e+00
0.000000000000000000e+00
0.000000000000000000e+00
0.000000000000000000e+00
0.000000000000000000e+00
2.683990239005755996e+01
-2.041253846687981710e+00
1.285610959536554354e+01
0.000000000000000000e+00
0.000000000000000000e+00
0.000000000000000000e+00
1.285610959536554354e+01
0.000000000000000000e+00
0.000000000000000000e+00
0.000000000000000000e+00
0.000000000000000000e+00
0.000000000000000000e+00
0.000000000000000000e+00
2.601708529456736230e+01
0.000000000000000000e+00
0.000000000000000000e+00
0.000000000000000000e+00
0.000000000000000000e+00
2.701664338887383821e+01
0.000000000000000000e+00
3.001616985761402745e+01
0.000000000000000000e+00
0.000000000000000000e+00
0.000000000000000000e+00
0.000000000000000000e+00
1.285610959536554354e+01
2.801638376874475611e+01
0.000000000000000000e+00
0.000000000000000000e+00
7.858393983249149173e+00
0.000000000000000000e+00
0.000000000000000000e+00
0.000000000000000000e+00
2.501759231016104579e+01
0.000000000000000000e+00
0.000000000000000000e+00
4.396126193077074085e+00
0.000000000000000000e+00
1.385607224767164425e+01
1.246628645830471616e+00
2.884036310369088341e+01
-3.033835925197117867e+00
0.000000000000000000e+00
0.000000000000000000e+00
2.301975221847616737e+01
0.000000000000000000e+00
0.000000000000000000e+00
8.857494700218612849e+00
1.085654577893143369e+01
0.000000000000000000e+00
0.000000000000000000e+00
0.000000000000000000e+00
3.001616985761402745e+01
0.000000000000000000e+00
9.856987684624922252e+00
3.261287647005698620e+00
1.185628615880236225e+01
4.864122867774182346e+00
2.401849159319155547e+01
2.901620720530795339e+01
0.000000000000000000e+00
0.000000000000000000e+00
0.000000000000000000e+00
0.000000000000000000e+00
0.000000000000000000e+00
0.000000000000000000e+00
0.000000000000000000e+00
0.000000000000000000e+00
2.501759231016104579e+01
0.000000000000000000e+00
3.001616985761402745e+01
0.000000000000000000e+00
0.000000000000000000e+00
0.000000000000000000e+00
0.000000000000000000e+00
0.000000000000000000e+00
0.000000000000000000e+00
0.000000000000000000e+00
0.000000000000000000e+00
3.283999048342099769e+01
1.385607224767164425e+01
0.000000000000000000e+00
1.606915758589957122e+01
0.000000000000000000e+00
6.859654608533781506e+00
3.001616985761402745e+01
0.000000000000000000e+00
0.000000000000000000e+00
8.511161426814377151e+00
0.000000000000000000e+00
0.000000000000000000e+00
2.102422047771658242e+01
2.102422047771658242e+01
2.984036310369089051e+01
1.385607224767164425e+01
0.000000000000000000e+00
0.000000000000000000e+00
0.000000000000000000e+00
0.000000000000000000e+00
0.000000000000000000e+00
0.000000000000000000e+00
9.856987684624922252e+00
0.000000000000000000e+00
1.385607224767164425e+01
2.501759231016104579e+01
2.301975221847616737e+01
2.801638376874475611e+01
0.000000000000000000e+00
0.000000000000000000e+00
0.000000000000000000e+00
0.000000000000000000e+00
2.701664338887383821e+01
8.857494700218612849e+00
0.000000000000000000e+00
2.701664338887383821e+01
0.000000000000000000e+00
0.000000000000000000e+00
1.185628615880236225e+01
0.000000000000000000e+00
0.000000000000000000e+00
3.183999048342095861e+01
0.000000000000000000e+00
0.000000000000000000e+00
2.701664338887383821e+01
0.000000000000000000e+00
9.856987684624922252e+00
0.000000000000000000e+00
0.000000000000000000e+00
0.000000000000000000e+00
2.601708529456736230e+01
0.000000000000000000e+00
4.864122867774182346e+00
0.000000000000000000e+00
2.202169002971276157e+01
0.000000000000000000e+00
0.000000000000000000e+00
0.000000000000000000e+00
0.000000000000000000e+00
6.859654608533781506e+00
0.000000000000000000e+00
0.000000000000000000e+00
0.000000000000000000e+00
0.000000000000000000e+00
0.000000000000000000e+00
0.000000000000000000e+00
0.000000000000000000e+00
0.000000000000000000e+00
1.285610959536554354e+01
2.701664338887383821e+01
1.385607224767164425e+01
0.000000000000000000e+00
0.000000000000000000e+00
0.000000000000000000e+00
0.000000000000000000e+00
0.000000000000000000e+00
0.000000000000000000e+00
2.301975221847616737e+01
2.501759231016104579e+01
0.000000000000000000e+00
0.000000000000000000e+00
0.000000000000000000e+00
9.856987684624922252e+00
0.000000000000000000e+00
0.000000000000000000e+00
3.001616985761402745e+01
0.000000000000000000e+00
0.000000000000000000e+00
0.000000000000000000e+00
0.000000000000000000e+00
2.601708529456736230e+01
0.000000000000000000e+00
0.000000000000000000e+00
0.000000000000000000e+00
0.000000000000000000e+00
0.000000000000000000e+00
1.285610959536554354e+01
0.000000000000000000e+00
0.000000000000000000e+00
0.000000000000000000e+00
1.509202597486582853e+01
0.000000000000000000e+00
1.085654577893143369e+01
0.000000000000000000e+00
0.000000000000000000e+00
0.000000000000000000e+00
0.000000000000000000e+00
1.285610959536554354e+01
-2.421976559502501125e+00
1.185628615880236225e+01
1.085654577893143369e+01
0.000000000000000000e+00
2.501759231016104579e+01
0.000000000000000000e+00
0.000000000000000000e+00
0.000000000000000000e+00
-9.088318111203895489e-02
0.000000000000000000e+00
0.000000000000000000e+00
0.000000000000000000e+00
0.000000000000000000e+00
0.000000000000000000e+00
2.401849159319155547e+01
0.000000000000000000e+00
5.861592419770375706e+00
1.085654577893143369e+01
0.000000000000000000e+00
0.000000000000000000e+00
0.000000000000000000e+00
0.000000000000000000e+00
0.000000000000000000e+00
0.000000000000000000e+00
0.000000000000000000e+00
1.285610959536554354e+01
0.000000000000000000e+00
0.000000000000000000e+00
0.000000000000000000e+00
0.000000000000000000e+00
0.000000000000000000e+00
0.000000000000000000e+00
0.000000000000000000e+00
0.000000000000000000e+00
0.000000000000000000e+00
1.385607224767164425e+01
0.000000000000000000e+00
1.185628615880236225e+01
0.000000000000000000e+00
0.000000000000000000e+00
0.000000000000000000e+00
0.000000000000000000e+00
0.000000000000000000e+00
2.601708529456736230e+01
1.385607224767164425e+01
0.000000000000000000e+00
0.000000000000000000e+00
0.000000000000000000e+00
4.532664970530520421e+00
3.654260614700341137e+00
0.000000000000000000e+00
2.202169002971276157e+01
0.000000000000000000e+00
2.684128124957813455e+01
2.701664338887383821e+01
0.000000000000000000e+00
0.000000000000000000e+00
3.867589351934335617e+00
0.000000000000000000e+00
0.000000000000000000e+00
0.000000000000000000e+00
0.000000000000000000e+00
0.000000000000000000e+00
0.000000000000000000e+00
0.000000000000000000e+00
1.285610959536554354e+01
0.000000000000000000e+00
0.000000000000000000e+00
0.000000000000000000e+00
2.501759231016104579e+01
6.859654608533781506e+00
0.000000000000000000e+00
1.285610959536554354e+01
0.000000000000000000e+00
0.000000000000000000e+00
2.801638376874475611e+01
0.000000000000000000e+00
1.903334846316354856e+01
0.000000000000000000e+00
0.000000000000000000e+00
0.000000000000000000e+00
4.229365777195071452e+00
0.000000000000000000e+00
0.000000000000000000e+00
0.000000000000000000e+00
0.000000000000000000e+00
0.000000000000000000e+00
0.000000000000000000e+00
1.031997904675557720e+01
0.000000000000000000e+00
0.000000000000000000e+00
0.000000000000000000e+00
0.000000000000000000e+00
0.000000000000000000e+00
4.412083071236315157e-01
0.000000000000000000e+00
0.000000000000000000e+00
0.000000000000000000e+00
3.001616985761402745e+01
0.000000000000000000e+00
8.857494700218612849e+00
0.000000000000000000e+00
1.085654577893143369e+01
1.285610959536554354e+01
0.000000000000000000e+00
8.934587917923303424e-01
0.000000000000000000e+00
0.000000000000000000e+00
0.000000000000000000e+00
0.000000000000000000e+00
0.000000000000000000e+00
3.084036310369091893e+01
0.000000000000000000e+00
0.000000000000000000e+00
2.202169002971276157e+01
0.000000000000000000e+00
2.301975221847616737e+01
0.000000000000000000e+00
0.000000000000000000e+00
0.000000000000000000e+00
0.000000000000000000e+00
1.315539614127782642e+01
1.085654577893143369e+01
0.000000000000000000e+00
0.000000000000000000e+00
2.901620720530795339e+01
0.000000000000000000e+00
0.000000000000000000e+00
1.385607224767164425e+01
2.583999048342102256e+01
2.984128124957808126e+01
0.000000000000000000e+00
0.000000000000000000e+00
0.000000000000000000e+00
0.000000000000000000e+00
1.185628615880236225e+01
0.000000000000000000e+00
2.601708529456736230e+01
7.508490530341599190e+00
0.000000000000000000e+00
0.000000000000000000e+00
0.000000000000000000e+00
0.000000000000000000e+00
0.000000000000000000e+00
0.000000000000000000e+00
2.501759231016104579e+01
1.903332664990227485e+01
0.000000000000000000e+00
0.000000000000000000e+00
2.801638376874475611e+01
0.000000000000000000e+00
0.000000000000000000e+00
2.601708529456736230e+01
0.000000000000000000e+00
0.000000000000000000e+00
2.873250853221134271e+00
0.000000000000000000e+00
2.002768553165882892e+01
0.000000000000000000e+00
-2.040111140698306791e+00
0.000000000000000000e+00
7.858393983249149173e+00
0.000000000000000000e+00
0.000000000000000000e+00
0.000000000000000000e+00
0.000000000000000000e+00
0.000000000000000000e+00
3.001616985761402745e+01
0.000000000000000000e+00
0.000000000000000000e+00
0.000000000000000000e+00
2.783999048342094085e+01
2.102422047771658242e+01
1.285610959536554354e+01
0.000000000000000000e+00
1.705350081761979908e+01
0.000000000000000000e+00
0.000000000000000000e+00
0.000000000000000000e+00
-7.517393744045797188e-01
0.000000000000000000e+00
0.000000000000000000e+00
0.000000000000000000e+00
0.000000000000000000e+00
0.000000000000000000e+00
0.000000000000000000e+00
0.000000000000000000e+00
1.684128539095396349e+01
0.000000000000000000e+00
1.085654577893143369e+01
2.501759231016104579e+01
0.000000000000000000e+00
0.000000000000000000e+00
0.000000000000000000e+00
0.000000000000000000e+00
0.000000000000000000e+00
0.000000000000000000e+00
0.000000000000000000e+00
0.000000000000000000e+00
0.000000000000000000e+00
0.000000000000000000e+00
0.000000000000000000e+00
0.000000000000000000e+00
2.801638376874475611e+01
0.000000000000000000e+00
0.000000000000000000e+00
0.000000000000000000e+00
1.509252597486582737e+01
0.000000000000000000e+00
0.000000000000000000e+00
0.000000000000000000e+00
2.501759231016104579e+01
-8.026862603601733426e+00
0.000000000000000000e+00
3.184036310369092249e+01
0.000000000000000000e+00
0.000000000000000000e+00
2.701664338887383821e+01
1.285610959536554354e+01
0.000000000000000000e+00
0.000000000000000000e+00
0.000000000000000000e+00
0.000000000000000000e+00
9.856987684624922252e+00
2.901620720530795339e+01
0.000000000000000000e+00
0.000000000000000000e+00
0.000000000000000000e+00
0.000000000000000000e+00
0.000000000000000000e+00
2.801638376874475611e+01
0.000000000000000000e+00
9.856987684624922252e+00
2.401849159319155547e+01
0.000000000000000000e+00
0.000000000000000000e+00
0.000000000000000000e+00
0.000000000000000000e+00
1.185628615880236225e+01
0.000000000000000000e+00
0.000000000000000000e+00
0.000000000000000000e+00
0.000000000000000000e+00
9.856987684624922252e+00
1.881620312777130710e+00
0.000000000000000000e+00
0.000000000000000000e+00
2.102422047771658242e+01
0.000000000000000000e+00
0.000000000000000000e+00
5.208948719563844421e+00
2.801638376874475611e+01
5.695376848430158567e+00
0.000000000000000000e+00
0.000000000000000000e+00
2.283999048342105098e+01
2.601708529456736230e+01
0.000000000000000000e+00
0.000000000000000000e+00
1.903332664990227485e+01
3.001616985761402745e+01
0.000000000000000000e+00
0.000000000000000000e+00
0.000000000000000000e+00
0.000000000000000000e+00
0.000000000000000000e+00
6.859654608533781506e+00
0.000000000000000000e+00
0.000000000000000000e+00
0.000000000000000000e+00
0.000000000000000000e+00
0.000000000000000000e+00
4.864122867774182346e+00
0.000000000000000000e+00
5.861592419770375706e+00
0.000000000000000000e+00
5.861592419770375706e+00
0.000000000000000000e+00
0.000000000000000000e+00
0.000000000000000000e+00
4.692731530726258704e+00
0.000000000000000000e+00
2.983990239005751732e+01
6.766651418172280330e+00
2.601708529456736230e+01
0.000000000000000000e+00
0.000000000000000000e+00
2.996586886976935205e+00
1.315499614127782735e+01
0.000000000000000000e+00
0.000000000000000000e+00
0.000000000000000000e+00
4.864122867774182346e+00
0.000000000000000000e+00
0.000000000000000000e+00
0.000000000000000000e+00
0.000000000000000000e+00
0.000000000000000000e+00
0.000000000000000000e+00
2.801638376874475611e+01
-3.416296366227984382e+00
8.857494700218612849e+00
6.859654608533781506e+00
0.000000000000000000e+00
0.000000000000000000e+00
0.000000000000000000e+00
0.000000000000000000e+00
8.857494700218612849e+00
0.000000000000000000e+00
0.000000000000000000e+00
0.000000000000000000e+00
2.883999048342093019e+01
0.000000000000000000e+00
8.857494700218612849e+00
0.000000000000000000e+00
0.000000000000000000e+00
0.000000000000000000e+00
2.483990239005761680e+01
0.000000000000000000e+00
1.185628615880236225e+01
0.000000000000000000e+00
1.385607224767164425e+01
1.606915758589957122e+01
0.000000000000000000e+00
2.002768647490320575e+01
0.000000000000000000e+00
0.000000000000000000e+00
8.857494700218612849e+00
6.773245309752611298e+00
0.000000000000000000e+00
1.385607224767164425e+01
2.501759231016104579e+01
0.000000000000000000e+00
9.401325003635824018e+00
9.856987684624922252e+00
2.701664338887383821e+01
0.000000000000000000e+00
2.002768647490320575e+01
0.000000000000000000e+00
0.000000000000000000e+00
0.000000000000000000e+00
0.000000000000000000e+00
8.857494700218612849e+00
0.000000000000000000e+00
0.000000000000000000e+00
8.155840885141623531e+00
3.283999048342099769e+01
0.000000000000000000e+00
0.000000000000000000e+00
0.000000000000000000e+00
0.000000000000000000e+00
0.000000000000000000e+00
3.001616985761402745e+01
-9.088318111203895489e-02
1.185628615880236225e+01
0.000000000000000000e+00
0.000000000000000000e+00
0.000000000000000000e+00
0.000000000000000000e+00
0.000000000000000000e+00
3.001616985761402745e+01
0.000000000000000000e+00
1.185628615880236225e+01
0.000000000000000000e+00
0.000000000000000000e+00
1.385607224767164425e+01
0.000000000000000000e+00
0.000000000000000000e+00
0.000000000000000000e+00
2.202169002971276157e+01
0.000000000000000000e+00
0.000000000000000000e+00
0.000000000000000000e+00
1.085654577893143369e+01
0.000000000000000000e+00
0.000000000000000000e+00
0.000000000000000000e+00
0.000000000000000000e+00
0.000000000000000000e+00
0.000000000000000000e+00
0.000000000000000000e+00
0.000000000000000000e+00
0.000000000000000000e+00
2.801638376874475611e+01
0.000000000000000000e+00
8.857494700218612849e+00
0.000000000000000000e+00
0.000000000000000000e+00
0.000000000000000000e+00
0.000000000000000000e+00
1.732453285412645982e+00
0.000000000000000000e+00
0.000000000000000000e+00
0.000000000000000000e+00
0.000000000000000000e+00
0.000000000000000000e+00
2.801638376874475611e+01
0.000000000000000000e+00
1.385607224767164425e+01
1.385607224767164425e+01
1.315519614127782688e+01
0.000000000000000000e+00
0.000000000000000000e+00
7.858393983249149173e+00
0.000000000000000000e+00
0.000000000000000000e+00
0.000000000000000000e+00
5.861592419770375706e+00
0.000000000000000000e+00
2.666659280433912649e+00
0.000000000000000000e+00
0.000000000000000000e+00
0.000000000000000000e+00
0.000000000000000000e+00
0.000000000000000000e+00
0.000000000000000000e+00
2.873250853221134271e+00
6.973820013035566312e+00
1.881620312777130710e+00
0.000000000000000000e+00
0.000000000000000000e+00
0.000000000000000000e+00
0.000000000000000000e+00
0.000000000000000000e+00
0.000000000000000000e+00
0.000000000000000000e+00
0.000000000000000000e+00
3.283999048342099769e+01
2.873250853221134271e+00
2.501759231016104579e+01
0.000000000000000000e+00
0.000000000000000000e+00
0.000000000000000000e+00
0.000000000000000000e+00
0.000000000000000000e+00
0.000000000000000000e+00
6.859654608533781506e+00
0.000000000000000000e+00
2.701664338887383821e+01
2.501759231016104579e+01
2.847564920135946309e+00
0.000000000000000000e+00
0.000000000000000000e+00
1.285610959536554354e+01
4.251741880776637394e+00
0.000000000000000000e+00
1.705350081761979908e+01
0.000000000000000000e+00
1.881620312777130710e+00
2.901620720530795339e+01
2.601708529456736230e+01
0.000000000000000000e+00
0.000000000000000000e+00
0.000000000000000000e+00
6.859654608533781506e+00
7.858393983249149173e+00
0.000000000000000000e+00
0.000000000000000000e+00
9.856987684624922252e+00
0.000000000000000000e+00
1.385607224767164425e+01
0.000000000000000000e+00
0.000000000000000000e+00
2.501759231016104579e+01
2.401849159319155547e+01
0.000000000000000000e+00
-7.759207637758472664e+00
0.000000000000000000e+00
1.185628615880236225e+01
0.000000000000000000e+00
0.000000000000000000e+00
0.000000000000000000e+00
0.000000000000000000e+00
0.000000000000000000e+00
0.000000000000000000e+00
0.000000000000000000e+00
5.861592419770375706e+00
0.000000000000000000e+00
4.864122867774182346e+00
0.000000000000000000e+00
0.000000000000000000e+00
6.859654608533781506e+00
0.000000000000000000e+00
0.000000000000000000e+00
1.285610959536554354e+01
2.501759231016104579e+01
2.401849159319155547e+01
0.000000000000000000e+00
0.000000000000000000e+00
-2.374438982902358664e+00
0.000000000000000000e+00
0.000000000000000000e+00
0.000000000000000000e+00
0.000000000000000000e+00
0.000000000000000000e+00
1.685979815155413064e+01
0.000000000000000000e+00
1.575057358152398557e+00
0.000000000000000000e+00
2.002768696187671793e+01
0.000000000000000000e+00
0.000000000000000000e+00
0.000000000000000000e+00
2.884980448695630884e+01
0.000000000000000000e+00
0.000000000000000000e+00
0.000000000000000000e+00
0.000000000000000000e+00
0.000000000000000000e+00
1.185628615880236225e+01
2.901620720530795339e+01
0.000000000000000000e+00
0.000000000000000000e+00
0.000000000000000000e+00
0.000000000000000000e+00
0.000000000000000000e+00
0.000000000000000000e+00
0.000000000000000000e+00
0.000000000000000000e+00
0.000000000000000000e+00
3.867589351934335617e+00
0.000000000000000000e+00
0.000000000000000000e+00
2.584036310369097578e+01
0.000000000000000000e+00
2.701664338887383821e+01
0.000000000000000000e+00
1.584079352086532211e+01
0.000000000000000000e+00
0.000000000000000000e+00
2.601708529456736230e+01
0.000000000000000000e+00
0.000000000000000000e+00
0.000000000000000000e+00
0.000000000000000000e+00
0.000000000000000000e+00
1.085654577893143369e+01
0.000000000000000000e+00
5.603106050381023273e+00
8.648140572819835725e+00
0.000000000000000000e+00
0.000000000000000000e+00
0.000000000000000000e+00
0.000000000000000000e+00
0.000000000000000000e+00
0.000000000000000000e+00
0.000000000000000000e+00
0.000000000000000000e+00
0.000000000000000000e+00
0.000000000000000000e+00
0.000000000000000000e+00
0.000000000000000000e+00
0.000000000000000000e+00
0.000000000000000000e+00
2.684980448695637278e+01
1.285610959536554354e+01
1.784980448695642608e+01
0.000000000000000000e+00
0.000000000000000000e+00
0.000000000000000000e+00
0.000000000000000000e+00
0.000000000000000000e+00
0.000000000000000000e+00
1.185628615880236225e+01
0.000000000000000000e+00
1.705350081761979908e+01
2.601708529456736230e+01
2.701664338887383821e+01
8.857494700218612849e+00
0.000000000000000000e+00
0.000000000000000000e+00
2.601708529456736230e+01
9.856987684624922252e+00
0.000000000000000000e+00
1.285610959536554354e+01
0.000000000000000000e+00
1.285610959536554354e+01
5.861592419770375706e+00
1.085654577893143369e+01
0.000000000000000000e+00
0.000000000000000000e+00
0.000000000000000000e+00
1.085654577893143369e+01
1.210245386391506583e+00
2.401849159319155547e+01
8.857494700218612849e+00
0.000000000000000000e+00
0.000000000000000000e+00
0.000000000000000000e+00
0.000000000000000000e+00
0.000000000000000000e+00
0.000000000000000000e+00
2.601708529456736230e+01
0.000000000000000000e+00
0.000000000000000000e+00
0.000000000000000000e+00
0.000000000000000000e+00
0.000000000000000000e+00
0.000000000000000000e+00
0.000000000000000000e+00
0.000000000000000000e+00
0.000000000000000000e+00
0.000000000000000000e+00
0.000000000000000000e+00
0.000000000000000000e+00
0.000000000000000000e+00
7.858393983249149173e+00
2.801638376874475611e+01
6.859654608533781506e+00
0.000000000000000000e+00
7.858393983249149173e+00
1.903332664990227485e+01
1.705350081761979908e+01
0.000000000000000000e+00
0.000000000000000000e+00
0.000000000000000000e+00
0.000000000000000000e+00
0.000000000000000000e+00
0.000000000000000000e+00
0.000000000000000000e+00
0.000000000000000000e+00
0.000000000000000000e+00
5.861592419770375706e+00
0.000000000000000000e+00
6.859654608533781506e+00
0.000000000000000000e+00
0.000000000000000000e+00
0.000000000000000000e+00
0.000000000000000000e+00
0.000000000000000000e+00
0.000000000000000000e+00
2.401849159319155547e+01
0.000000000000000000e+00
9.856987684624922252e+00
0.000000000000000000e+00
2.401849159319155547e+01
0.000000000000000000e+00
2.595761560767737564e+00
