0.000000000000000000e+00
0.000000000000000000e+00
0.000000000000000000e+00
1.989513084530841747e+00
0.000000000000000000e+00
0.000000000000000000e+00
0.000000000000000000e+00
0.000000000000000000e+00
0.000000000000000000e+00
7.995882391588567728e+00
0.000000000000000000e+00
0.000000000000000000e+00
0.000000000000000000e+00
0.000000000000000000e+00
0.000000000000000000e+00
0.000000000000000000e+00
0.000000000000000000e+00
0.000000000000000000e+00
0.000000000000000000e+00
0.000000000000000000e+00
1.956719620745737798e+00
0.000000000000000000e+00
0.000000000000000000e+00
0.000000000000000000e+00
0.000000000000000000e+00
0.000000000000000000e+00
1.438583398568667526e+01
0.000000000000000000e+00
0.000000000000000000e+00
0.000000000000000000e+00
0.000000000000000000e+00
0.000000000000000000e+00
1.661151817908511674e+01
3.288845319253741017e+00
0.000000000000000000e+00
1.020652436282043496e+01
0.000000000000000000e+00
0.000000000000000000e+00
0.000000000000000000e+00
2.480865796657263900e+01
0.000000000000000000e+00
0.000000000000000000e+00
0.000000000000000000e+00
2.594541807276777234e+01
2.980056959282454443e+01
0.000000000000000000e+00
0.000000000000000000e+00
0.000000000000000000e+00
3.745894211218075309e+00
0.000000000000000000e+00
0.000000000000000000e+00
0.000000000000000000e+00
0.000000000000000000e+00
1.319494911049632968e+01
9.304612880937741082e+00
2.682552647681961489e+01
0.000000000000000000e+00
0.000000000000000000e+00
3.156850315473982604e+01
7.206842591232098805e+00
0.000000000000000000e+00
0.000000000000000000e+00
0.000000000000000000e+00
0.000000000000000000e+00
0.000000000000000000e+00
0.000000000000000000e+00
7.256565881513574290e+00
0.000000000000000000e+00
0.000000000000000000e+00
6.702924855017968753e+00
0.000000000000000000e+00
0.000000000000000000e+00
0.000000000000000000e+00
2.861909180474637537e+01
2.970743766410890530e+01
0.000000000000000000e+00
1.662674353598307420e+01
0.000000000000000000e+00
0.000000000000000000e+00
0.000000000000000000e+00
1.336264082923060670e+01
0.000000000000000000e+00
2.021334900666015599e+01
7.503035776456511208e+00
0.000000000000000000e+00
0.000000000000000000e+00
1.419494911049630304e+01
0.000000000000000000e+00
0.000000000000000000e+00
0.000000000000000000e+00
1.824647690131986266e+01
0.000000000000000000e+00
1.207043166989024741e+01
0.000000000000000000e+00
0.000000000000000000e+00
1.920728814876538948e+01
2.570478201796168705e+00
0.000000000000000000e+00
1.170743766410897813e+01
2.538707698307425176e+01
0.000000000000000000e+00
1.947396439320320027e+01
2.542946906745997548e+00
0.000000000000000000e+00
7.292869455254891164e+00
2.747389198165410829e+00
0.000000000000000000e+00
6.070519598100594827e+00
0.000000000000000000e+00
0.000000000000000000e+00
0.000000000000000000e+00
1.947396439320320027e+01
2.821692646479429190e+00
0.000000000000000000e+00
2.180865796657264966e+01
0.000000000000000000e+00
5.262046143156689837e+00
0.000000000000000000e+00
0.000000000000000000e+00
0.000000000000000000e+00
2.121241536210824208e+01
3.070431669890275383e+00
0.000000000000000000e+00
2.499908908337945590e+01
0.000000000000000000e+00
0.000000000000000000e+00
3.265006179906002171e+00
1.570249098097339235e+01
0.000000000000000000e+00
2.006048130559344056e+00
9.450846155028671536e-01
1.607051959810061703e+01
0.000000000000000000e+00
0.000000000000000000e+00
0.000000000000000000e+00
0.000000000000000000e+00
0.000000000000000000e+00
0.000000000000000000e+00
5.195022472572162542e+00
1.382085708235483068e+01
1.845584937239011225e+01
0.000000000000000000e+00
1.644452369803185121e+01
0.000000000000000000e+00
2.152782936000737735e+01
0.000000000000000000e+00
0.000000000000000000e+00
0.000000000000000000e+00
2.324647690131991240e+01
1.871924572613065862e+01
0.000000000000000000e+00
1.685173824101608275e+01
0.000000000000000000e+00
0.000000000000000000e+00
0.000000000000000000e+00
1.052791728821773454e+01
0.000000000000000000e+00
1.253102929613388028e+01
2.098554196686592377e+01
0.000000000000000000e+00
0.000000000000000000e+00
0.000000000000000000e+00
0.000000000000000000e+00
0.000000000000000000e+00
0.000000000000000000e+00
0.000000000000000000e+00
1.270743766410899767e+01
0.000000000000000000e+00
9.070431669890268722e+00
0.000000000000000000e+00
2.282701746334027959e+01
0.000000000000000000e+00
0.000000000000000000e+00
0.000000000000000000e+00
1.762590797185843527e+01
-6.693682147980590802e-01
0.000000000000000000e+00
0.000000000000000000e+00
2.046879629311644688e+00
0.000000000000000000e+00
2.107043166989027938e+01
3.749453264977825828e+00
0.000000000000000000e+00
7.246476901319854669e+00
2.021241536210823142e+01
1.915978280510702403e+00
1.256084293452461642e+00
0.000000000000000000e+00
0.000000000000000000e+00
0.000000000000000000e+00
0.000000000000000000e+00
0.000000000000000000e+00
0.000000000000000000e+00
1.025346118892099412e+01
2.633996345606762990e+00
9.820857082354846668e+00
2.399252745424540478e+01
0.000000000000000000e+00
0.000000000000000000e+00
1.938707698307415939e+01
1.525003997399179134e+01
0.000000000000000000e+00
2.838707698307423399e+01
0.000000000000000000e+00
1.225587041820294765e+01
1.847400146654052833e+01
1.662590797185848146e+01
1.307051959810054420e+01
0.000000000000000000e+00
1.182533837903405427e+01
0.000000000000000000e+00
8.253461188921040304e+00
0.000000000000000000e+00
0.000000000000000000e+00
7.821165067300816176e+00
0.000000000000000000e+00
0.000000000000000000e+00
0.000000000000000000e+00
0.000000000000000000e+00
1.496043346657370776e+01
0.000000000000000000e+00
0.000000000000000000e+00
0.000000000000000000e+00
0.000000000000000000e+00
1.970285466924116591e+01
0.000000000000000000e+00
0.000000000000000000e+00
0.000000000000000000e+00
6.505433516454079523e+00
0.000000000000000000e+00
2.138707698307418781e+01
0.000000000000000000e+00
0.000000000000000000e+00
3.744874289022235292e+00
0.000000000000000000e+00
0.000000000000000000e+00
2.047396439320319317e+01
0.000000000000000000e+00
9.253581255520408888e+00
0.000000000000000000e+00
0.000000000000000000e+00
0.000000000000000000e+00
0.000000000000000000e+00
1.062590797185844771e+01
0.000000000000000000e+00
0.000000000000000000e+00
1.270285466924120854e+01
0.000000000000000000e+00
0.000000000000000000e+00
0.000000000000000000e+00
0.000000000000000000e+00
1.062590797185844771e+01
0.000000000000000000e+00
2.281103235487716763e+00
5.244276103045795168e+00
0.000000000000000000e+00
0.000000000000000000e+00
0.000000000000000000e+00
1.625003997399181443e+01
3.082533837903404361e+01
0.000000000000000000e+00
0.000000000000000000e+00
0.000000000000000000e+00
0.000000000000000000e+00
2.281010304319904236e+01
2.838707698307423399e+01
0.000000000000000000e+00
2.281376315227504747e+01
0.000000000000000000e+00
6.255962786781910090e+00
0.000000000000000000e+00
0.000000000000000000e+00
0.000000000000000000e+00
1.652782936000742353e+01
0.000000000000000000e+00
0.000000000000000000e+00
0.000000000000000000e+00
1.223441528346219087e+01
0.000000000000000000e+00
1.778547138259027349e+01
0.000000000000000000e+00
0.000000000000000000e+00
3.995725045437695577e+00
0.000000000000000000e+00
0.000000000000000000e+00
1.070743766410898345e+01
1.452791728821771322e+01
0.000000000000000000e+00
2.480865796657263900e+01
0.000000000000000000e+00
0.000000000000000000e+00
0.000000000000000000e+00
0.000000000000000000e+00
1.770387459143704589e+01
0.000000000000000000e+00
0.000000000000000000e+00
0.000000000000000000e+00
8.070431669890275828e+00
0.000000000000000000e+00
3.012947692052718729e+00
0.000000000000000000e+00
1.268458512290714824e+00
0.000000000000000000e+00
5.255873215101117601e+00
0.000000000000000000e+00
7.995882391588567728e+00
0.000000000000000000e+00
1.820741398508401687e+01
2.196196684028566537e+01
8.070431669890275828e+00
0.000000000000000000e+00
0.000000000000000000e+00
0.000000000000000000e+00
1.947396439320320027e+01
0.000000000000000000e+00
0.000000000000000000e+00
0.000000000000000000e+00
0.000000000000000000e+00
1.162674353598305110e+01
0.000000000000000000e+00
0.000000000000000000e+00
6.252168912116362165e+00
0.000000000000000000e+00
0.000000000000000000e+00
0.000000000000000000e+00
1.788806257404536737e+01
0.000000000000000000e+00
1.384984132854683203e+01
0.000000000000000000e+00
0.000000000000000000e+00
0.000000000000000000e+00
2.417845550888399231e+01
1.024647690131982536e+01
0.000000000000000000e+00
2.273787335672925902e+00
8.201670103586259586e+00
2.070431669890273607e+00
2.024388830816575169e+00
1.026601059393405929e-01
2.525263540962623310e+01
0.000000000000000000e+00
3.280195320328805764e+01
3.082533837903404361e+01
0.000000000000000000e+00
0.000000000000000000e+00
0.000000000000000000e+00
1.215006269383118820e+01
0.000000000000000000e+00
0.000000000000000000e+00
0.000000000000000000e+00
1.250312674296296400e+01
0.000000000000000000e+00
3.196605187459338993e+01
1.556964263767158485e+01
0.000000000000000000e+00
1.474889165881082320e+01
0.000000000000000000e+00
0.000000000000000000e+00
8.995518703320765752e+00
8.995518703320765752e+00
0.000000000000000000e+00
0.000000000000000000e+00
0.000000000000000000e+00
1.689199889779137820e+01
4.871868921656021811e+00
2.530558856434370174e+00
1.825003997399179667e+01
0.000000000000000000e+00
0.000000000000000000e+00
3.996088733705489116e+00
6.457508652964434326e+00
0.000000000000000000e+00
1.880865796657264966e+01
1.245698857261949222e+01
0.000000000000000000e+00
2.051568629645914044e+01
0.000000000000000000e+00
0.000000000000000000e+00
0.000000000000000000e+00
4.070739654836272869e+00
0.000000000000000000e+00
2.680865796657265676e+01
2.380865796657263544e+01
2.262310859817422681e+01
9.194949110496377642e+00
4.820857082354837786e+00
6.254608545373441686e+00
1.322671811826692156e+01
0.000000000000000000e+00
4.392072198285553952e+00
7.070431669890283821e+00
0.000000000000000000e+00
1.780865796657264966e+01
0.000000000000000000e+00
0.000000000000000000e+00
0.000000000000000000e+00
7.069513981599269137e+00
0.000000000000000000e+00
0.000000000000000000e+00
0.000000000000000000e+00
9.161540314438150201e-01
0.000000000000000000e+00
7.206842591232098805e+00
0.000000000000000000e+00
0.000000000000000000e+00
1.675026714537206729e+01
4.786667472846643179e+00
1.764070666762632555e+01
0.000000000000000000e+00
2.144452369803184766e+01
6.070431669890294479e+00
0.000000000000000000e+00
0.000000000000000000e+00
2.062590797185844593e+01
0.000000000000000000e+00
0.000000000000000000e+00
0.000000000000000000e+00
0.000000000000000000e+00
0.000000000000000000e+00
7.112485008359936245e+00
1.452782936000741643e+01
0.000000000000000000e+00
1.847400146654052833e+01
1.342738199088437945e+00
0.000000000000000000e+00
0.000000000000000000e+00
0.000000000000000000e+00
2.682533837903404361e+01
0.000000000000000000e+00
0.000000000000000000e+00
2.562590797185842106e+01
0.000000000000000000e+00
1.030985896955003867e+00
0.000000000000000000e+00
0.000000000000000000e+00
0.000000000000000000e+00
0.000000000000000000e+00
0.000000000000000000e+00
1.347886915783802664e+01
0.000000000000000000e+00
1.852782936000740932e+01
0.000000000000000000e+00
6.041813277664124904e+00
0.000000000000000000e+00
0.000000000000000000e+00
1.820857082354849998e+00
0.000000000000000000e+00
7.820857082354835121e+00
0.000000000000000000e+00
0.000000000000000000e+00
0.000000000000000000e+00
0.000000000000000000e+00
0.000000000000000000e+00
3.402020969613354762e+00
0.000000000000000000e+00
2.580865796657263544e+01
0.000000000000000000e+00
0.000000000000000000e+00
0.000000000000000000e+00
0.000000000000000000e+00
0.000000000000000000e+00
0.000000000000000000e+00
0.000000000000000000e+00
0.000000000000000000e+00
0.000000000000000000e+00
8.070431669890275828e+00
1.399551870332071601e+01
5.113132744751634817e+00
0.000000000000000000e+00
7.037467035356240075e+00
2.100535143683027428e+01
0.000000000000000000e+00
0.000000000000000000e+00
7.985659028117790825e+00
2.180865796657264966e+01
5.070431669890299808e+00
2.438707698307425176e+01
0.000000000000000000e+00
0.000000000000000000e+00
0.000000000000000000e+00
0.000000000000000000e+00
1.283075686707990926e+01
7.677718599673482913e+00
1.156964263767159551e+01
1.519573494964683213e+01
1.847400146654052833e+01
0.000000000000000000e+00
0.000000000000000000e+00
0.000000000000000000e+00
0.000000000000000000e+00
0.000000000000000000e+00
0.000000000000000000e+00
1.529286945525484320e+01
6.293027722347416031e+00
1.863540857322217548e+01
0.000000000000000000e+00
0.000000000000000000e+00
8.223258209037199506e+00
0.000000000000000000e+00
0.000000000000000000e+00
0.000000000000000000e+00
1.062910790798490801e+01
2.481194484262265476e+01
1.453977654871062342e+01
0.000000000000000000e+00
0.000000000000000000e+00
0.000000000000000000e+00
0.000000000000000000e+00
0.000000000000000000e+00
0.000000000000000000e+00
0.000000000000000000e+00
0.000000000000000000e+00
0.000000000000000000e+00
0.000000000000000000e+00
0.000000000000000000e+00
3.082533837903404361e+01
1.947396439320320027e+01
0.000000000000000000e+00
8.618456801336028761e+00
0.000000000000000000e+00
2.682533837903404361e+01
2.682533837903404361e+01
0.000000000000000000e+00
0.000000000000000000e+00
0.000000000000000000e+00
5.529877624193280994e+00
0.000000000000000000e+00
1.847400146654052833e+01
1.242650095439500824e+01
0.000000000000000000e+00
0.000000000000000000e+00
0.000000000000000000e+00
0.000000000000000000e+00
0.000000000000000000e+00
0.000000000000000000e+00
1.162674353598305110e+01
2.280865796657263544e+01
0.000000000000000000e+00
3.280176884521680591e+01
0.000000000000000000e+00
0.000000000000000000e+00
0.000000000000000000e+00
3.528137344953434340e+00
0.000000000000000000e+00
0.000000000000000000e+00
1.370743766410902076e+01
0.000000000000000000e+00
1.317196573257906289e+00
0.000000000000000000e+00
0.000000000000000000e+00
0.000000000000000000e+00
2.070285466924117657e+01
0.000000000000000000e+00
2.820857082354836898e+00
0.000000000000000000e+00
0.000000000000000000e+00
0.000000000000000000e+00
0.000000000000000000e+00
0.000000000000000000e+00
-5.916377796391603106e-01
0.000000000000000000e+00
0.000000000000000000e+00
0.000000000000000000e+00
0.000000000000000000e+00
2.270743766410893372e+01
2.162590797185844593e+01
0.000000000000000000e+00
0.000000000000000000e+00
7.625907971858450374e+00
2.711888690340415131e+00
0.000000000000000000e+00
0.000000000000000000e+00
2.013911237699664980e+01
2.580865796657263544e+01
0.000000000000000000e+00
0.000000000000000000e+00
2.038338187385286560e+01
0.000000000000000000e+00
3.395711873848903650e+01
0.000000000000000000e+00
0.000000000000000000e+00
0.000000000000000000e+00
2.398554196686592377e+01
0.000000000000000000e+00
0.000000000000000000e+00
0.000000000000000000e+00
0.000000000000000000e+00
2.980865796657277400e+01
0.000000000000000000e+00
7.996902313784407745e+00
1.945578474574473660e+01
2.398554196686592377e+01
0.000000000000000000e+00
0.000000000000000000e+00
5.820857082354837786e+00
0.000000000000000000e+00
0.000000000000000000e+00
2.147396439320317896e+01
0.000000000000000000e+00
0.000000000000000000e+00
0.000000000000000000e+00
0.000000000000000000e+00
0.000000000000000000e+00
1.870249098097338702e+01
0.000000000000000000e+00
2.482533837903405782e+01
0.000000000000000000e+00
0.000000000000000000e+00
0.000000000000000000e+00
0.000000000000000000e+00
0.000000000000000000e+00
0.000000000000000000e+00
0.000000000000000000e+00
2.545009611588731957e+00
0.000000000000000000e+00
1.524545697912401288e+01
0.000000000000000000e+00
0.000000000000000000e+00
0.000000000000000000e+00
8.253581255520403559e+00
0.000000000000000000e+00
0.000000000000000000e+00
0.000000000000000000e+00
0.000000000000000000e+00
0.000000000000000000e+00
0.000000000000000000e+00
0.000000000000000000e+00
0.000000000000000000e+00
1.745665674829678338e+01
8.206210158209273686e+00
0.000000000000000000e+00
7.435414494091260984e+00
0.000000000000000000e+00
2.086127056367659804e+01
3.193271954819662639e+01
0.000000000000000000e+00
0.000000000000000000e+00
7.000465386456357741e+00
0.000000000000000000e+00
0.000000000000000000e+00
0.000000000000000000e+00
-3.080542226865168765e+00
1.319494911049632968e+01
0.000000000000000000e+00
5.995882391588578386e+00
0.000000000000000000e+00
0.000000000000000000e+00
0.000000000000000000e+00
0.000000000000000000e+00
3.138707698307420912e+01
0.000000000000000000e+00
0.000000000000000000e+00
0.000000000000000000e+00
0.000000000000000000e+00
2.170285466924115880e+01
6.457508652964434326e+00
0.000000000000000000e+00
0.000000000000000000e+00
5.207934065429009607e+00
1.589505907182362598e+01
0.000000000000000000e+00
1.101227344847798228e+01
3.069326559832561863e+00
1.380056959282437390e+01
7.745687869101134382e+00
0.000000000000000000e+00
2.147396439320317896e+01
1.220793406542900783e+01
2.738707698307421623e+01
1.799588239158854108e+01
9.070431669890268722e+00
2.024545697912409281e+01
1.642636020893113979e+01
0.000000000000000000e+00
0.000000000000000000e+00
9.655757854221286962e+00
0.000000000000000000e+00
0.000000000000000000e+00
1.599551870332074088e+01
0.000000000000000000e+00
0.000000000000000000e+00
0.000000000000000000e+00
1.300011964157038591e+01
2.525003997399183930e+01
2.538707698307425176e+01
3.854296599815067736e+01
1.825263540962617625e+01
1.311959711420800545e+01
0.000000000000000000e+00
1.562590797185846370e+01
0.000000000000000000e+00
2.680865796657265676e+01
0.000000000000000000e+00
9.956199540400810122e+00
1.529302772234742847e+01
0.000000000000000000e+00
0.000000000000000000e+00
2.598554196686592022e+01
1.020741398508404707e+01
0.000000000000000000e+00
0.000000000000000000e+00
0.000000000000000000e+00
0.000000000000000000e+00
0.000000000000000000e+00
3.165189906801643360e+00
0.000000000000000000e+00
0.000000000000000000e+00
0.000000000000000000e+00
2.638707698307425531e+01
1.580865796657267808e+01
0.000000000000000000e+00
8.293248470737490052e+00
5.995882391588578386e+00
0.000000000000000000e+00
2.680865796657265676e+01
0.000000000000000000e+00
0.000000000000000000e+00
0.000000000000000000e+00
3.070431669890275383e+00
2.729215871435342677e+01
0.000000000000000000e+00
0.000000000000000000e+00
0.000000000000000000e+00
0.000000000000000000e+00
2.882533837903402230e+01
1.874466794690517801e+01
0.000000000000000000e+00
1.307126723401483837e+01
1.525003997399179134e+01
0.000000000000000000e+00
2.047396439320319317e+01
0.000000000000000000e+00
0.000000000000000000e+00
0.000000000000000000e+00
1.521241536210818524e+01
2.757223779808499842e+01
6.245093290856221557e+00
0.000000000000000000e+00
1.350439231201618995e+01
1.469745288981756914e+01
0.000000000000000000e+00
0.000000000000000000e+00
0.000000000000000000e+00
0.000000000000000000e+00
5.602337430353634851e+00
0.000000000000000000e+00
0.000000000000000000e+00
2.498554196686592377e+01
0.000000000000000000e+00
0.000000000000000000e+00
0.000000000000000000e+00
0.000000000000000000e+00
0.000000000000000000e+00
1.280413420739620500e+00
0.000000000000000000e+00
0.000000000000000000e+00
0.000000000000000000e+00
1.014738869281827244e-01
3.856657266984428123e+00
0.000000000000000000e+00
0.000000000000000000e+00
4.380230384523431830e+00
0.000000000000000000e+00
2.382533837903404361e+01
8.070431669890275828e+00
2.498554196686592377e+01
0.000000000000000000e+00
0.000000000000000000e+00
1.074568786910110241e+01
0.000000000000000000e+00
2.162590797185844593e+01
0.000000000000000000e+00
1.847400146654052833e+01
0.000000000000000000e+00
0.000000000000000000e+00
0.000000000000000000e+00
0.000000000000000000e+00
0.000000000000000000e+00
0.000000000000000000e+00
0.000000000000000000e+00
0.000000000000000000e+00
2.144452369803184766e+01
2.745609895035589432e+01
2.382533837903404361e+01
3.820945010565148348e+00
2.001702394901361703e+00
0.000000000000000000e+00
0.000000000000000000e+00
2.795623215336628320e+01
1.763540857322218258e+01
0.000000000000000000e+00
0.000000000000000000e+00
0.000000000000000000e+00
5.206877660428270715e+00
0.000000000000000000e+00
0.000000000000000000e+00
4.070431669890291815e+00
0.000000000000000000e+00
0.000000000000000000e+00
0.000000000000000000e+00
0.000000000000000000e+00
9.474523317082120144e+00
0.000000000000000000e+00
0.000000000000000000e+00
2.044452369803184766e+01
-8.681904709356851046e-02
2.147396439320317896e+01
0.000000000000000000e+00
7.861900173777427447e+00
0.000000000000000000e+00
2.088123355305453543e+01
0.000000000000000000e+00
1.544452369803184055e+01
0.000000000000000000e+00
2.262621595680441544e+01
0.000000000000000000e+00
1.670285466924118367e+01
0.000000000000000000e+00
0.000000000000000000e+00
0.000000000000000000e+00
0.000000000000000000e+00
0.000000000000000000e+00
0.000000000000000000e+00
0.000000000000000000e+00
0.000000000000000000e+00
0.000000000000000000e+00
0.000000000000000000e+00
1.785006261851200193e+01
9.003089471212406991e+00
0.000000000000000000e+00
2.580865796657263544e+01
2.098554196686592377e+01
1.623894678376175804e+01
2.147396439320317896e+01
0.000000000000000000e+00
2.021073328680925041e+00
0.000000000000000000e+00
1.326310564550245985e+01
0.000000000000000000e+00
1.571924572613067816e+01
2.235619078005943283e+00
0.000000000000000000e+00
0.000000000000000000e+00
0.000000000000000000e+00
2.698554196686590601e+01
0.000000000000000000e+00
7.761146932005079435e+00
0.000000000000000000e+00
1.322528949270994403e+01
0.000000000000000000e+00
0.000000000000000000e+00
0.000000000000000000e+00
2.480865796657263900e+01
0.000000000000000000e+00
1.621241536210821010e+01
0.000000000000000000e+00
0.000000000000000000e+00
0.000000000000000000e+00
0.000000000000000000e+00
0.000000000000000000e+00
0.000000000000000000e+00
0.000000000000000000e+00
3.820857082354848000e+00
2.997585100804517566e+00
9.070431669890268722e+00
0.000000000000000000e+00
0.000000000000000000e+00
0.000000000000000000e+00
0.000000000000000000e+00
0.000000000000000000e+00
0.000000000000000000e+00
0.000000000000000000e+00
0.000000000000000000e+00
0.000000000000000000e+00
2.244452369803182279e+01
3.015486152617153692e+00
0.000000000000000000e+00
0.000000000000000000e+00
0.000000000000000000e+00
0.000000000000000000e+00
7.393875892973497344e+00
3.482533837903417862e+01
0.000000000000000000e+00
0.000000000000000000e+00
1.370743766410902076e+01
1.938707698307415939e+01
0.000000000000000000e+00
1.200046538645626804e+01
1.245698857261949222e+01
0.000000000000000000e+00
0.000000000000000000e+00
0.000000000000000000e+00
0.000000000000000000e+00
0.000000000000000000e+00
0.000000000000000000e+00
0.000000000000000000e+00
0.000000000000000000e+00
0.000000000000000000e+00
0.000000000000000000e+00
0.000000000000000000e+00
0.000000000000000000e+00
0.000000000000000000e+00
2.470249098097335150e+01
0.000000000000000000e+00
1.370285466924123163e+01
0.000000000000000000e+00
0.000000000000000000e+00
0.000000000000000000e+00
2.570743766410890530e+01
0.000000000000000000e+00
0.000000000000000000e+00
0.000000000000000000e+00
1.025553559922902380e+01
0.000000000000000000e+00
0.000000000000000000e+00
0.000000000000000000e+00
0.000000000000000000e+00
6.194949110496384748e+00
0.000000000000000000e+00
0.000000000000000000e+00
0.000000000000000000e+00
0.000000000000000000e+00
6.824057018481293646e+00
0.000000000000000000e+00
1.374568786910108109e+01
3.086623731039720653e+01
2.070285466924117657e+01
7.070431669890283821e+00
0.000000000000000000e+00
1.713245051266474661e+01
-8.510363108644404539e-02
0.000000000000000000e+00
9.996902313784362448e+00
0.000000000000000000e+00
0.000000000000000000e+00
6.563629544637078261e+00
1.327235121988762589e+00
0.000000000000000000e+00
1.069824379192646280e+00
0.000000000000000000e+00
1.214463365935905337e+01
0.000000000000000000e+00
0.000000000000000000e+00
2.470714292770163212e+01
0.000000000000000000e+00
0.000000000000000000e+00
5.238450567055286555e+00
1.550315584305586469e+01
0.000000000000000000e+00
1.599551870332074088e+01
2.838707698307423399e+01
3.182533837903404006e+01
0.000000000000000000e+00
0.000000000000000000e+00
0.000000000000000000e+00
0.000000000000000000e+00
0.000000000000000000e+00
0.000000000000000000e+00
0.000000000000000000e+00
2.680056959282440232e+01
0.000000000000000000e+00
0.000000000000000000e+00
2.680093328109219897e+01
8.873088273783043434e+00
0.000000000000000000e+00
0.000000000000000000e+00
0.000000000000000000e+00
4.119649274122076932e+00
0.000000000000000000e+00
0.000000000000000000e+00
0.000000000000000000e+00
0.000000000000000000e+00
7.205818053887809604e+00
2.162621595680443320e+01
1.652791728821772566e+01
0.000000000000000000e+00
0.000000000000000000e+00
0.000000000000000000e+00
0.000000000000000000e+00
0.000000000000000000e+00
0.000000000000000000e+00
0.000000000000000000e+00
0.000000000000000000e+00
4.245663321240930266e+00
0.000000000000000000e+00
1.838707698307417715e+01
1.662590797185848146e+01
0.000000000000000000e+00
0.000000000000000000e+00
0.000000000000000000e+00
0.000000000000000000e+00
0.000000000000000000e+00
0.000000000000000000e+00
1.938707698307415939e+01
0.000000000000000000e+00
0.000000000000000000e+00
0.000000000000000000e+00
0.000000000000000000e+00
1.800046538645632310e+01
3.994774620972111112e+00
