0.000000000000000000e+00
0.000000000000000000e+00
0.000000000000000000e+00
5.237546548960234638e+00
0.000000000000000000e+00
0.000000000000000000e+00
0.000000000000000000e+00
0.000000000000000000e+00
0.000000000000000000e+00
7.995882391588567728e+00
0.000000000000000000e+00
0.000000000000000000e+00
0.000000000000000000e+00
0.000000000000000000e+00
0.000000000000000000e+00
0.000000000000000000e+00
0.000000000000000000e+00
0.000000000000000000e+00
0.000000000000000000e+00
0.000000000000000000e+00
1.956719620745737798e+00
0.000000000000000000e+00
0.000000000000000000e+00
0.000000000000000000e+00
0.000000000000000000e+00
0.000000000000000000e+00
1.520787390313065757e+01
0.000000000000000000e+00
0.000000000000000000e+00
0.000000000000000000e+00
0.000000000000000000e+00
0.000000000000000000e+00
1.665095543575648307e+01
3.292329828067097619e+00
0.000000000000000000e+00
1.020647478485463111e+01
0.000000000000000000e+00
0.000000000000000000e+00
1.638824633479262616e+01
2.480865796657263900e+01
0.000000000000000000e+00
0.000000000000000000e+00
0.000000000000000000e+00
2.594113055437522064e+01
2.980056959282454443e+01
0.000000000000000000e+00
0.000000000000000000e+00
0.000000000000000000e+00
3.745894211218075309e+00
0.000000000000000000e+00
0.000000000000000000e+00
2.498554196686592377e+01
0.000000000000000000e+00
1.319494911049632968e+01
1.671933365434097496e+01
2.682552647681961489e+01
0.000000000000000000e+00
0.000000000000000000e+00
3.156862583514337217e+01
7.206674784854659954e+00
0.000000000000000000e+00
0.000000000000000000e+00
0.000000000000000000e+00
0.000000000000000000e+00
0.000000000000000000e+00
0.000000000000000000e+00
7.257416909062933463e+00
0.000000000000000000e+00
0.000000000000000000e+00
1.251107050523185116e+01
0.000000000000000000e+00
0.000000000000000000e+00
0.000000000000000000e+00
2.861726738564254902e+01
2.970743766410890530e+01
0.000000000000000000e+00
1.662674353598307420e+01
0.000000000000000000e+00
0.000000000000000000e+00
0.000000000000000000e+00
1.336268783269806626e+01
0.000000000000000000e+00
2.021007363264275014e+01
7.501903185029320298e+00
0.000000000000000000e+00
0.000000000000000000e+00
1.419494911049630304e+01
0.000000000000000000e+00
0.000000000000000000e+00
0.000000000000000000e+00
1.824647690131986266e+01
0.000000000000000000e+00
1.207043166989024741e+01
0.000000000000000000e+00
0.000000000000000000e+00
1.920747437016604664e+01
2.570478201796168705e+00
0.000000000000000000e+00
1.170743766410897813e+01
2.480865796657263900e+01
0.000000000000000000e+00
2.281725846445855410e+01
1.228144331004753198e+01
0.000000000000000000e+00
7.292877363149517400e+00
2.747389198165410829e+00
0.000000000000000000e+00
6.070519598100594827e+00
1.982552647681960778e+01
0.000000000000000000e+00
0.000000000000000000e+00
1.947396439320320027e+01
2.821692646479429190e+00
0.000000000000000000e+00
2.180865796657264966e+01
0.000000000000000000e+00
5.261929221129637568e+00
0.000000000000000000e+00
0.000000000000000000e+00
0.000000000000000000e+00
2.121241536210824208e+01
3.908479467882531200e+00
0.000000000000000000e+00
2.499924537830766269e+01
0.000000000000000000e+00
0.000000000000000000e+00
3.265443433968785225e+00
1.570249098097339235e+01
0.000000000000000000e+00
2.298144472307395603e+00
-2.058000665613581026e-01
1.607051959810061703e+01
0.000000000000000000e+00
0.000000000000000000e+00
0.000000000000000000e+00
0.000000000000000000e+00
0.000000000000000000e+00
0.000000000000000000e+00
5.195020766384666366e+00
1.382085708235483068e+01
1.845584937239011225e+01
0.000000000000000000e+00
1.644452369803185121e+01
0.000000000000000000e+00
2.152782936000737735e+01
0.000000000000000000e+00
0.000000000000000000e+00
0.000000000000000000e+00
2.324647690131991240e+01
1.871933365434095720e+01
0.000000000000000000e+00
1.685098130875492473e+01
0.000000000000000000e+00
0.000000000000000000e+00
0.000000000000000000e+00
1.052791728821773454e+01
0.000000000000000000e+00
1.136000018743582629e+01
2.098554196686592377e+01
0.000000000000000000e+00
0.000000000000000000e+00
0.000000000000000000e+00
0.000000000000000000e+00
0.000000000000000000e+00
0.000000000000000000e+00
0.000000000000000000e+00
1.270743766410899767e+01
0.000000000000000000e+00
9.070431669890268722e+00
0.000000000000000000e+00
2.282701746334027959e+01
0.000000000000000000e+00
0.000000000000000000e+00
0.000000000000000000e+00
1.762590797185843527e+01
-8.197382205413700218e-02
0.000000000000000000e+00
2.180865796657264966e+01
2.046187203090645390e+00
1.207934065429001835e+00
2.107043166989027938e+01
3.749453264977825828e+00
0.000000000000000000e+00
7.246476901319854669e+00
1.861207904595584139e+01
1.916236490973998396e+00
1.255165606694544023e+00
0.000000000000000000e+00
0.000000000000000000e+00
0.000000000000000000e+00
0.000000000000000000e+00
0.000000000000000000e+00
0.000000000000000000e+00
1.025209037524606792e+01
4.195734949646863221e+00
9.820857082354846668e+00
2.399244894238487902e+01
0.000000000000000000e+00
0.000000000000000000e+00
1.938707698307415939e+01
1.525003997399179134e+01
0.000000000000000000e+00
2.838707698307423399e+01
0.000000000000000000e+00
1.225595641337663899e+01
1.825557033463697465e+01
1.662590797185848146e+01
1.307051959810054420e+01
2.198554196686591666e+01
1.182533811432005066e+01
0.000000000000000000e+00
8.252329068211613716e+00
0.000000000000000000e+00
0.000000000000000000e+00
7.821165067300816176e+00
0.000000000000000000e+00
0.000000000000000000e+00
0.000000000000000000e+00
0.000000000000000000e+00
1.462590797185848679e+01
0.000000000000000000e+00
0.000000000000000000e+00
0.000000000000000000e+00
0.000000000000000000e+00
1.970285466924116591e+01
0.000000000000000000e+00
0.000000000000000000e+00
0.000000000000000000e+00
6.503935269337302039e+00
0.000000000000000000e+00
2.138707698307418781e+01
0.000000000000000000e+00
0.000000000000000000e+00
3.744874289022235292e+00
2.398554196686592377e+01
0.000000000000000000e+00
2.138707698307418781e+01
0.000000000000000000e+00
9.253581255520408888e+00
0.000000000000000000e+00
0.000000000000000000e+00
0.000000000000000000e+00
0.000000000000000000e+00
1.062590797185844771e+01
0.000000000000000000e+00
0.000000000000000000e+00
1.270285466924120854e+01
0.000000000000000000e+00
0.000000000000000000e+00
0.000000000000000000e+00
0.000000000000000000e+00
1.062590797185844771e+01
0.000000000000000000e+00
0.000000000000000000e+00
5.261317775135752939e+00
0.000000000000000000e+00
0.000000000000000000e+00
0.000000000000000000e+00
1.625003997399181443e+01
3.238707698307422334e+01
6.914940947609838240e+00
0.000000000000000000e+00
0.000000000000000000e+00
0.000000000000000000e+00
2.281010304319904236e+01
2.838707698307423399e+01
0.000000000000000000e+00
2.281338233809061578e+01
0.000000000000000000e+00
6.255709477261280682e+00
0.000000000000000000e+00
0.000000000000000000e+00
0.000000000000000000e+00
1.652782936000742353e+01
0.000000000000000000e+00
0.000000000000000000e+00
0.000000000000000000e+00
1.223417786491273063e+01
0.000000000000000000e+00
1.778459801746330982e+01
1.998554196686591311e+01
0.000000000000000000e+00
3.995725045437695577e+00
0.000000000000000000e+00
0.000000000000000000e+00
1.070743766410898345e+01
1.452791728821771322e+01
0.000000000000000000e+00
2.398554196686592377e+01
0.000000000000000000e+00
3.457508652964432994e+00
0.000000000000000000e+00
0.000000000000000000e+00
1.770387459143704589e+01
0.000000000000000000e+00
0.000000000000000000e+00
0.000000000000000000e+00
8.070431669890275828e+00
0.000000000000000000e+00
3.012858731430070769e+00
0.000000000000000000e+00
1.299213264970006332e+00
0.000000000000000000e+00
5.256786242792079733e+00
0.000000000000000000e+00
7.995882391588567728e+00
0.000000000000000000e+00
1.820687478485459465e+01
2.162674353598304577e+01
8.070431669890275828e+00
0.000000000000000000e+00
0.000000000000000000e+00
0.000000000000000000e+00
2.118385667841709008e+01
0.000000000000000000e+00
0.000000000000000000e+00
0.000000000000000000e+00
0.000000000000000000e+00
1.162674353598305110e+01
0.000000000000000000e+00
0.000000000000000000e+00
6.251537392553700556e+00
0.000000000000000000e+00
0.000000000000000000e+00
0.000000000000000000e+00
1.829302772234739294e+01
0.000000000000000000e+00
1.384682490483937123e+01
0.000000000000000000e+00
0.000000000000000000e+00
0.000000000000000000e+00
2.280865796657263544e+01
1.024647690131982536e+01
0.000000000000000000e+00
3.036994190919457104e+00
1.195703509483631777e+01
2.070431550079277816e+00
2.034966860773189889e+00
1.148774915436357597e-01
2.525247809598970505e+01
0.000000000000000000e+00
3.280195320328805764e+01
3.082533837903404361e+01
0.000000000000000000e+00
0.000000000000000000e+00
0.000000000000000000e+00
1.251289006857271957e+01
0.000000000000000000e+00
0.000000000000000000e+00
0.000000000000000000e+00
1.250147293241324142e+01
0.000000000000000000e+00
3.196687760662077338e+01
1.556964263767158485e+01
0.000000000000000000e+00
1.474925094177299734e+01
0.000000000000000000e+00
0.000000000000000000e+00
8.995518703320765752e+00
8.995518703320765752e+00
0.000000000000000000e+00
0.000000000000000000e+00
0.000000000000000000e+00
1.682085708235482002e+01
6.956835094836336886e+00
2.533394145379327167e+00
1.825003997399179667e+01
0.000000000000000000e+00
0.000000000000000000e+00
3.996025515861335808e+00
6.457508652964434326e+00
0.000000000000000000e+00
1.880865796657264966e+01
1.245644937239007355e+01
0.000000000000000000e+00
2.375027505326666244e+01
0.000000000000000000e+00
0.000000000000000000e+00
0.000000000000000000e+00
4.070739078001349931e+00
0.000000000000000000e+00
2.680865796657265676e+01
2.380865796657263544e+01
2.262340348447166605e+01
9.194949110496377642e+00
4.820856052081755827e+00
6.253475143860701913e+00
1.404181327766409737e+01
0.000000000000000000e+00
1.123373758438925130e+01
7.070431669890283821e+00
0.000000000000000000e+00
1.780865796657264966e+01
0.000000000000000000e+00
0.000000000000000000e+00
0.000000000000000000e+00
7.069467403070829548e+00
0.000000000000000000e+00
0.000000000000000000e+00
0.000000000000000000e+00
9.161078374050107831e-01
0.000000000000000000e+00
7.206674784854659954e+00
0.000000000000000000e+00
0.000000000000000000e+00
1.675037505326669063e+01
4.793107174910457680e+00
1.763957302831450136e+01
0.000000000000000000e+00
2.144452369803184766e+01
6.070431669890294479e+00
0.000000000000000000e+00
0.000000000000000000e+00
2.062590797185844593e+01
0.000000000000000000e+00
0.000000000000000000e+00
0.000000000000000000e+00
0.000000000000000000e+00
0.000000000000000000e+00
7.112815021964376427e+00
1.452782936000741643e+01
0.000000000000000000e+00
2.058752990400341432e+01
1.344151762713122755e+00
0.000000000000000000e+00
0.000000000000000000e+00
0.000000000000000000e+00
2.682533837903404361e+01
0.000000000000000000e+00
0.000000000000000000e+00
2.562590797185842106e+01
0.000000000000000000e+00
1.779801374252113932e+00
0.000000000000000000e+00
0.000000000000000000e+00
0.000000000000000000e+00
0.000000000000000000e+00
0.000000000000000000e+00
1.389253358820716322e+01
0.000000000000000000e+00
1.852782936000740932e+01
0.000000000000000000e+00
6.041813277664124904e+00
0.000000000000000000e+00
0.000000000000000000e+00
0.000000000000000000e+00
0.000000000000000000e+00
7.820857082354835121e+00
0.000000000000000000e+00
0.000000000000000000e+00
0.000000000000000000e+00
0.000000000000000000e+00
0.000000000000000000e+00
6.444523698031790815e+00
0.000000000000000000e+00
2.580865796657263544e+01
0.000000000000000000e+00
0.000000000000000000e+00
0.000000000000000000e+00
0.000000000000000000e+00
0.000000000000000000e+00
0.000000000000000000e+00
0.000000000000000000e+00
1.566097089138614251e+01
0.000000000000000000e+00
7.028456337801676668e+00
1.399551870332071601e+01
5.113381860926078382e+00
0.000000000000000000e+00
7.035434177081023144e+00
2.100620246437965832e+01
0.000000000000000000e+00
0.000000000000000000e+00
7.984046472361839619e+00
2.180865796657264966e+01
5.070430701202163881e+00
2.438707698307425176e+01
0.000000000000000000e+00
0.000000000000000000e+00
0.000000000000000000e+00
0.000000000000000000e+00
1.282945901905323183e+01
7.678213518294187523e+00
1.156964263767159551e+01
1.519573494964683213e+01
2.596641476830813744e+01
0.000000000000000000e+00
0.000000000000000000e+00
0.000000000000000000e+00
0.000000000000000000e+00
0.000000000000000000e+00
0.000000000000000000e+00
1.529277736314946878e+01
6.293027722347416031e+00
1.945744849066620930e+01
0.000000000000000000e+00
0.000000000000000000e+00
8.222509110728383419e+00
0.000000000000000000e+00
0.000000000000000000e+00
0.000000000000000000e+00
1.062914251251314646e+01
2.481181341177669708e+01
1.453926464649619632e+01
0.000000000000000000e+00
0.000000000000000000e+00
0.000000000000000000e+00
0.000000000000000000e+00
0.000000000000000000e+00
0.000000000000000000e+00
0.000000000000000000e+00
0.000000000000000000e+00
0.000000000000000000e+00
1.221241536210826517e+01
0.000000000000000000e+00
3.082533837903404361e+01
1.947396439320320027e+01
0.000000000000000000e+00
8.615926169851562122e+00
0.000000000000000000e+00
2.980093328109234108e+01
2.682533837903404361e+01
0.000000000000000000e+00
0.000000000000000000e+00
0.000000000000000000e+00
1.091815554343793693e+01
0.000000000000000000e+00
2.337702743819411566e+01
1.242704420202878879e+01
0.000000000000000000e+00
0.000000000000000000e+00
0.000000000000000000e+00
0.000000000000000000e+00
0.000000000000000000e+00
0.000000000000000000e+00
1.162674353598305110e+01
2.280865796657263544e+01
0.000000000000000000e+00
3.280195680715093687e+01
0.000000000000000000e+00
0.000000000000000000e+00
0.000000000000000000e+00
3.528136101639060662e+00
0.000000000000000000e+00
0.000000000000000000e+00
1.370743766410902076e+01
0.000000000000000000e+00
1.316271247181306947e+00
1.521241536210818524e+01
0.000000000000000000e+00
0.000000000000000000e+00
2.070285466924117657e+01
0.000000000000000000e+00
2.820856052081755383e+00
0.000000000000000000e+00
0.000000000000000000e+00
0.000000000000000000e+00
0.000000000000000000e+00
0.000000000000000000e+00
8.393574179862999252e-01
0.000000000000000000e+00
0.000000000000000000e+00
0.000000000000000000e+00
0.000000000000000000e+00
2.270743766410893372e+01
2.162590797185844593e+01
0.000000000000000000e+00
0.000000000000000000e+00
7.625907258084444251e+00
3.654950055501610784e+00
0.000000000000000000e+00
0.000000000000000000e+00
2.013878399609570735e+01
2.580865796657263544e+01
0.000000000000000000e+00
0.000000000000000000e+00
2.035047147158904934e+01
0.000000000000000000e+00
3.395746981356666794e+01
0.000000000000000000e+00
0.000000000000000000e+00
0.000000000000000000e+00
2.398554196686592377e+01
0.000000000000000000e+00
0.000000000000000000e+00
0.000000000000000000e+00
0.000000000000000000e+00
2.980865796657277400e+01
0.000000000000000000e+00
7.996902313784407745e+00
1.945644937239011796e+01
2.398554196686592377e+01
0.000000000000000000e+00
0.000000000000000000e+00
5.820857082354837786e+00
0.000000000000000000e+00
0.000000000000000000e+00
2.238707698307420557e+01
6.794199933438640038e+00
0.000000000000000000e+00
0.000000000000000000e+00
0.000000000000000000e+00
0.000000000000000000e+00
1.870249098097338702e+01
0.000000000000000000e+00
2.482533837903405782e+01
0.000000000000000000e+00
0.000000000000000000e+00
0.000000000000000000e+00
0.000000000000000000e+00
0.000000000000000000e+00
0.000000000000000000e+00
0.000000000000000000e+00
2.551624890417583114e+00
0.000000000000000000e+00
1.524545697912401288e+01
2.207934065429004722e+00
2.030174483023725607e+00
0.000000000000000000e+00
8.253581255520403559e+00
0.000000000000000000e+00
0.000000000000000000e+00
0.000000000000000000e+00
0.000000000000000000e+00
0.000000000000000000e+00
0.000000000000000000e+00
0.000000000000000000e+00
0.000000000000000000e+00
1.745664937239011039e+01
8.206874784854651494e+00
0.000000000000000000e+00
8.443602834657740530e+00
0.000000000000000000e+00
2.086170057728103089e+01
3.193275921180795862e+01
2.061112686178062869e+00
0.000000000000000000e+00
7.000465386456357741e+00
0.000000000000000000e+00
0.000000000000000000e+00
0.000000000000000000e+00
0.000000000000000000e+00
1.319494911049632968e+01
0.000000000000000000e+00
5.995882391588578386e+00
0.000000000000000000e+00
0.000000000000000000e+00
0.000000000000000000e+00
0.000000000000000000e+00
3.138707698307420912e+01
0.000000000000000000e+00
2.457508652964441431e+00
0.000000000000000000e+00
0.000000000000000000e+00
2.170285466924115880e+01
6.458899877608947016e+00
4.794199933438630268e+00
0.000000000000000000e+00
5.207934065429009607e+00
1.589556561547413516e+01
0.000000000000000000e+00
1.101236137668828086e+01
6.565469260840398391e+00
1.383250998995620762e+01
7.745687869101134382e+00
0.000000000000000000e+00
2.177949545504073825e+01
1.220793406542900783e+01
3.132702162269973201e+01
1.799588239158854108e+01
9.070431669890268722e+00
2.024545697912409281e+01
1.639312820666555481e+01
0.000000000000000000e+00
7.457508652964430773e+00
9.668436241219746208e+00
0.000000000000000000e+00
0.000000000000000000e+00
1.599551870332074088e+01
0.000000000000000000e+00
0.000000000000000000e+00
0.000000000000000000e+00
1.300046538645628047e+01
2.525003997399183930e+01
2.538707698307425176e+01
3.854296599815067736e+01
1.825247809598964821e+01
1.311941521382782305e+01
0.000000000000000000e+00
1.562590797185846370e+01
0.000000000000000000e+00
2.680865796657265676e+01
0.000000000000000000e+00
9.955660340171389677e+00
1.529302772234742847e+01
0.000000000000000000e+00
0.000000000000000000e+00
2.598554196686592022e+01
1.020687478485463018e+01
0.000000000000000000e+00
0.000000000000000000e+00
0.000000000000000000e+00
0.000000000000000000e+00
0.000000000000000000e+00
3.166545484882680395e+00
0.000000000000000000e+00
0.000000000000000000e+00
0.000000000000000000e+00
2.638707698307425531e+01
1.580865796657267808e+01
0.000000000000000000e+00
8.293277397202935219e+00
5.995882391588578386e+00
0.000000000000000000e+00
2.680865796657265676e+01
0.000000000000000000e+00
0.000000000000000000e+00
0.000000000000000000e+00
3.070430130450854556e+00
2.729302772234738939e+01
0.000000000000000000e+00
0.000000000000000000e+00
0.000000000000000000e+00
0.000000000000000000e+00
2.882533837903402230e+01
1.874466794690517801e+01
0.000000000000000000e+00
1.307126723401483837e+01
1.525003997399179134e+01
0.000000000000000000e+00
2.047396439320319317e+01
0.000000000000000000e+00
0.000000000000000000e+00
0.000000000000000000e+00
1.521241536210818524e+01
2.757223779808499842e+01
6.245093290856221557e+00
0.000000000000000000e+00
1.350425552838031784e+01
1.646441475448247971e+01
0.000000000000000000e+00
0.000000000000000000e+00
7.207934065429005166e+00
0.000000000000000000e+00
5.598660563055209316e+00
0.000000000000000000e+00
0.000000000000000000e+00
2.498554196686592377e+01
0.000000000000000000e+00
0.000000000000000000e+00
0.000000000000000000e+00
0.000000000000000000e+00
0.000000000000000000e+00
1.284301423856449853e+00
0.000000000000000000e+00
0.000000000000000000e+00
0.000000000000000000e+00
1.014512028031305246e-01
3.855811705423832780e+00
0.000000000000000000e+00
0.000000000000000000e+00
4.415825238732985270e+00
1.553106390066212938e+01
2.714334830226544781e+01
8.070431669890275828e+00
2.498554196686592377e+01
0.000000000000000000e+00
0.000000000000000000e+00
1.074568786910110241e+01
0.000000000000000000e+00
2.162590797185844593e+01
0.000000000000000000e+00
1.847400146654052833e+01
0.000000000000000000e+00
0.000000000000000000e+00
0.000000000000000000e+00
0.000000000000000000e+00
0.000000000000000000e+00
1.521241536210818524e+01
0.000000000000000000e+00
0.000000000000000000e+00
2.189617331694103797e+01
2.745604937239008692e+01
2.382537298356228206e+01
3.820943539731268324e+00
1.998423579896819513e+00
0.000000000000000000e+00
0.000000000000000000e+00
2.795623233743605596e+01
1.845744849066620930e+01
0.000000000000000000e+00
0.000000000000000000e+00
0.000000000000000000e+00
5.207145794372670444e+00
0.000000000000000000e+00
0.000000000000000000e+00
4.070428634641770849e+00
2.638707698307425531e+01
0.000000000000000000e+00
0.000000000000000000e+00
8.212449966636468091e+00
9.473417690463699969e+00
0.000000000000000000e+00
0.000000000000000000e+00
2.044452369803184766e+01
1.031382574255145279e+01
2.147396439320317896e+01
0.000000000000000000e+00
7.861898800479337091e+00
0.000000000000000000e+00
2.088084245584670029e+01
0.000000000000000000e+00
1.544452369803184055e+01
0.000000000000000000e+00
2.262621595680441544e+01
0.000000000000000000e+00
1.670285466924118367e+01
0.000000000000000000e+00
0.000000000000000000e+00
0.000000000000000000e+00
0.000000000000000000e+00
0.000000000000000000e+00
0.000000000000000000e+00
0.000000000000000000e+00
0.000000000000000000e+00
0.000000000000000000e+00
0.000000000000000000e+00
1.785690215730265606e+01
1.229302772234734320e+01
0.000000000000000000e+00
2.580865796657263544e+01
2.098554196686592377e+01
1.622082292633184153e+01
2.704262103743254642e+01
0.000000000000000000e+00
2.021073328680925041e+00
0.000000000000000000e+00
1.326332809701375304e+01
0.000000000000000000e+00
1.571933365434098029e+01
2.666196634199613502e+00
0.000000000000000000e+00
0.000000000000000000e+00
0.000000000000000000e+00
2.698554196686590601e+01
0.000000000000000000e+00
7.761146932005079435e+00
0.000000000000000000e+00
1.322564243318735677e+01
2.221241536210823142e+01
0.000000000000000000e+00
0.000000000000000000e+00
2.480865796657263900e+01
0.000000000000000000e+00
1.621241536210821010e+01
0.000000000000000000e+00
0.000000000000000000e+00
0.000000000000000000e+00
0.000000000000000000e+00
0.000000000000000000e+00
0.000000000000000000e+00
0.000000000000000000e+00
3.820856980728364771e+00
2.997585100804517566e+00
9.070431669890268722e+00
0.000000000000000000e+00
9.567196207457382418e-01
0.000000000000000000e+00
0.000000000000000000e+00
0.000000000000000000e+00
0.000000000000000000e+00
0.000000000000000000e+00
0.000000000000000000e+00
2.976008920736989793e+01
2.244452369803182279e+01
3.015784871223664787e+00
0.000000000000000000e+00
0.000000000000000000e+00
0.000000000000000000e+00
0.000000000000000000e+00
7.399871277011430770e+00
3.482533837903417862e+01
0.000000000000000000e+00
0.000000000000000000e+00
1.370743766410902076e+01
1.938707698307415939e+01
0.000000000000000000e+00
1.200046538645626804e+01
1.245644937239007355e+01
0.000000000000000000e+00
0.000000000000000000e+00
0.000000000000000000e+00
0.000000000000000000e+00
0.000000000000000000e+00
0.000000000000000000e+00
0.000000000000000000e+00
0.000000000000000000e+00
0.000000000000000000e+00
0.000000000000000000e+00
0.000000000000000000e+00
0.000000000000000000e+00
0.000000000000000000e+00
2.470249098097335150e+01
0.000000000000000000e+00
1.370285466924123163e+01
0.000000000000000000e+00
0.000000000000000000e+00
0.000000000000000000e+00
2.570743766410890530e+01
0.000000000000000000e+00
0.000000000000000000e+00
0.000000000000000000e+00
1.025595641337667807e+01
0.000000000000000000e+00
0.000000000000000000e+00
0.000000000000000000e+00
0.000000000000000000e+00
6.194949110496384748e+00
0.000000000000000000e+00
0.000000000000000000e+00
9.149409476098567806e-01
0.000000000000000000e+00
6.824091623009532981e+00
0.000000000000000000e+00
1.374568786910108109e+01
3.086632520367375676e+01
2.070285466924117657e+01
7.070431669890283821e+00
0.000000000000000000e+00
1.713212834211370961e+01
0.000000000000000000e+00
0.000000000000000000e+00
9.996902313784362448e+00
0.000000000000000000e+00
0.000000000000000000e+00
6.561882580879131233e+00
1.325033956727467821e+00
0.000000000000000000e+00
1.069596552828275815e+00
0.000000000000000000e+00
1.214453884081165391e+01
0.000000000000000000e+00
0.000000000000000000e+00
2.470743766410892306e+01
0.000000000000000000e+00
0.000000000000000000e+00
5.235049331294959529e+00
1.550315584305586469e+01
0.000000000000000000e+00
1.599551870332074088e+01
2.838707698307423399e+01
3.182533837903404006e+01
0.000000000000000000e+00
0.000000000000000000e+00
0.000000000000000000e+00
0.000000000000000000e+00
0.000000000000000000e+00
0.000000000000000000e+00
0.000000000000000000e+00
2.680056959282440232e+01
0.000000000000000000e+00
0.000000000000000000e+00
2.680093328109219897e+01
9.263315481037304622e+00
0.000000000000000000e+00
0.000000000000000000e+00
0.000000000000000000e+00
1.059805603313771094e+01
0.000000000000000000e+00
0.000000000000000000e+00
0.000000000000000000e+00
0.000000000000000000e+00
7.207673903130755733e+00
2.445724849066616713e+01
1.652791728821772566e+01
0.000000000000000000e+00
0.000000000000000000e+00
0.000000000000000000e+00
0.000000000000000000e+00
0.000000000000000000e+00
0.000000000000000000e+00
0.000000000000000000e+00
0.000000000000000000e+00
4.245624730560899174e+00
0.000000000000000000e+00
1.838707698307417715e+01
1.662590797185848146e+01
0.000000000000000000e+00
0.000000000000000000e+00
0.000000000000000000e+00
0.000000000000000000e+00
0.000000000000000000e+00
0.000000000000000000e+00
1.898554196686592377e+01
0.000000000000000000e+00
0.000000000000000000e+00
0.000000000000000000e+00
0.000000000000000000e+00
1.800046538645632310e+01
4.012924861646050445e+00
