1.492273441325250083e+01
0.000000000000000000e+00
0.000000000000000000e+00
0.000000000000000000e+00
1.092454804772691013e+01
0.000000000000000000e+00
0.000000000000000000e+00
0.000000000000000000e+00
1.738060920043716351e+01
0.000000000000000000e+00
0.000000000000000000e+00
0.000000000000000000e+00
2.054485014679917754e+01
9.545996542756936876e+00
0.000000000000000000e+00
2.125012662995146240e+00
0.000000000000000000e+00
0.000000000000000000e+00
-4.127099190032549991e+00
0.000000000000000000e+00
0.000000000000000000e+00
0.000000000000000000e+00
5.910936414074065226e+00
0.000000000000000000e+00
0.000000000000000000e+00
-2.264983721009754092e+00
0.000000000000000000e+00
0.000000000000000000e+00
0.000000000000000000e+00
3.925459347236344154e+00
5.930968025668142296e+00
0.000000000000000000e+00
1.091186895502559828e+01
0.000000000000000000e+00
0.000000000000000000e+00
0.000000000000000000e+00
0.000000000000000000e+00
0.000000000000000000e+00
2.803492066210959255e+00
0.000000000000000000e+00
0.000000000000000000e+00
0.000000000000000000e+00
0.000000000000000000e+00
0.000000000000000000e+00
1.854485014679918820e+01
0.000000000000000000e+00
0.000000000000000000e+00
0.000000000000000000e+00
0.000000000000000000e+00
0.000000000000000000e+00
0.000000000000000000e+00
0.000000000000000000e+00
0.000000000000000000e+00
0.000000000000000000e+00
1.012099047370243143e+00
0.000000000000000000e+00
0.000000000000000000e+00
-5.648133180513121854e-01
0.000000000000000000e+00
1.238083912598899694e+01
0.000000000000000000e+00
0.000000000000000000e+00
0.000000000000000000e+00
0.000000000000000000e+00
0.000000000000000000e+00
0.000000000000000000e+00
0.000000000000000000e+00
2.803167999070749428e+00
0.000000000000000000e+00
0.000000000000000000e+00
0.000000000000000000e+00
8.370429063289394733e+00
8.746930398066044887e+00
0.000000000000000000e+00
0.000000000000000000e+00
0.000000000000000000e+00
3.880993917422379091e+00
0.000000000000000000e+00
0.000000000000000000e+00
0.000000000000000000e+00
0.000000000000000000e+00
0.000000000000000000e+00
1.938060920043712088e+01
0.000000000000000000e+00
0.000000000000000000e+00
0.000000000000000000e+00
4.291780544865196667e+00
0.000000000000000000e+00
1.632391059491311580e+01
0.000000000000000000e+00
0.000000000000000000e+00
0.000000000000000000e+00
1.879417550365120704e+00
1.954485014679916333e+01
0.000000000000000000e+00
8.934749545529696135e+00
0.000000000000000000e+00
0.000000000000000000e+00
1.692261888221979405e+01
0.000000000000000000e+00
0.000000000000000000e+00
0.000000000000000000e+00
0.000000000000000000e+00
0.000000000000000000e+00
0.000000000000000000e+00
3.724512986838641737e-01
0.000000000000000000e+00
0.000000000000000000e+00
0.000000000000000000e+00
-4.318281823244094930e+00
0.000000000000000000e+00
0.000000000000000000e+00
0.000000000000000000e+00
-9.335370541878564854e-01
0.000000000000000000e+00
0.000000000000000000e+00
2.637378108125622234e+01
0.000000000000000000e+00
0.000000000000000000e+00
0.000000000000000000e+00
0.000000000000000000e+00
0.000000000000000000e+00
0.000000000000000000e+00
0.000000000000000000e+00
2.154485014679919530e+01
0.000000000000000000e+00
0.000000000000000000e+00
2.038160359540482958e+01
0.000000000000000000e+00
0.000000000000000000e+00
1.484295565067434453e+01
0.000000000000000000e+00
0.000000000000000000e+00
0.000000000000000000e+00
1.074693039806605022e+01
1.774728721459690206e+01
1.293472550430439849e+00
0.000000000000000000e+00
0.000000000000000000e+00
0.000000000000000000e+00
0.000000000000000000e+00
0.000000000000000000e+00
0.000000000000000000e+00
0.000000000000000000e+00
0.000000000000000000e+00
0.000000000000000000e+00
0.000000000000000000e+00
0.000000000000000000e+00
0.000000000000000000e+00
0.000000000000000000e+00
0.000000000000000000e+00
0.000000000000000000e+00
0.000000000000000000e+00
0.000000000000000000e+00
0.000000000000000000e+00
0.000000000000000000e+00
0.000000000000000000e+00
0.000000000000000000e+00
1.275614414127474205e+01
0.000000000000000000e+00
0.000000000000000000e+00
0.000000000000000000e+00
0.000000000000000000e+00
0.000000000000000000e+00
0.000000000000000000e+00
0.000000000000000000e+00
0.000000000000000000e+00
0.000000000000000000e+00
0.000000000000000000e+00
0.000000000000000000e+00
1.674693039806598449e+01
0.000000000000000000e+00
0.000000000000000000e+00
0.000000000000000000e+00
1.175040664688118497e+01
0.000000000000000000e+00
0.000000000000000000e+00
0.000000000000000000e+00
0.000000000000000000e+00
1.293784329256728860e+01
0.000000000000000000e+00
5.748709180639262506e+00
2.140428383805525669e+01
-1.170610870675903392e+01
0.000000000000000000e+00
0.000000000000000000e+00
0.000000000000000000e+00
0.000000000000000000e+00
0.000000000000000000e+00
0.000000000000000000e+00
0.000000000000000000e+00
0.000000000000000000e+00
0.000000000000000000e+00
0.000000000000000000e+00
0.000000000000000000e+00
0.000000000000000000e+00
9.365711624739789798e+00
0.000000000000000000e+00
1.575040664688112102e+01
0.000000000000000000e+00
0.000000000000000000e+00
6.911868955025597394e+00
0.000000000000000000e+00
0.000000000000000000e+00
0.000000000000000000e+00
0.000000000000000000e+00
0.000000000000000000e+00
0.000000000000000000e+00
0.000000000000000000e+00
2.390408238154603904e+00
0.000000000000000000e+00
1.291405247752783758e+01
0.000000000000000000e+00
0.000000000000000000e+00
0.000000000000000000e+00
1.374693039806603423e+01
0.000000000000000000e+00
4.754329448699669669e+00
1.074808932605504452e+01
0.000000000000000000e+00
2.238060920043709245e+01
0.000000000000000000e+00
3.758467137351749976e+00
0.000000000000000000e+00
0.000000000000000000e+00
0.000000000000000000e+00
0.000000000000000000e+00
0.000000000000000000e+00
2.854485014679923083e+01
-1.509614954815863941e+00
0.000000000000000000e+00
1.954485014679916333e+01
0.000000000000000000e+00
0.000000000000000000e+00
0.000000000000000000e+00
0.000000000000000000e+00
0.000000000000000000e+00
0.000000000000000000e+00
0.000000000000000000e+00
0.000000000000000000e+00
0.000000000000000000e+00
0.000000000000000000e+00
1.727651884409875382e-01
0.000000000000000000e+00
0.000000000000000000e+00
0.000000000000000000e+00
0.000000000000000000e+00
-5.763202298792264422e+00
2.917061677382786211e+00
0.000000000000000000e+00
0.000000000000000000e+00
0.000000000000000000e+00
-4.268538934366884696e+00
0.000000000000000000e+00
0.000000000000000000e+00
0.000000000000000000e+00
0.000000000000000000e+00
0.000000000000000000e+00
0.000000000000000000e+00
0.000000000000000000e+00
0.000000000000000000e+00
0.000000000000000000e+00
0.000000000000000000e+00
0.000000000000000000e+00
0.000000000000000000e+00
0.000000000000000000e+00
0.000000000000000000e+00
1.875637036061440721e+00
0.000000000000000000e+00
2.236806642700882009e+01
0.000000000000000000e+00
0.000000000000000000e+00
2.959983667448422007e-01
0.000000000000000000e+00
4.291780544865196667e+00
1.392283441325251836e+01
1.838060920043716351e+01
0.000000000000000000e+00
0.000000000000000000e+00
0.000000000000000000e+00
0.000000000000000000e+00
0.000000000000000000e+00
0.000000000000000000e+00
0.000000000000000000e+00
0.000000000000000000e+00
0.000000000000000000e+00
0.000000000000000000e+00
0.000000000000000000e+00
0.000000000000000000e+00
0.000000000000000000e+00
0.000000000000000000e+00
0.000000000000000000e+00
0.000000000000000000e+00
1.892261888221978339e+01
0.000000000000000000e+00
1.679276398528193681e+01
0.000000000000000000e+00
0.000000000000000000e+00
0.000000000000000000e+00
0.000000000000000000e+00
0.000000000000000000e+00
0.000000000000000000e+00
0.000000000000000000e+00
0.000000000000000000e+00
1.009747742513688262e+00
0.000000000000000000e+00
0.000000000000000000e+00
0.000000000000000000e+00
1.491093641407406167e+01
0.000000000000000000e+00
0.000000000000000000e+00
1.490294666890895492e+01
0.000000000000000000e+00
0.000000000000000000e+00
0.000000000000000000e+00
0.000000000000000000e+00
1.255121565802204797e+00
0.000000000000000000e+00
1.095973162948030222e+01
8.470008787375366666e+00
0.000000000000000000e+00
0.000000000000000000e+00
1.777901677065281660e+01
0.000000000000000000e+00
0.000000000000000000e+00
0.000000000000000000e+00
0.000000000000000000e+00
1.274696241429266230e+01
8.186356293931188688e+00
0.000000000000000000e+00
0.000000000000000000e+00
0.000000000000000000e+00
0.000000000000000000e+00
1.754485014679919885e+01
0.000000000000000000e+00
0.000000000000000000e+00
0.000000000000000000e+00
0.000000000000000000e+00
0.000000000000000000e+00
-5.997280565187844414e-02
0.000000000000000000e+00
0.000000000000000000e+00
0.000000000000000000e+00
0.000000000000000000e+00
0.000000000000000000e+00
9.019195434403382450e+00
0.000000000000000000e+00
0.000000000000000000e+00
0.000000000000000000e+00
0.000000000000000000e+00
0.000000000000000000e+00
0.000000000000000000e+00
0.000000000000000000e+00
0.000000000000000000e+00
0.000000000000000000e+00
-4.765823946087635599e-01
0.000000000000000000e+00
6.980588456579033263e+00
1.264637692138946079e+01
0.000000000000000000e+00
0.000000000000000000e+00
0.000000000000000000e+00
0.000000000000000000e+00
0.000000000000000000e+00
4.635398673762114896e+00
2.154560961141286413e+01
0.000000000000000000e+00
2.803136916236980358e+00
1.538060920043719015e+01
5.350910664926161964e+00
3.291780544865201108e+00
1.192356518608292681e+01
7.374908972298523047e+00
2.945275193454167661e-01
0.000000000000000000e+00
0.000000000000000000e+00
0.000000000000000000e+00
0.000000000000000000e+00
0.000000000000000000e+00
0.000000000000000000e+00
6.585087103531561681e+00
0.000000000000000000e+00
2.621416667641421228e+00
0.000000000000000000e+00
0.000000000000000000e+00
0.000000000000000000e+00
0.000000000000000000e+00
0.000000000000000000e+00
0.000000000000000000e+00
0.000000000000000000e+00
0.000000000000000000e+00
0.000000000000000000e+00
2.833128111347356537e+00
1.292314832596576935e+01
1.095973162948030222e+01
0.000000000000000000e+00
0.000000000000000000e+00
0.000000000000000000e+00
0.000000000000000000e+00
1.912382810031820091e+00
0.000000000000000000e+00
0.000000000000000000e+00
0.000000000000000000e+00
1.292314832596576935e+01
0.000000000000000000e+00
-8.128862032486917855e+00
0.000000000000000000e+00
0.000000000000000000e+00
0.000000000000000000e+00
0.000000000000000000e+00
0.000000000000000000e+00
0.000000000000000000e+00
0.000000000000000000e+00
0.000000000000000000e+00
0.000000000000000000e+00
0.000000000000000000e+00
0.000000000000000000e+00
0.000000000000000000e+00
0.000000000000000000e+00
0.000000000000000000e+00
0.000000000000000000e+00
2.443466514098195930e+01
0.000000000000000000e+00
0.000000000000000000e+00
0.000000000000000000e+00
0.000000000000000000e+00
0.000000000000000000e+00
0.000000000000000000e+00
0.000000000000000000e+00
0.000000000000000000e+00
0.000000000000000000e+00
0.000000000000000000e+00
0.000000000000000000e+00
0.000000000000000000e+00
0.000000000000000000e+00
0.000000000000000000e+00
0.000000000000000000e+00
3.633252908767095501e+00
0.000000000000000000e+00
0.000000000000000000e+00
0.000000000000000000e+00
0.000000000000000000e+00
2.736532680266119399e+01
0.000000000000000000e+00
0.000000000000000000e+00
1.475538467666103060e+01
0.000000000000000000e+00
0.000000000000000000e+00
0.000000000000000000e+00
0.000000000000000000e+00
0.000000000000000000e+00
0.000000000000000000e+00
0.000000000000000000e+00
0.000000000000000000e+00
0.000000000000000000e+00
0.000000000000000000e+00
0.000000000000000000e+00
9.747287214596926930e+00
0.000000000000000000e+00
0.000000000000000000e+00
5.066645541931197094e+00
1.292314832596576935e+01
0.000000000000000000e+00
0.000000000000000000e+00
0.000000000000000000e+00
0.000000000000000000e+00
0.000000000000000000e+00
0.000000000000000000e+00
0.000000000000000000e+00
0.000000000000000000e+00
0.000000000000000000e+00
0.000000000000000000e+00
0.000000000000000000e+00
0.000000000000000000e+00
0.000000000000000000e+00
0.000000000000000000e+00
0.000000000000000000e+00
0.000000000000000000e+00
0.000000000000000000e+00
0.000000000000000000e+00
8.549324791749173258e+00
5.541457243134865429e+00
0.000000000000000000e+00
0.000000000000000000e+00
0.000000000000000000e+00
0.000000000000000000e+00
0.000000000000000000e+00
1.194623807620456368e+01
0.000000000000000000e+00
2.338957938198526598e+00
1.875667687944457152e+00
0.000000000000000000e+00
0.000000000000000000e+00
0.000000000000000000e+00
1.537172777609577423e+01
0.000000000000000000e+00
0.000000000000000000e+00
0.000000000000000000e+00
1.875991876933163161e+00
0.000000000000000000e+00
0.000000000000000000e+00
0.000000000000000000e+00
8.075117054098580383e+00
0.000000000000000000e+00
0.000000000000000000e+00
0.000000000000000000e+00
1.015328364470680533e+00
0.000000000000000000e+00
0.000000000000000000e+00
0.000000000000000000e+00
0.000000000000000000e+00
0.000000000000000000e+00
0.000000000000000000e+00
0.000000000000000000e+00
-1.340281151282146366e-01
0.000000000000000000e+00
1.292314832596576935e+01
0.000000000000000000e+00
1.293784329256728860e+01
0.000000000000000000e+00
0.000000000000000000e+00
0.000000000000000000e+00
0.000000000000000000e+00
0.000000000000000000e+00
0.000000000000000000e+00
0.000000000000000000e+00
0.000000000000000000e+00
0.000000000000000000e+00
0.000000000000000000e+00
1.293784329256728860e+01
0.000000000000000000e+00
5.925459347236351704e+00
0.000000000000000000e+00
0.000000000000000000e+00
0.000000000000000000e+00
0.000000000000000000e+00
0.000000000000000000e+00
0.000000000000000000e+00
0.000000000000000000e+00
1.084553002960128865e+01
0.000000000000000000e+00
0.000000000000000000e+00
0.000000000000000000e+00
1.293784329256728860e+01
0.000000000000000000e+00
-2.409625258281825388e+00
4.753383700221879060e+00
0.000000000000000000e+00
0.000000000000000000e+00
-4.993556160294935764e-01
0.000000000000000000e+00
0.000000000000000000e+00
6.291780544865214431e+00
0.000000000000000000e+00
0.000000000000000000e+00
1.237131608857547960e+01
0.000000000000000000e+00
0.000000000000000000e+00
0.000000000000000000e+00
0.000000000000000000e+00
1.074696241429265697e+01
0.000000000000000000e+00
0.000000000000000000e+00
0.000000000000000000e+00
7.756185787237695806e+00
4.925459347236349927e+00
0.000000000000000000e+00
0.000000000000000000e+00
0.000000000000000000e+00
0.000000000000000000e+00
0.000000000000000000e+00
0.000000000000000000e+00
0.000000000000000000e+00
9.982397431682052513e+00
9.146515944104025575e-01
1.392283441325251836e+01
1.791017694946042127e+01
0.000000000000000000e+00
0.000000000000000000e+00
0.000000000000000000e+00
0.000000000000000000e+00
1.529178054486518690e+01
0.000000000000000000e+00
0.000000000000000000e+00
0.000000000000000000e+00
0.000000000000000000e+00
2.054485014679917754e+01
2.092261888221983313e+01
0.000000000000000000e+00
0.000000000000000000e+00
0.000000000000000000e+00
0.000000000000000000e+00
0.000000000000000000e+00
0.000000000000000000e+00
0.000000000000000000e+00
0.000000000000000000e+00
0.000000000000000000e+00
1.293784329256728860e+01
0.000000000000000000e+00
0.000000000000000000e+00
1.536568361919209735e+01
-4.188500554928558661e-01
9.019195434403382450e+00
0.000000000000000000e+00
0.000000000000000000e+00
0.000000000000000000e+00
0.000000000000000000e+00
0.000000000000000000e+00
7.096940827217504300e+00
1.822772620273425612e-02
0.000000000000000000e+00
0.000000000000000000e+00
0.000000000000000000e+00
0.000000000000000000e+00
1.391017694946040351e+01
4.754542205755144302e+00
5.347724278744379944e+00
1.274696241429266230e+01
2.759508213444092029e+00
0.000000000000000000e+00
0.000000000000000000e+00
1.575040664688112102e+01
0.000000000000000000e+00
0.000000000000000000e+00
0.000000000000000000e+00
0.000000000000000000e+00
0.000000000000000000e+00
0.000000000000000000e+00
8.291780544865222424e+00
0.000000000000000000e+00
9.019195434403382450e+00
0.000000000000000000e+00
0.000000000000000000e+00
0.000000000000000000e+00
1.138114033469055997e+01
1.938060920043712088e+01
0.000000000000000000e+00
0.000000000000000000e+00
0.000000000000000000e+00
0.000000000000000000e+00
0.000000000000000000e+00
0.000000000000000000e+00
0.000000000000000000e+00
0.000000000000000000e+00
0.000000000000000000e+00
0.000000000000000000e+00
0.000000000000000000e+00
-1.074980678636310083e+00
1.454485014679915622e+01
6.756528963353330752e+00
0.000000000000000000e+00
0.000000000000000000e+00
0.000000000000000000e+00
9.254649359307566270e-01
0.000000000000000000e+00
0.000000000000000000e+00
1.293784329256728860e+01
0.000000000000000000e+00
0.000000000000000000e+00
0.000000000000000000e+00
0.000000000000000000e+00
8.367340957891755693e+00
0.000000000000000000e+00
0.000000000000000000e+00
0.000000000000000000e+00
2.137016331510767486e+01
1.087154747541010824e+00
0.000000000000000000e+00
1.338064456613324893e+01
0.000000000000000000e+00
0.000000000000000000e+00
9.383905192723565492e+00
0.000000000000000000e+00
0.000000000000000000e+00
0.000000000000000000e+00
0.000000000000000000e+00
0.000000000000000000e+00
0.000000000000000000e+00
1.448316296013157078e+01
0.000000000000000000e+00
4.925459347236349927e+00
0.000000000000000000e+00
0.000000000000000000e+00
1.874696241429259302e+01
0.000000000000000000e+00
0.000000000000000000e+00
0.000000000000000000e+00
0.000000000000000000e+00
0.000000000000000000e+00
0.000000000000000000e+00
0.000000000000000000e+00
0.000000000000000000e+00
0.000000000000000000e+00
3.136532680266116557e+01
0.000000000000000000e+00
0.000000000000000000e+00
0.000000000000000000e+00
0.000000000000000000e+00
4.753383700221879060e+00
0.000000000000000000e+00
0.000000000000000000e+00
0.000000000000000000e+00
0.000000000000000000e+00
0.000000000000000000e+00
0.000000000000000000e+00
0.000000000000000000e+00
0.000000000000000000e+00
0.000000000000000000e+00
0.000000000000000000e+00
0.000000000000000000e+00
0.000000000000000000e+00
2.919531404185209955e-01
1.095973162948030222e+01
0.000000000000000000e+00
0.000000000000000000e+00
0.000000000000000000e+00
0.000000000000000000e+00
5.912751328387293448e+00
1.292314832596576935e+01
0.000000000000000000e+00
0.000000000000000000e+00
0.000000000000000000e+00
0.000000000000000000e+00
1.148948656182412087e+01
0.000000000000000000e+00
0.000000000000000000e+00
0.000000000000000000e+00
0.000000000000000000e+00
7.404467953410843961e+00
3.925459347236344154e+00
0.000000000000000000e+00
0.000000000000000000e+00
1.337007370864277966e+01
0.000000000000000000e+00
0.000000000000000000e+00
0.000000000000000000e+00
0.000000000000000000e+00
0.000000000000000000e+00
0.000000000000000000e+00
0.000000000000000000e+00
0.000000000000000000e+00
0.000000000000000000e+00
0.000000000000000000e+00
0.000000000000000000e+00
0.000000000000000000e+00
0.000000000000000000e+00
2.274693039806592409e+01
0.000000000000000000e+00
1.892261888221978339e+01
0.000000000000000000e+00
1.194623807620456368e+01
0.000000000000000000e+00
0.000000000000000000e+00
0.000000000000000000e+00
0.000000000000000000e+00
5.748709180639262506e+00
4.960631175972459062e+00
0.000000000000000000e+00
0.000000000000000000e+00
0.000000000000000000e+00
0.000000000000000000e+00
1.292314832596576935e+01
0.000000000000000000e+00
0.000000000000000000e+00
0.000000000000000000e+00
0.000000000000000000e+00
0.000000000000000000e+00
0.000000000000000000e+00
1.838060920043716351e+01
0.000000000000000000e+00
0.000000000000000000e+00
0.000000000000000000e+00
0.000000000000000000e+00
0.000000000000000000e+00
0.000000000000000000e+00
0.000000000000000000e+00
0.000000000000000000e+00
0.000000000000000000e+00
0.000000000000000000e+00
-9.958629557042415481e-01
0.000000000000000000e+00
0.000000000000000000e+00
0.000000000000000000e+00
0.000000000000000000e+00
1.095973162948030222e+01
0.000000000000000000e+00
0.000000000000000000e+00
0.000000000000000000e+00
0.000000000000000000e+00
0.000000000000000000e+00
1.293784329256728860e+01
7.950231437504112542e+00
0.000000000000000000e+00
0.000000000000000000e+00
0.000000000000000000e+00
0.000000000000000000e+00
0.000000000000000000e+00
0.000000000000000000e+00
7.747328860559885122e+00
0.000000000000000000e+00
0.000000000000000000e+00
0.000000000000000000e+00
0.000000000000000000e+00
0.000000000000000000e+00
0.000000000000000000e+00
-1.705784185791273111e-01
0.000000000000000000e+00
0.000000000000000000e+00
0.000000000000000000e+00
2.439799132004264237e+01
5.316359784111681641e+00
3.910936414074051015e+00
0.000000000000000000e+00
0.000000000000000000e+00
0.000000000000000000e+00
0.000000000000000000e+00
0.000000000000000000e+00
0.000000000000000000e+00
0.000000000000000000e+00
0.000000000000000000e+00
0.000000000000000000e+00
0.000000000000000000e+00
0.000000000000000000e+00
0.000000000000000000e+00
0.000000000000000000e+00
8.746962414292649868e+00
8.073384699419280608e+00
0.000000000000000000e+00
0.000000000000000000e+00
0.000000000000000000e+00
0.000000000000000000e+00
9.982397431682052513e+00
0.000000000000000000e+00
0.000000000000000000e+00
0.000000000000000000e+00
0.000000000000000000e+00
0.000000000000000000e+00
0.000000000000000000e+00
0.000000000000000000e+00
0.000000000000000000e+00
0.000000000000000000e+00
0.000000000000000000e+00
0.000000000000000000e+00
4.602045379458621355e+00
0.000000000000000000e+00
0.000000000000000000e+00
7.558426813360991758e+00
0.000000000000000000e+00
0.000000000000000000e+00
1.911323345418152853e+00
0.000000000000000000e+00
0.000000000000000000e+00
0.000000000000000000e+00
0.000000000000000000e+00
0.000000000000000000e+00
6.797468076403647252e+00
1.091683767521693582e+01
7.747328860559885122e+00
0.000000000000000000e+00
0.000000000000000000e+00
0.000000000000000000e+00
0.000000000000000000e+00
8.382211833944433366e+00
0.000000000000000000e+00
7.404467953410843961e+00
0.000000000000000000e+00
0.000000000000000000e+00
0.000000000000000000e+00
0.000000000000000000e+00
0.000000000000000000e+00
0.000000000000000000e+00
0.000000000000000000e+00
0.000000000000000000e+00
0.000000000000000000e+00
2.032538193493844236e+00
0.000000000000000000e+00
0.000000000000000000e+00
0.000000000000000000e+00
0.000000000000000000e+00
0.000000000000000000e+00
1.254485014679913846e+01
0.000000000000000000e+00
0.000000000000000000e+00
0.000000000000000000e+00
9.982397431682052513e+00
0.000000000000000000e+00
0.000000000000000000e+00
0.000000000000000000e+00
0.000000000000000000e+00
0.000000000000000000e+00
0.000000000000000000e+00
0.000000000000000000e+00
-2.451182878743227433e-01
1.842606579800404276e+01
5.850948651540489820e+00
0.000000000000000000e+00
0.000000000000000000e+00
1.992261888221982247e+01
0.000000000000000000e+00
-4.410912708714872371e-02
0.000000000000000000e+00
0.000000000000000000e+00
0.000000000000000000e+00
2.238060920043709245e+01
0.000000000000000000e+00
9.545996542756936876e+00
0.000000000000000000e+00
0.000000000000000000e+00
0.000000000000000000e+00
0.000000000000000000e+00
0.000000000000000000e+00
0.000000000000000000e+00
0.000000000000000000e+00
2.936608626727481663e+01
0.000000000000000000e+00
0.000000000000000000e+00
0.000000000000000000e+00
0.000000000000000000e+00
0.000000000000000000e+00
0.000000000000000000e+00
0.000000000000000000e+00
8.934749545529696135e+00
0.000000000000000000e+00
0.000000000000000000e+00
0.000000000000000000e+00
0.000000000000000000e+00
0.000000000000000000e+00
0.000000000000000000e+00
0.000000000000000000e+00
2.236532680266115491e+01
0.000000000000000000e+00
0.000000000000000000e+00
7.558426813360991758e+00
0.000000000000000000e+00
6.291780544865214431e+00
1.292314832596576935e+01
0.000000000000000000e+00
0.000000000000000000e+00
0.000000000000000000e+00
-7.984402175025879345e+00
1.454485014679915622e+01
0.000000000000000000e+00
0.000000000000000000e+00
0.000000000000000000e+00
0.000000000000000000e+00
0.000000000000000000e+00
-5.184738293618070593e+00
0.000000000000000000e+00
0.000000000000000000e+00
0.000000000000000000e+00
0.000000000000000000e+00
0.000000000000000000e+00
0.000000000000000000e+00
0.000000000000000000e+00
0.000000000000000000e+00
6.257439604146917134e+00
0.000000000000000000e+00
0.000000000000000000e+00
0.000000000000000000e+00
0.000000000000000000e+00
0.000000000000000000e+00
0.000000000000000000e+00
0.000000000000000000e+00
-2.402954861130718323e-02
0.000000000000000000e+00
0.000000000000000000e+00
0.000000000000000000e+00
0.000000000000000000e+00
0.000000000000000000e+00
0.000000000000000000e+00
0.000000000000000000e+00
0.000000000000000000e+00
0.000000000000000000e+00
0.000000000000000000e+00
0.000000000000000000e+00
0.000000000000000000e+00
0.000000000000000000e+00
0.000000000000000000e+00
5.149367265972156105e+00
8.813873585321131188e+00
0.000000000000000000e+00
0.000000000000000000e+00
3.257109117169762591e+00
0.000000000000000000e+00
0.000000000000000000e+00
1.171160186121940860e+01
0.000000000000000000e+00
0.000000000000000000e+00
0.000000000000000000e+00
0.000000000000000000e+00
0.000000000000000000e+00
0.000000000000000000e+00
0.000000000000000000e+00
0.000000000000000000e+00
2.438060920043707114e+01
0.000000000000000000e+00
0.000000000000000000e+00
0.000000000000000000e+00
0.000000000000000000e+00
0.000000000000000000e+00
