1.492273438925222173e+01
0.000000000000000000e+00
0.000000000000000000e+00
0.000000000000000000e+00
1.092433111367019549e+01
0.000000000000000000e+00
0.000000000000000000e+00
0.000000000000000000e+00
1.738060920043716351e+01
0.000000000000000000e+00
0.000000000000000000e+00
0.000000000000000000e+00
2.054488767683718109e+01
9.546312649732046296e+00
0.000000000000000000e+00
2.115172879206950629e+00
0.000000000000000000e+00
0.000000000000000000e+00
0.000000000000000000e+00
0.000000000000000000e+00
0.000000000000000000e+00
0.000000000000000000e+00
5.910936414074065226e+00
0.000000000000000000e+00
0.000000000000000000e+00
0.000000000000000000e+00
0.000000000000000000e+00
0.000000000000000000e+00
0.000000000000000000e+00
3.925459347236344154e+00
5.930319432280662717e+00
0.000000000000000000e+00
1.091186895502559828e+01
0.000000000000000000e+00
1.246011111657391446e+01
0.000000000000000000e+00
0.000000000000000000e+00
0.000000000000000000e+00
2.803606062179097247e+00
0.000000000000000000e+00
0.000000000000000000e+00
0.000000000000000000e+00
0.000000000000000000e+00
0.000000000000000000e+00
1.854518767683719460e+01
0.000000000000000000e+00
0.000000000000000000e+00
0.000000000000000000e+00
0.000000000000000000e+00
0.000000000000000000e+00
0.000000000000000000e+00
0.000000000000000000e+00
0.000000000000000000e+00
0.000000000000000000e+00
1.011285430046817702e+00
0.000000000000000000e+00
0.000000000000000000e+00
2.263800152563918422e-01
0.000000000000000000e+00
1.238083904901079890e+01
0.000000000000000000e+00
7.560828367061357191e+00
0.000000000000000000e+00
0.000000000000000000e+00
0.000000000000000000e+00
0.000000000000000000e+00
0.000000000000000000e+00
2.803200825537719876e+00
0.000000000000000000e+00
0.000000000000000000e+00
0.000000000000000000e+00
8.371213986242795002e+00
8.746967928104050216e+00
0.000000000000000000e+00
0.000000000000000000e+00
0.000000000000000000e+00
3.882427377461965090e+00
0.000000000000000000e+00
0.000000000000000000e+00
0.000000000000000000e+00
0.000000000000000000e+00
0.000000000000000000e+00
1.938060920043712088e+01
0.000000000000000000e+00
0.000000000000000000e+00
0.000000000000000000e+00
4.292248515097306871e+00
0.000000000000000000e+00
1.591017694946043726e+01
0.000000000000000000e+00
0.000000000000000000e+00
0.000000000000000000e+00
1.880419778643552142e+00
1.954531811703127531e+01
0.000000000000000000e+00
8.934817855789390251e+00
0.000000000000000000e+00
0.000000000000000000e+00
1.692261880524159778e+01
0.000000000000000000e+00
0.000000000000000000e+00
0.000000000000000000e+00
0.000000000000000000e+00
0.000000000000000000e+00
0.000000000000000000e+00
3.796762924747126844e-01
0.000000000000000000e+00
0.000000000000000000e+00
0.000000000000000000e+00
1.054579904234542553e+01
0.000000000000000000e+00
0.000000000000000000e+00
0.000000000000000000e+00
0.000000000000000000e+00
0.000000000000000000e+00
0.000000000000000000e+00
2.637454054586989116e+01
0.000000000000000000e+00
0.000000000000000000e+00
0.000000000000000000e+00
0.000000000000000000e+00
0.000000000000000000e+00
0.000000000000000000e+00
0.000000000000000000e+00
2.154485014679919530e+01
0.000000000000000000e+00
0.000000000000000000e+00
2.038189253205535678e+01
0.000000000000000000e+00
0.000000000000000000e+00
1.484391890440450190e+01
0.000000000000000000e+00
0.000000000000000000e+00
0.000000000000000000e+00
1.074693039806605022e+01
1.774752474463490515e+01
1.293472550430439849e+00
0.000000000000000000e+00
0.000000000000000000e+00
0.000000000000000000e+00
0.000000000000000000e+00
0.000000000000000000e+00
0.000000000000000000e+00
0.000000000000000000e+00
0.000000000000000000e+00
0.000000000000000000e+00
0.000000000000000000e+00
0.000000000000000000e+00
0.000000000000000000e+00
0.000000000000000000e+00
0.000000000000000000e+00
0.000000000000000000e+00
0.000000000000000000e+00
0.000000000000000000e+00
0.000000000000000000e+00
0.000000000000000000e+00
0.000000000000000000e+00
0.000000000000000000e+00
1.275614414127474205e+01
0.000000000000000000e+00
0.000000000000000000e+00
0.000000000000000000e+00
0.000000000000000000e+00
0.000000000000000000e+00
0.000000000000000000e+00
0.000000000000000000e+00
0.000000000000000000e+00
0.000000000000000000e+00
0.000000000000000000e+00
0.000000000000000000e+00
1.674696792810398804e+01
0.000000000000000000e+00
0.000000000000000000e+00
0.000000000000000000e+00
1.175087461711329340e+01
0.000000000000000000e+00
0.000000000000000000e+00
0.000000000000000000e+00
0.000000000000000000e+00
1.293837597621026703e+01
0.000000000000000000e+00
5.748746710677267835e+00
2.138060920043711022e+01
7.374141009190949170e+00
0.000000000000000000e+00
0.000000000000000000e+00
0.000000000000000000e+00
0.000000000000000000e+00
0.000000000000000000e+00
0.000000000000000000e+00
0.000000000000000000e+00
0.000000000000000000e+00
0.000000000000000000e+00
0.000000000000000000e+00
0.000000000000000000e+00
0.000000000000000000e+00
9.385286415454981324e+00
0.000000000000000000e+00
1.575087461711322767e+01
0.000000000000000000e+00
0.000000000000000000e+00
6.911868955025597394e+00
0.000000000000000000e+00
0.000000000000000000e+00
0.000000000000000000e+00
0.000000000000000000e+00
0.000000000000000000e+00
0.000000000000000000e+00
0.000000000000000000e+00
2.374131330981625432e+00
0.000000000000000000e+00
1.291405247752783758e+01
0.000000000000000000e+00
0.000000000000000000e+00
0.000000000000000000e+00
1.374696792810403778e+01
0.000000000000000000e+00
4.754876202279149311e+00
1.074842685609305093e+01
0.000000000000000000e+00
2.238060920043709245e+01
0.000000000000000000e+00
1.238560332752677695e+01
0.000000000000000000e+00
0.000000000000000000e+00
0.000000000000000000e+00
0.000000000000000000e+00
0.000000000000000000e+00
2.854488767683723793e+01
0.000000000000000000e+00
0.000000000000000000e+00
1.954488767683717043e+01
0.000000000000000000e+00
0.000000000000000000e+00
0.000000000000000000e+00
0.000000000000000000e+00
0.000000000000000000e+00
0.000000000000000000e+00
0.000000000000000000e+00
0.000000000000000000e+00
0.000000000000000000e+00
0.000000000000000000e+00
2.036614063269214370e+01
9.254593472363569218e-01
0.000000000000000000e+00
0.000000000000000000e+00
0.000000000000000000e+00
4.807655457259393472e+00
2.917058237067867488e+00
0.000000000000000000e+00
0.000000000000000000e+00
0.000000000000000000e+00
0.000000000000000000e+00
0.000000000000000000e+00
0.000000000000000000e+00
0.000000000000000000e+00
0.000000000000000000e+00
0.000000000000000000e+00
0.000000000000000000e+00
0.000000000000000000e+00
1.429178054486518690e+01
0.000000000000000000e+00
0.000000000000000000e+00
0.000000000000000000e+00
0.000000000000000000e+00
0.000000000000000000e+00
0.000000000000000000e+00
1.875604606666897212e+00
0.000000000000000000e+00
2.236882589162248891e+01
0.000000000000000000e+00
0.000000000000000000e+00
3.085211501916817478e-01
0.000000000000000000e+00
4.292118074903202185e+00
1.392283433627431855e+01
1.838060920043716351e+01
0.000000000000000000e+00
0.000000000000000000e+00
0.000000000000000000e+00
0.000000000000000000e+00
0.000000000000000000e+00
0.000000000000000000e+00
0.000000000000000000e+00
0.000000000000000000e+00
0.000000000000000000e+00
0.000000000000000000e+00
0.000000000000000000e+00
0.000000000000000000e+00
0.000000000000000000e+00
0.000000000000000000e+00
0.000000000000000000e+00
0.000000000000000000e+00
1.892261888221978339e+01
0.000000000000000000e+00
1.679444524814637063e+01
0.000000000000000000e+00
0.000000000000000000e+00
0.000000000000000000e+00
0.000000000000000000e+00
0.000000000000000000e+00
0.000000000000000000e+00
0.000000000000000000e+00
0.000000000000000000e+00
1.009517288778298605e+00
0.000000000000000000e+00
0.000000000000000000e+00
0.000000000000000000e+00
1.491093641407406167e+01
0.000000000000000000e+00
0.000000000000000000e+00
1.491943101674946348e+01
0.000000000000000000e+00
0.000000000000000000e+00
0.000000000000000000e+00
0.000000000000000000e+00
1.255550999392104350e+00
0.000000000000000000e+00
1.096823829403020767e+01
8.473234365780530908e+00
0.000000000000000000e+00
0.000000000000000000e+00
1.777681423969051266e+01
0.000000000000000000e+00
0.000000000000000000e+00
0.000000000000000000e+00
0.000000000000000000e+00
1.274709994433066740e+01
8.192263095800287331e+00
0.000000000000000000e+00
0.000000000000000000e+00
0.000000000000000000e+00
0.000000000000000000e+00
1.754508767683720549e+01
0.000000000000000000e+00
0.000000000000000000e+00
0.000000000000000000e+00
0.000000000000000000e+00
0.000000000000000000e+00
0.000000000000000000e+00
0.000000000000000000e+00
0.000000000000000000e+00
0.000000000000000000e+00
0.000000000000000000e+00
0.000000000000000000e+00
7.568799942156213767e+00
0.000000000000000000e+00
0.000000000000000000e+00
0.000000000000000000e+00
1.438060920043718660e+01
0.000000000000000000e+00
0.000000000000000000e+00
0.000000000000000000e+00
0.000000000000000000e+00
0.000000000000000000e+00
2.232132794363153594e-01
0.000000000000000000e+00
6.980703276144128111e+00
1.265114172413507454e+01
0.000000000000000000e+00
0.000000000000000000e+00
0.000000000000000000e+00
0.000000000000000000e+00
0.000000000000000000e+00
4.629528901215977044e+00
2.154560961141286413e+01
0.000000000000000000e+00
2.803074446274985476e+00
1.538060920043719015e+01
5.351261895345654551e+00
3.291780544865201108e+00
1.192356358085135959e+01
7.375238259021328346e+00
2.945275193454167661e-01
0.000000000000000000e+00
0.000000000000000000e+00
0.000000000000000000e+00
0.000000000000000000e+00
0.000000000000000000e+00
0.000000000000000000e+00
6.583338011899908082e+00
0.000000000000000000e+00
2.623323604972989997e+00
0.000000000000000000e+00
0.000000000000000000e+00
0.000000000000000000e+00
0.000000000000000000e+00
0.000000000000000000e+00
0.000000000000000000e+00
0.000000000000000000e+00
0.000000000000000000e+00
0.000000000000000000e+00
2.833279179032749617e+00
1.292314692734394654e+01
1.096083676525406680e+01
0.000000000000000000e+00
0.000000000000000000e+00
0.000000000000000000e+00
0.000000000000000000e+00
1.912382810031820091e+00
0.000000000000000000e+00
0.000000000000000000e+00
0.000000000000000000e+00
1.292314672073420034e+01
0.000000000000000000e+00
1.543334609207777375e-01
0.000000000000000000e+00
0.000000000000000000e+00
0.000000000000000000e+00
0.000000000000000000e+00
0.000000000000000000e+00
0.000000000000000000e+00
0.000000000000000000e+00
0.000000000000000000e+00
0.000000000000000000e+00
0.000000000000000000e+00
0.000000000000000000e+00
0.000000000000000000e+00
0.000000000000000000e+00
0.000000000000000000e+00
0.000000000000000000e+00
2.443399695609567246e+01
0.000000000000000000e+00
0.000000000000000000e+00
0.000000000000000000e+00
0.000000000000000000e+00
0.000000000000000000e+00
0.000000000000000000e+00
0.000000000000000000e+00
0.000000000000000000e+00
0.000000000000000000e+00
0.000000000000000000e+00
0.000000000000000000e+00
0.000000000000000000e+00
0.000000000000000000e+00
0.000000000000000000e+00
0.000000000000000000e+00
3.620469062117434245e+00
0.000000000000000000e+00
0.000000000000000000e+00
0.000000000000000000e+00
0.000000000000000000e+00
2.736556433269920063e+01
0.000000000000000000e+00
0.000000000000000000e+00
1.475614414127469587e+01
0.000000000000000000e+00
0.000000000000000000e+00
0.000000000000000000e+00
0.000000000000000000e+00
0.000000000000000000e+00
0.000000000000000000e+00
0.000000000000000000e+00
0.000000000000000000e+00
0.000000000000000000e+00
0.000000000000000000e+00
0.000000000000000000e+00
9.747524744634931793e+00
0.000000000000000000e+00
0.000000000000000000e+00
5.016594774859076011e+00
1.292314765110598174e+01
0.000000000000000000e+00
0.000000000000000000e+00
0.000000000000000000e+00
0.000000000000000000e+00
0.000000000000000000e+00
0.000000000000000000e+00
0.000000000000000000e+00
0.000000000000000000e+00
0.000000000000000000e+00
1.454498767683716132e+01
0.000000000000000000e+00
0.000000000000000000e+00
0.000000000000000000e+00
0.000000000000000000e+00
0.000000000000000000e+00
0.000000000000000000e+00
0.000000000000000000e+00
0.000000000000000000e+00
8.549450950411440431e+00
8.278867614942740261e+00
0.000000000000000000e+00
0.000000000000000000e+00
0.000000000000000000e+00
0.000000000000000000e+00
0.000000000000000000e+00
1.194631253349754907e+01
0.000000000000000000e+00
2.340652867901654499e+00
1.875629406971167645e+00
0.000000000000000000e+00
0.000000000000000000e+00
0.000000000000000000e+00
1.537172777609577423e+01
0.000000000000000000e+00
0.000000000000000000e+00
0.000000000000000000e+00
1.876010493113220878e+00
0.000000000000000000e+00
0.000000000000000000e+00
0.000000000000000000e+00
8.082279934529799093e+00
0.000000000000000000e+00
9.927508128787501107e+00
0.000000000000000000e+00
1.015129505839553969e+00
0.000000000000000000e+00
1.254602132623662136e+01
0.000000000000000000e+00
0.000000000000000000e+00
0.000000000000000000e+00
0.000000000000000000e+00
0.000000000000000000e+00
-1.305452820788245150e-01
0.000000000000000000e+00
1.292314765110598174e+01
0.000000000000000000e+00
1.293836033985612843e+01
1.391021447949840883e+01
0.000000000000000000e+00
0.000000000000000000e+00
0.000000000000000000e+00
0.000000000000000000e+00
0.000000000000000000e+00
0.000000000000000000e+00
0.000000000000000000e+00
0.000000000000000000e+00
0.000000000000000000e+00
1.293793655973255419e+01
0.000000000000000000e+00
5.925459347236351704e+00
0.000000000000000000e+00
0.000000000000000000e+00
0.000000000000000000e+00
0.000000000000000000e+00
0.000000000000000000e+00
0.000000000000000000e+00
0.000000000000000000e+00
1.084553002960128865e+01
0.000000000000000000e+00
0.000000000000000000e+00
0.000000000000000000e+00
1.293836994288058939e+01
0.000000000000000000e+00
1.163225686059707886e+00
4.753421230259884389e+00
0.000000000000000000e+00
0.000000000000000000e+00
0.000000000000000000e+00
0.000000000000000000e+00
0.000000000000000000e+00
6.291818074903219760e+00
0.000000000000000000e+00
0.000000000000000000e+00
1.237165361861348423e+01
0.000000000000000000e+00
0.000000000000000000e+00
0.000000000000000000e+00
0.000000000000000000e+00
1.074709994433066207e+01
0.000000000000000000e+00
1.238539514516861750e+01
0.000000000000000000e+00
7.756185618344374255e+00
4.925459347236349927e+00
0.000000000000000000e+00
0.000000000000000000e+00
0.000000000000000000e+00
0.000000000000000000e+00
0.000000000000000000e+00
0.000000000000000000e+00
0.000000000000000000e+00
9.989032928129194744e+00
9.148891244484077534e-01
1.392283426610747377e+01
1.791031447949842459e+01
0.000000000000000000e+00
0.000000000000000000e+00
0.000000000000000000e+00
0.000000000000000000e+00
1.529201807490319176e+01
0.000000000000000000e+00
0.000000000000000000e+00
0.000000000000000000e+00
0.000000000000000000e+00
2.054488767683718109e+01
2.092261888221983313e+01
0.000000000000000000e+00
0.000000000000000000e+00
0.000000000000000000e+00
0.000000000000000000e+00
0.000000000000000000e+00
0.000000000000000000e+00
0.000000000000000000e+00
1.891031447949843880e+01
0.000000000000000000e+00
1.293784329256728860e+01
0.000000000000000000e+00
0.000000000000000000e+00
1.536592114923010222e+01
2.223597473903034805e-01
9.019951593038078030e+00
0.000000000000000000e+00
1.566584548383378994e+01
0.000000000000000000e+00
0.000000000000000000e+00
0.000000000000000000e+00
7.093826655454329888e+00
0.000000000000000000e+00
0.000000000000000000e+00
0.000000000000000000e+00
0.000000000000000000e+00
0.000000000000000000e+00
1.391051447949840814e+01
4.754876202279149311e+00
4.910176949460404394e+00
1.274709994433066740e+01
4.174775331124386923e+00
0.000000000000000000e+00
0.000000000000000000e+00
1.575087461711322767e+01
0.000000000000000000e+00
0.000000000000000000e+00
0.000000000000000000e+00
0.000000000000000000e+00
0.000000000000000000e+00
0.000000000000000000e+00
8.291818074903227753e+00
0.000000000000000000e+00
9.019298400934212978e+00
0.000000000000000000e+00
0.000000000000000000e+00
0.000000000000000000e+00
1.276122248487310173e+01
1.938060920043712088e+01
0.000000000000000000e+00
0.000000000000000000e+00
0.000000000000000000e+00
0.000000000000000000e+00
0.000000000000000000e+00
0.000000000000000000e+00
0.000000000000000000e+00
0.000000000000000000e+00
1.054595037197974605e+01
0.000000000000000000e+00
0.000000000000000000e+00
0.000000000000000000e+00
1.454498767683716132e+01
6.756528794460009202e+00
0.000000000000000000e+00
0.000000000000000000e+00
0.000000000000000000e+00
9.253716554877270406e-01
0.000000000000000000e+00
0.000000000000000000e+00
1.354616658207623736e+01
0.000000000000000000e+00
0.000000000000000000e+00
0.000000000000000000e+00
0.000000000000000000e+00
8.368016255452753072e+00
0.000000000000000000e+00
0.000000000000000000e+00
0.000000000000000000e+00
2.137016331510767486e+01
1.091902546635121540e+00
0.000000000000000000e+00
1.338064448915505267e+01
0.000000000000000000e+00
0.000000000000000000e+00
9.384838711443462600e+00
0.000000000000000000e+00
0.000000000000000000e+00
0.000000000000000000e+00
0.000000000000000000e+00
0.000000000000000000e+00
0.000000000000000000e+00
1.448308774689455802e+01
0.000000000000000000e+00
4.925459347236349927e+00
0.000000000000000000e+00
0.000000000000000000e+00
1.874709994433059634e+01
0.000000000000000000e+00
0.000000000000000000e+00
0.000000000000000000e+00
0.000000000000000000e+00
0.000000000000000000e+00
0.000000000000000000e+00
0.000000000000000000e+00
0.000000000000000000e+00
0.000000000000000000e+00
3.136956251608994961e+01
0.000000000000000000e+00
0.000000000000000000e+00
0.000000000000000000e+00
0.000000000000000000e+00
4.753383700221879060e+00
0.000000000000000000e+00
0.000000000000000000e+00
0.000000000000000000e+00
0.000000000000000000e+00
0.000000000000000000e+00
0.000000000000000000e+00
0.000000000000000000e+00
0.000000000000000000e+00
0.000000000000000000e+00
0.000000000000000000e+00
0.000000000000000000e+00
0.000000000000000000e+00
2.920906704565262024e-01
1.096391650658692463e+01
0.000000000000000000e+00
0.000000000000000000e+00
0.000000000000000000e+00
1.192353768020761606e+01
5.912751328387293448e+00
1.292314765110598174e+01
0.000000000000000000e+00
0.000000000000000000e+00
0.000000000000000000e+00
0.000000000000000000e+00
1.148611270682012631e+01
0.000000000000000000e+00
0.000000000000000000e+00
0.000000000000000000e+00
0.000000000000000000e+00
7.404467953410843961e+00
3.925459347236344154e+00
0.000000000000000000e+00
0.000000000000000000e+00
1.337022511525530177e+01
0.000000000000000000e+00
0.000000000000000000e+00
0.000000000000000000e+00
0.000000000000000000e+00
0.000000000000000000e+00
0.000000000000000000e+00
0.000000000000000000e+00
0.000000000000000000e+00
0.000000000000000000e+00
0.000000000000000000e+00
0.000000000000000000e+00
0.000000000000000000e+00
0.000000000000000000e+00
2.274693039806592409e+01
0.000000000000000000e+00
1.892261888221978339e+01
0.000000000000000000e+00
1.194641718151191334e+01
0.000000000000000000e+00
0.000000000000000000e+00
0.000000000000000000e+00
0.000000000000000000e+00
5.748746710677267835e+00
4.960404348904432048e+00
0.000000000000000000e+00
0.000000000000000000e+00
0.000000000000000000e+00
0.000000000000000000e+00
1.292314340337914480e+01
0.000000000000000000e+00
0.000000000000000000e+00
0.000000000000000000e+00
0.000000000000000000e+00
0.000000000000000000e+00
0.000000000000000000e+00
1.838060920043716351e+01
0.000000000000000000e+00
0.000000000000000000e+00
0.000000000000000000e+00
1.518944680132320313e-01
0.000000000000000000e+00
0.000000000000000000e+00
0.000000000000000000e+00
0.000000000000000000e+00
0.000000000000000000e+00
0.000000000000000000e+00
2.795994908601817208e+00
0.000000000000000000e+00
0.000000000000000000e+00
0.000000000000000000e+00
1.239759999531909962e+01
9.927300411615162190e+00
0.000000000000000000e+00
0.000000000000000000e+00
0.000000000000000000e+00
0.000000000000000000e+00
0.000000000000000000e+00
1.292314794869068173e+01
8.555136949256796797e+00
0.000000000000000000e+00
0.000000000000000000e+00
0.000000000000000000e+00
0.000000000000000000e+00
0.000000000000000000e+00
0.000000000000000000e+00
7.747566390597889985e+00
0.000000000000000000e+00
0.000000000000000000e+00
0.000000000000000000e+00
0.000000000000000000e+00
0.000000000000000000e+00
0.000000000000000000e+00
0.000000000000000000e+00
1.438060920043718660e+01
0.000000000000000000e+00
0.000000000000000000e+00
2.439905078465631050e+01
5.474117559519031673e+00
3.910935890432544859e+00
0.000000000000000000e+00
0.000000000000000000e+00
0.000000000000000000e+00
0.000000000000000000e+00
0.000000000000000000e+00
0.000000000000000000e+00
0.000000000000000000e+00
0.000000000000000000e+00
0.000000000000000000e+00
0.000000000000000000e+00
0.000000000000000000e+00
0.000000000000000000e+00
0.000000000000000000e+00
8.747099944330656740e+00
8.400572602666361632e+00
0.000000000000000000e+00
0.000000000000000000e+00
0.000000000000000000e+00
0.000000000000000000e+00
1.354584498407016291e+01
0.000000000000000000e+00
0.000000000000000000e+00
0.000000000000000000e+00
0.000000000000000000e+00
0.000000000000000000e+00
0.000000000000000000e+00
0.000000000000000000e+00
0.000000000000000000e+00
0.000000000000000000e+00
0.000000000000000000e+00
0.000000000000000000e+00
4.606747977548462103e+00
0.000000000000000000e+00
0.000000000000000000e+00
7.558733496901340665e+00
0.000000000000000000e+00
0.000000000000000000e+00
1.911360351814651137e+00
0.000000000000000000e+00
0.000000000000000000e+00
0.000000000000000000e+00
0.000000000000000000e+00
0.000000000000000000e+00
6.797505378083616989e+00
1.091688908182945816e+01
7.747566390597889985e+00
0.000000000000000000e+00
0.000000000000000000e+00
0.000000000000000000e+00
0.000000000000000000e+00
8.383290018197616433e+00
0.000000000000000000e+00
6.545800318323617972e+00
0.000000000000000000e+00
0.000000000000000000e+00
0.000000000000000000e+00
0.000000000000000000e+00
0.000000000000000000e+00
0.000000000000000000e+00
0.000000000000000000e+00
0.000000000000000000e+00
0.000000000000000000e+00
2.034138746346770610e+00
0.000000000000000000e+00
0.000000000000000000e+00
0.000000000000000000e+00
0.000000000000000000e+00
0.000000000000000000e+00
1.254488767683714379e+01
0.000000000000000000e+00
0.000000000000000000e+00
0.000000000000000000e+00
9.982387007502069309e+00
0.000000000000000000e+00
0.000000000000000000e+00
0.000000000000000000e+00
0.000000000000000000e+00
0.000000000000000000e+00
0.000000000000000000e+00
0.000000000000000000e+00
1.576320531582842688e-01
1.842585769071743584e+01
5.850855883258630818e+00
0.000000000000000000e+00
0.000000000000000000e+00
1.992261888221982247e+01
0.000000000000000000e+00
0.000000000000000000e+00
0.000000000000000000e+00
0.000000000000000000e+00
0.000000000000000000e+00
2.238060920043709245e+01
0.000000000000000000e+00
9.546012649732046995e+00
0.000000000000000000e+00
0.000000000000000000e+00
0.000000000000000000e+00
0.000000000000000000e+00
0.000000000000000000e+00
0.000000000000000000e+00
0.000000000000000000e+00
2.936608626727481663e+01
0.000000000000000000e+00
0.000000000000000000e+00
0.000000000000000000e+00
0.000000000000000000e+00
0.000000000000000000e+00
0.000000000000000000e+00
0.000000000000000000e+00
8.934823889119067886e+00
0.000000000000000000e+00
0.000000000000000000e+00
0.000000000000000000e+00
0.000000000000000000e+00
0.000000000000000000e+00
0.000000000000000000e+00
0.000000000000000000e+00
2.236556433269915800e+01
0.000000000000000000e+00
0.000000000000000000e+00
7.559609392195982380e+00
0.000000000000000000e+00
6.292018074903219294e+00
1.292312761257029052e+01
0.000000000000000000e+00
0.000000000000000000e+00
0.000000000000000000e+00
8.406174299110675818e+00
1.454488767683716155e+01
0.000000000000000000e+00
0.000000000000000000e+00
0.000000000000000000e+00
0.000000000000000000e+00
0.000000000000000000e+00
2.513511478299955137e-01
0.000000000000000000e+00
0.000000000000000000e+00
0.000000000000000000e+00
0.000000000000000000e+00
0.000000000000000000e+00
0.000000000000000000e+00
0.000000000000000000e+00
0.000000000000000000e+00
6.271585190197271231e+00
0.000000000000000000e+00
0.000000000000000000e+00
0.000000000000000000e+00
0.000000000000000000e+00
0.000000000000000000e+00
0.000000000000000000e+00
0.000000000000000000e+00
1.036990416205295951e+01
0.000000000000000000e+00
0.000000000000000000e+00
0.000000000000000000e+00
0.000000000000000000e+00
0.000000000000000000e+00
0.000000000000000000e+00
0.000000000000000000e+00
0.000000000000000000e+00
0.000000000000000000e+00
0.000000000000000000e+00
0.000000000000000000e+00
0.000000000000000000e+00
0.000000000000000000e+00
0.000000000000000000e+00
5.172853076610829604e+00
8.813431169839770263e+00
0.000000000000000000e+00
0.000000000000000000e+00
7.160498188580444179e+00
0.000000000000000000e+00
0.000000000000000000e+00
1.172448583556356283e+01
0.000000000000000000e+00
0.000000000000000000e+00
0.000000000000000000e+00
0.000000000000000000e+00
0.000000000000000000e+00
0.000000000000000000e+00
0.000000000000000000e+00
0.000000000000000000e+00
2.438060920043707114e+01
0.000000000000000000e+00
0.000000000000000000e+00
0.000000000000000000e+00
0.000000000000000000e+00
0.000000000000000000e+00
