4.748073355370094006e+00
2.254067473662282595e+01
3.412696974835606056e+01
0.000000000000000000e+00
0.000000000000000000e+00
0.000000000000000000e+00
0.000000000000000000e+00
0.000000000000000000e+00
2.579426732084865037e+01
0.000000000000000000e+00
2.054067473662278331e+01
0.000000000000000000e+00
1.754067473662280108e+01
8.610562986642325001e+00
0.000000000000000000e+00
2.254067473662282595e+01
0.000000000000000000e+00
3.641389080145705037e+01
1.308570333141518827e+00
0.000000000000000000e+00
0.000000000000000000e+00
0.000000000000000000e+00
3.541389080145705037e+01
9.207972309115366016e+00
0.000000000000000000e+00
0.000000000000000000e+00
3.169632143097154575e+00
0.000000000000000000e+00
0.000000000000000000e+00
0.000000000000000000e+00
2.192860621893406403e+01
0.000000000000000000e+00
0.000000000000000000e+00
0.000000000000000000e+00
2.254067473662282595e+01
0.000000000000000000e+00
2.312696974835608188e+01
0.000000000000000000e+00
9.829977200690395378e+00
0.000000000000000000e+00
0.000000000000000000e+00
-8.303678569028448697e-01
1.575574134164005535e+01
0.000000000000000000e+00
0.000000000000000000e+00
0.000000000000000000e+00
2.912783202206392374e+01
3.641389080145705037e+01
0.000000000000000000e+00
0.000000000000000000e+00
0.000000000000000000e+00
0.000000000000000000e+00
0.000000000000000000e+00
0.000000000000000000e+00
0.000000000000000000e+00
3.241389080145707879e+01
0.000000000000000000e+00
0.000000000000000000e+00
1.481823779404311558e+01
3.241389080145707879e+01
0.000000000000000000e+00
0.000000000000000000e+00
0.000000000000000000e+00
1.476246381958864262e+01
8.508867774531706729e+00
5.207972309115362464e+00
5.169632143097146582e+00
2.579426732084865037e+01
1.329106238395290518e+01
0.000000000000000000e+00
0.000000000000000000e+00
0.000000000000000000e+00
0.000000000000000000e+00
0.000000000000000000e+00
3.512678393516570452e+01
2.763000549337260736e+01
0.000000000000000000e+00
0.000000000000000000e+00
0.000000000000000000e+00
0.000000000000000000e+00
0.000000000000000000e+00
0.000000000000000000e+00
1.630110131050530242e+01
0.000000000000000000e+00
0.000000000000000000e+00
0.000000000000000000e+00
5.756789428538315434e+00
0.000000000000000000e+00
0.000000000000000000e+00
3.141389080145708235e+01
0.000000000000000000e+00
0.000000000000000000e+00
0.000000000000000000e+00
0.000000000000000000e+00
4.169632143097158128e+00
0.000000000000000000e+00
0.000000000000000000e+00
0.000000000000000000e+00
0.000000000000000000e+00
2.263193387289789271e+01
0.000000000000000000e+00
2.154067473662280818e+01
0.000000000000000000e+00
0.000000000000000000e+00
0.000000000000000000e+00
2.169632143097156796e+00
2.254067473662282595e+01
2.562695165511186701e+01
0.000000000000000000e+00
0.000000000000000000e+00
0.000000000000000000e+00
0.000000000000000000e+00
1.554067473662273180e+01
0.000000000000000000e+00
0.000000000000000000e+00
1.184827211703127681e+01
0.000000000000000000e+00
1.507316551384969339e+00
0.000000000000000000e+00
0.000000000000000000e+00
2.641389080145701840e+01
5.169632143097146582e+00
0.000000000000000000e+00
0.000000000000000000e+00
0.000000000000000000e+00
6.207972309115365128e+00
0.000000000000000000e+00
-7.920276908846285435e-01
3.641389080145705037e+01
2.098324437902985196e+01
2.641389080145701840e+01
0.000000000000000000e+00
0.000000000000000000e+00
0.000000000000000000e+00
0.000000000000000000e+00
0.000000000000000000e+00
0.000000000000000000e+00
-3.653567474832380424e-01
3.441389080145708590e+01
0.000000000000000000e+00
2.310493973045299754e+01
0.000000000000000000e+00
0.000000000000000000e+00
2.060617942723119711e+01
0.000000000000000000e+00
-4.537417387791527368e+00
2.941389080145708235e+01
3.541389080145705037e+01
2.741389080145705393e+01
0.000000000000000000e+00
1.493869604154824060e+01
0.000000000000000000e+00
-5.021345243225658450e+00
0.000000000000000000e+00
2.079512959455654197e+01
1.479702394548580990e+01
0.000000000000000000e+00
0.000000000000000000e+00
3.541389080145705037e+01
3.241389080145707879e+01
5.207972309115362464e+00
0.000000000000000000e+00
0.000000000000000000e+00
0.000000000000000000e+00
0.000000000000000000e+00
0.000000000000000000e+00
0.000000000000000000e+00
0.000000000000000000e+00
0.000000000000000000e+00
0.000000000000000000e+00
0.000000000000000000e+00
0.000000000000000000e+00
4.732963362396882090e+00
2.254067473662282595e+01
3.641389080145705037e+01
0.000000000000000000e+00
0.000000000000000000e+00
0.000000000000000000e+00
0.000000000000000000e+00
3.141389080145708235e+01
2.454067473662279042e+01
-2.830367856902846757e+00
0.000000000000000000e+00
0.000000000000000000e+00
1.129868381819991718e+01
0.000000000000000000e+00
0.000000000000000000e+00
0.000000000000000000e+00
1.879426732084858642e+01
2.454067473662279042e+01
1.561420841133009851e+01
1.254067473662273535e+01
1.420797230911538023e+01
0.000000000000000000e+00
0.000000000000000000e+00
1.090847172873879956e+01
0.000000000000000000e+00
0.000000000000000000e+00
0.000000000000000000e+00
2.679426732084861840e+01
2.462895740647429221e+01
0.000000000000000000e+00
0.000000000000000000e+00
2.454067473662279042e+01
0.000000000000000000e+00
0.000000000000000000e+00
0.000000000000000000e+00
0.000000000000000000e+00
5.829663172420191053e+00
0.000000000000000000e+00
2.454067473662279042e+01
0.000000000000000000e+00
0.000000000000000000e+00
0.000000000000000000e+00
0.000000000000000000e+00
0.000000000000000000e+00
2.054067473662278331e+01
0.000000000000000000e+00
3.341389080145708590e+01
0.000000000000000000e+00
5.169632143097146582e+00
1.675592715483037054e+01
0.000000000000000000e+00
0.000000000000000000e+00
0.000000000000000000e+00
0.000000000000000000e+00
2.488575222895211070e+01
0.000000000000000000e+00
0.000000000000000000e+00
0.000000000000000000e+00
2.379408150765832630e+01
2.825415816846226225e+00
1.060658290186187891e+01
0.000000000000000000e+00
3.241389080145707879e+01
2.384009428334648462e+01
0.000000000000000000e+00
-8.618351237331629555e-01
2.254067473662282595e+01
1.754067473662280108e+01
0.000000000000000000e+00
0.000000000000000000e+00
0.000000000000000000e+00
9.207972309115366016e+00
0.000000000000000000e+00
0.000000000000000000e+00
0.000000000000000000e+00
2.741389080145705393e+01
0.000000000000000000e+00
3.041389080145710011e+01
0.000000000000000000e+00
0.000000000000000000e+00
0.000000000000000000e+00
0.000000000000000000e+00
2.741389080145705393e+01
2.666834565939082680e+01
0.000000000000000000e+00
3.641389080145705037e+01
0.000000000000000000e+00
3.712696974835596819e+01
5.169632143097146582e+00
3.641389080145705037e+01
0.000000000000000000e+00
1.154067473662271226e+01
0.000000000000000000e+00
1.220797230911537490e+01
0.000000000000000000e+00
0.000000000000000000e+00
0.000000000000000000e+00
0.000000000000000000e+00
3.541389080145705037e+01
0.000000000000000000e+00
-3.830367856902848978e+00
0.000000000000000000e+00
0.000000000000000000e+00
3.241389080145707879e+01
0.000000000000000000e+00
0.000000000000000000e+00
1.954067473662280818e+01
2.031417016314127366e+01
0.000000000000000000e+00
3.241389080145707879e+01
2.379426732084863261e+01
3.312696974835606056e+01
1.775574134164008555e+01
0.000000000000000000e+00
2.862894319793127806e+01
4.169632143097158128e+00
2.766748338568292098e+01
3.641389080145705037e+01
0.000000000000000000e+00
0.000000000000000000e+00
0.000000000000000000e+00
0.000000000000000000e+00
0.000000000000000000e+00
0.000000000000000000e+00
-8.175749454064019872e+00
0.000000000000000000e+00
6.490098196449273438e+00
2.493077139735870418e+00
8.764754170159649860e+00
3.241389080145707879e+01
0.000000000000000000e+00
0.000000000000000000e+00
3.768180201855526157e+00
2.154067473662280818e+01
0.000000000000000000e+00
2.690680962478130311e+01
0.000000000000000000e+00
0.000000000000000000e+00
0.000000000000000000e+00
0.000000000000000000e+00
0.000000000000000000e+00
0.000000000000000000e+00
9.207972309115366016e+00
6.739500027155148842e+00
0.000000000000000000e+00
0.000000000000000000e+00
1.484487399851699863e+01
1.020797230911536602e+01
9.196208653578439751e+00
0.000000000000000000e+00
8.733825636104841195e+00
0.000000000000000000e+00
0.000000000000000000e+00
3.641389080145705037e+01
0.000000000000000000e+00
0.000000000000000000e+00
0.000000000000000000e+00
0.000000000000000000e+00
0.000000000000000000e+00
-1.463225903966808517e+00
0.000000000000000000e+00
0.000000000000000000e+00
0.000000000000000000e+00
2.341389080145698287e+01
0.000000000000000000e+00
0.000000000000000000e+00
7.207972309115345588e+00
0.000000000000000000e+00
8.506811230452816730e+00
1.954067473662280818e+01
0.000000000000000000e+00
-1.474156676715941083e+00
3.541389080145705037e+01
0.000000000000000000e+00
0.000000000000000000e+00
-4.026852454123905467e+00
-5.395091031835325346e+00
0.000000000000000000e+00
-4.411461700763758209e+00
0.000000000000000000e+00
2.169632143097156796e+00
0.000000000000000000e+00
2.363553670595414502e+01
0.000000000000000000e+00
0.000000000000000000e+00
0.000000000000000000e+00
5.841234173323106127e+00
0.000000000000000000e+00
0.000000000000000000e+00
0.000000000000000000e+00
9.207972309115366016e+00
0.000000000000000000e+00
2.154067473662280818e+01
0.000000000000000000e+00
-2.853331649336317000e+00
0.000000000000000000e+00
0.000000000000000000e+00
0.000000000000000000e+00
0.000000000000000000e+00
0.000000000000000000e+00
1.354067473662271226e+01
0.000000000000000000e+00
0.000000000000000000e+00
1.260279505110518272e+01
0.000000000000000000e+00
0.000000000000000000e+00
3.641389080145705037e+01
0.000000000000000000e+00
0.000000000000000000e+00
0.000000000000000000e+00
0.000000000000000000e+00
0.000000000000000000e+00
8.861359908464004675e+00
0.000000000000000000e+00
0.000000000000000000e+00
0.000000000000000000e+00
0.000000000000000000e+00
0.000000000000000000e+00
0.000000000000000000e+00
8.842145407409294222e+00
0.000000000000000000e+00
0.000000000000000000e+00
3.041389080145710011e+01
2.362361981001070177e+01
0.000000000000000000e+00
0.000000000000000000e+00
0.000000000000000000e+00
0.000000000000000000e+00
0.000000000000000000e+00
8.320060641332485574e+00
0.000000000000000000e+00
0.000000000000000000e+00
0.000000000000000000e+00
3.541389080145705037e+01
3.312678393516574715e+01
2.812678393516574715e+01
3.341389080145708590e+01
0.000000000000000000e+00
1.282533545802262154e+01
0.000000000000000000e+00
1.254067473662273535e+01
-6.368448234554594301e+00
1.684312960446249718e+01
0.000000000000000000e+00
0.000000000000000000e+00
0.000000000000000000e+00
-4.928939073465157250e+00
0.000000000000000000e+00
0.000000000000000000e+00
0.000000000000000000e+00
2.633187723421694937e+00
-6.429310089573655240e+00
0.000000000000000000e+00
0.000000000000000000e+00
1.420797230911538023e+01
0.000000000000000000e+00
0.000000000000000000e+00
0.000000000000000000e+00
0.000000000000000000e+00
0.000000000000000000e+00
0.000000000000000000e+00
2.154067473662280818e+01
3.441389080145708590e+01
0.000000000000000000e+00
0.000000000000000000e+00
0.000000000000000000e+00
2.893978800202740942e+01
0.000000000000000000e+00
2.154067473662280818e+01
9.758683779467620667e+00
0.000000000000000000e+00
2.641389080145701840e+01
0.000000000000000000e+00
0.000000000000000000e+00
3.341389080145708590e+01
0.000000000000000000e+00
0.000000000000000000e+00
5.732777549206577561e+00
0.000000000000000000e+00
0.000000000000000000e+00
1.870876439754072695e+00
0.000000000000000000e+00
0.000000000000000000e+00
0.000000000000000000e+00
4.506797021909754619e+00
0.000000000000000000e+00
0.000000000000000000e+00
3.041389080145710011e+01
0.000000000000000000e+00
0.000000000000000000e+00
8.207972309115360687e+00
1.375574134164010509e+01
2.169632143097156796e+00
0.000000000000000000e+00
0.000000000000000000e+00
2.254067473662282595e+01
0.000000000000000000e+00
2.741389080145705393e+01
-1.792027690884627100e+00
2.354067473662281529e+01
1.854067473662283660e+01
2.179512959455654908e+01
2.454067473662279042e+01
0.000000000000000000e+00
0.000000000000000000e+00
3.641389080145705037e+01
0.000000000000000000e+00
3.641389080145705037e+01
0.000000000000000000e+00
0.000000000000000000e+00
0.000000000000000000e+00
0.000000000000000000e+00
3.566834565939088719e+01
1.354067473662271226e+01
0.000000000000000000e+00
3.441389080145708590e+01
0.000000000000000000e+00
0.000000000000000000e+00
9.352810942868418076e-01
0.000000000000000000e+00
2.166834565939089075e+01
-2.853331649336317000e+00
2.454067473662279042e+01
2.693869604154831521e+01
0.000000000000000000e+00
0.000000000000000000e+00
0.000000000000000000e+00
0.000000000000000000e+00
0.000000000000000000e+00
0.000000000000000000e+00
0.000000000000000000e+00
0.000000000000000000e+00
9.489508908628277339e+00
0.000000000000000000e+00
0.000000000000000000e+00
0.000000000000000000e+00
3.241389080145707879e+01
6.329101977560831038e+00
1.784398150494298818e+01
0.000000000000000000e+00
6.735719987034125111e+00
4.299529870569479328e+00
0.000000000000000000e+00
1.362887983037538930e+01
9.207972309115366016e+00
2.454067473662279042e+01
0.000000000000000000e+00
0.000000000000000000e+00
0.000000000000000000e+00
2.169632143097156796e+00
0.000000000000000000e+00
-3.830367856902848978e+00
5.169632143097146582e+00
0.000000000000000000e+00
1.420797230911538023e+01
3.241389080145707879e+01
0.000000000000000000e+00
2.479512959455655263e+01
-5.830367856902851642e+00
1.220797230911537490e+01
2.844451355963676153e+00
0.000000000000000000e+00
2.815636042183751186e+00
3.207972309115382448e+00
2.341389080145698287e+01
3.041389080145710011e+01
0.000000000000000000e+00
9.207972309115366016e+00
0.000000000000000000e+00
1.875574134164010331e+01
0.000000000000000000e+00
0.000000000000000000e+00
2.354067473662281529e+01
0.000000000000000000e+00
0.000000000000000000e+00
0.000000000000000000e+00
3.041389080145710011e+01
0.000000000000000000e+00
1.169632143097159904e+00
1.696321430971556576e-01
0.000000000000000000e+00
1.455895975799974451e+01
0.000000000000000000e+00
0.000000000000000000e+00
0.000000000000000000e+00
0.000000000000000000e+00
2.354067473662281529e+01
1.120797230911538378e+01
0.000000000000000000e+00
1.675592715483037054e+01
0.000000000000000000e+00
1.161783940042288243e+01
3.169632143097154575e+00
1.169632143097159904e+00
0.000000000000000000e+00
-8.303678569028448697e-01
3.169632143097154575e+00
3.305862302256604579e+01
1.420797230911538023e+01
8.844048492979077025e+00
0.000000000000000000e+00
1.420797230911538023e+01
0.000000000000000000e+00
0.000000000000000000e+00
0.000000000000000000e+00
3.641389080145705037e+01
3.641389080145705037e+01
0.000000000000000000e+00
0.000000000000000000e+00
1.220797230911537490e+01
9.207972309115366016e+00
4.733825636104801227e+00
0.000000000000000000e+00
0.000000000000000000e+00
0.000000000000000000e+00
0.000000000000000000e+00
2.557375027239728871e-01
3.641389080145705037e+01
0.000000000000000000e+00
0.000000000000000000e+00
0.000000000000000000e+00
0.000000000000000000e+00
0.000000000000000000e+00
0.000000000000000000e+00
0.000000000000000000e+00
2.179512959455654908e+01
0.000000000000000000e+00
0.000000000000000000e+00
0.000000000000000000e+00
0.000000000000000000e+00
0.000000000000000000e+00
0.000000000000000000e+00
8.755927154830356329e+00
0.000000000000000000e+00
5.207972309115362464e+00
2.741389080145705393e+01
3.041389080145710011e+01
0.000000000000000000e+00
0.000000000000000000e+00
0.000000000000000000e+00
0.000000000000000000e+00
2.254067473662282595e+01
0.000000000000000000e+00
3.641389080145705037e+01
0.000000000000000000e+00
2.479512959455655263e+01
0.000000000000000000e+00
0.000000000000000000e+00
0.000000000000000000e+00
-3.528851067185042378e+00
0.000000000000000000e+00
0.000000000000000000e+00
2.379426732084863261e+01
0.000000000000000000e+00
7.530687618962186747e+00
1.960712660077091130e+01
3.341389080145708590e+01
0.000000000000000000e+00
-1.830367856902840762e+00
0.000000000000000000e+00
0.000000000000000000e+00
0.000000000000000000e+00
1.583550640282642341e+01
0.000000000000000000e+00
0.000000000000000000e+00
0.000000000000000000e+00
0.000000000000000000e+00
1.175868377946764021e+01
0.000000000000000000e+00
-5.853331649336325881e+00
0.000000000000000000e+00
3.112678393516566189e+01
0.000000000000000000e+00
0.000000000000000000e+00
0.000000000000000000e+00
0.000000000000000000e+00
-5.080969993304612409e+00
9.756789428538288789e+00
3.641389080145705037e+01
8.606582901861886015e+00
0.000000000000000000e+00
-9.728219513915373762e-01
0.000000000000000000e+00
0.000000000000000000e+00
0.000000000000000000e+00
0.000000000000000000e+00
0.000000000000000000e+00
0.000000000000000000e+00
1.979426732084858997e+01
0.000000000000000000e+00
1.169632143097159904e+00
5.207972309115362464e+00
0.000000000000000000e+00
2.594189982649768211e+01
0.000000000000000000e+00
0.000000000000000000e+00
0.000000000000000000e+00
0.000000000000000000e+00
0.000000000000000000e+00
0.000000000000000000e+00
0.000000000000000000e+00
0.000000000000000000e+00
0.000000000000000000e+00
2.841389080145702906e+01
1.220797230911537490e+01
0.000000000000000000e+00
0.000000000000000000e+00
0.000000000000000000e+00
0.000000000000000000e+00
1.420797230911538023e+01
-8.911056262240116155e+00
0.000000000000000000e+00
0.000000000000000000e+00
0.000000000000000000e+00
0.000000000000000000e+00
0.000000000000000000e+00
3.612696974835597530e+01
0.000000000000000000e+00
-1.231249387501442749e+00
0.000000000000000000e+00
5.739500027155151507e+00
0.000000000000000000e+00
0.000000000000000000e+00
0.000000000000000000e+00
2.463342913373650589e+01
2.354067473662281529e+01
2.863000549337259670e+01
0.000000000000000000e+00
0.000000000000000000e+00
0.000000000000000000e+00
1.633780978808851980e+00
0.000000000000000000e+00
0.000000000000000000e+00
0.000000000000000000e+00
1.696321430971556576e-01
1.320797230911535358e+01
0.000000000000000000e+00
0.000000000000000000e+00
7.207972309115345588e+00
0.000000000000000000e+00
0.000000000000000000e+00
0.000000000000000000e+00
0.000000000000000000e+00
0.000000000000000000e+00
0.000000000000000000e+00
0.000000000000000000e+00
0.000000000000000000e+00
0.000000000000000000e+00
0.000000000000000000e+00
2.454067473662279042e+01
0.000000000000000000e+00
0.000000000000000000e+00
0.000000000000000000e+00
0.000000000000000000e+00
0.000000000000000000e+00
0.000000000000000000e+00
0.000000000000000000e+00
0.000000000000000000e+00
1.654067473662275489e+01
0.000000000000000000e+00
0.000000000000000000e+00
0.000000000000000000e+00
7.516186875510247667e+00
0.000000000000000000e+00
6.349230791954832753e+00
0.000000000000000000e+00
1.883929062309248792e+01
3.341389080145708590e+01
3.041389080145710011e+01
0.000000000000000000e+00
4.735719987034129552e+00
1.204385666511209863e+01
0.000000000000000000e+00
0.000000000000000000e+00
1.120797230911538378e+01
-1.083008175176723675e+01
3.441389080145708590e+01
0.000000000000000000e+00
0.000000000000000000e+00
0.000000000000000000e+00
2.841389080145702906e+01
0.000000000000000000e+00
0.000000000000000000e+00
0.000000000000000000e+00
9.606875242479640420e+00
0.000000000000000000e+00
0.000000000000000000e+00
0.000000000000000000e+00
1.169632143097159904e+00
-4.521924486282877242e-01
0.000000000000000000e+00
0.000000000000000000e+00
3.169632143097154575e+00
0.000000000000000000e+00
3.441389080145708590e+01
0.000000000000000000e+00
3.541389080145705037e+01
3.012678393516569741e+01
-3.853331649336324549e+00
3.241389080145707879e+01
-3.634623965539093282e-01
3.241389080145707879e+01
1.175574134164008200e+01
0.000000000000000000e+00
0.000000000000000000e+00
-2.920476648345141424e+00
2.594270014869967866e+01
0.000000000000000000e+00
8.207972309115360687e+00
1.220797230911537490e+01
0.000000000000000000e+00
0.000000000000000000e+00
0.000000000000000000e+00
0.000000000000000000e+00
3.641389080145705037e+01
9.510586871235821249e+00
5.169632143097146582e+00
0.000000000000000000e+00
0.000000000000000000e+00
7.608970080464544594e+00
1.276246381958865861e+01
4.227033601543468855e+00
0.000000000000000000e+00
0.000000000000000000e+00
2.241389080145697221e+01
0.000000000000000000e+00
3.466729757249260757e+01
2.454067473662279042e+01
3.641389080145705037e+01
-4.640646455577447149e+00
2.079426732084861840e+01
3.551928416552701862e+00
0.000000000000000000e+00
0.000000000000000000e+00
1.734325783365614981e+01
0.000000000000000000e+00
0.000000000000000000e+00
1.420797230911538023e+01
0.000000000000000000e+00
0.000000000000000000e+00
2.441389080145698998e+01
0.000000000000000000e+00
0.000000000000000000e+00
0.000000000000000000e+00
-1.338664604116258205e+00
1.954067473662280818e+01
0.000000000000000000e+00
0.000000000000000000e+00
0.000000000000000000e+00
2.179512959455654908e+01
0.000000000000000000e+00
0.000000000000000000e+00
0.000000000000000000e+00
1.460551452789254512e+01
1.220797230911537490e+01
0.000000000000000000e+00
0.000000000000000000e+00
6.346432525167613470e-01
0.000000000000000000e+00
0.000000000000000000e+00
1.575868377946761356e+01
3.541389080145705037e+01
2.312783202206400546e+01
0.000000000000000000e+00
8.507944217182831892e+00
0.000000000000000000e+00
2.354067473662281529e+01
0.000000000000000000e+00
0.000000000000000000e+00
0.000000000000000000e+00
2.852871748493928905e+01
0.000000000000000000e+00
0.000000000000000000e+00
-9.512054324935684591e+00
0.000000000000000000e+00
0.000000000000000000e+00
0.000000000000000000e+00
0.000000000000000000e+00
3.541389080145705037e+01
3.541389080145705037e+01
0.000000000000000000e+00
3.541389080145705037e+01
0.000000000000000000e+00
2.354067473662281529e+01
6.733825636104795898e+00
4.940539218340946892e-01
0.000000000000000000e+00
0.000000000000000000e+00
0.000000000000000000e+00
0.000000000000000000e+00
0.000000000000000000e+00
3.141389080145708235e+01
-1.615270275080694873e+00
0.000000000000000000e+00
0.000000000000000000e+00
0.000000000000000000e+00
0.000000000000000000e+00
4.169632143097158128e+00
0.000000000000000000e+00
0.000000000000000000e+00
0.000000000000000000e+00
0.000000000000000000e+00
2.054067473662278331e+01
0.000000000000000000e+00
0.000000000000000000e+00
0.000000000000000000e+00
0.000000000000000000e+00
0.000000000000000000e+00
0.000000000000000000e+00
3.541389080145705037e+01
0.000000000000000000e+00
0.000000000000000000e+00
1.954067473662280818e+01
0.000000000000000000e+00
0.000000000000000000e+00
-8.303678569028448697e-01
2.588212219743797959e+01
1.279426732084857932e+01
0.000000000000000000e+00
2.041389080145701840e+01
1.360937782853484457e+01
1.169632143097159904e+00
9.207972309115366016e+00
0.000000000000000000e+00
0.000000000000000000e+00
8.540674736622740681e+00
0.000000000000000000e+00
0.000000000000000000e+00
0.000000000000000000e+00
0.000000000000000000e+00
0.000000000000000000e+00
2.254067473662282595e+01
0.000000000000000000e+00
0.000000000000000000e+00
7.755927154830350112e+00
0.000000000000000000e+00
8.207972309115360687e+00
0.000000000000000000e+00
1.661257291352072585e+01
1.575868377946761356e+01
0.000000000000000000e+00
0.000000000000000000e+00
1.754067473662280108e+01
0.000000000000000000e+00
2.841389080145702906e+01
0.000000000000000000e+00
8.732963362396919393e+00
0.000000000000000000e+00
-3.692176100039540998e+00
0.000000000000000000e+00
0.000000000000000000e+00
2.354067473662281529e+01
0.000000000000000000e+00
0.000000000000000000e+00
0.000000000000000000e+00
0.000000000000000000e+00
1.454067473662268029e+01
2.454067473662279042e+01
1.020797230911536602e+01
0.000000000000000000e+00
0.000000000000000000e+00
0.000000000000000000e+00
0.000000000000000000e+00
1.020797230911536602e+01
0.000000000000000000e+00
1.154067473662271226e+01
2.641389080145701840e+01
0.000000000000000000e+00
2.254067473662282595e+01
0.000000000000000000e+00
0.000000000000000000e+00
-5.023327462751032257e+00
0.000000000000000000e+00
0.000000000000000000e+00
0.000000000000000000e+00
0.000000000000000000e+00
5.748073355370093118e+00
0.000000000000000000e+00
0.000000000000000000e+00
0.000000000000000000e+00
0.000000000000000000e+00
0.000000000000000000e+00
0.000000000000000000e+00
3.541389080145705037e+01
3.641389080145705037e+01
0.000000000000000000e+00
1.991690493256398042e+01
0.000000000000000000e+00
0.000000000000000000e+00
1.775592715483039541e+01
0.000000000000000000e+00
-3.398833915673502126e+00
0.000000000000000000e+00
0.000000000000000000e+00
0.000000000000000000e+00
5.329930001312214172e-01
0.000000000000000000e+00
0.000000000000000000e+00
0.000000000000000000e+00
0.000000000000000000e+00
0.000000000000000000e+00
1.554067473662273180e+01
3.541389080145705037e+01
0.000000000000000000e+00
0.000000000000000000e+00
0.000000000000000000e+00
0.000000000000000000e+00
0.000000000000000000e+00
0.000000000000000000e+00
3.541389080145705037e+01
0.000000000000000000e+00
4.169632143097158128e+00
0.000000000000000000e+00
6.207972309115365128e+00
0.000000000000000000e+00
2.454067473662279042e+01
3.512783202206393440e+01
2.054067473662278331e+01
1.320797230911535358e+01
0.000000000000000000e+00
0.000000000000000000e+00
0.000000000000000000e+00
1.779512959455648868e+01
1.051037946156038316e+01
0.000000000000000000e+00
0.000000000000000000e+00
0.000000000000000000e+00
0.000000000000000000e+00
