4.748073355370094006e+00
2.293869604154826547e+01
3.412696974835606056e+01
0.000000000000000000e+00
0.000000000000000000e+00
0.000000000000000000e+00
0.000000000000000000e+00
0.000000000000000000e+00
2.579426732084865037e+01
0.000000000000000000e+00
2.054067473662278331e+01
0.000000000000000000e+00
1.754067473662280108e+01
8.610572913520751825e+00
0.000000000000000000e+00
2.254067473662282595e+01
0.000000000000000000e+00
3.641389080145705037e+01
0.000000000000000000e+00
0.000000000000000000e+00
0.000000000000000000e+00
0.000000000000000000e+00
3.541389080145705037e+01
9.207972309115366016e+00
0.000000000000000000e+00
0.000000000000000000e+00
3.169632143097154575e+00
0.000000000000000000e+00
0.000000000000000000e+00
0.000000000000000000e+00
2.193977666693450956e+01
0.000000000000000000e+00
0.000000000000000000e+00
0.000000000000000000e+00
2.254067473662282595e+01
0.000000000000000000e+00
2.312696974835608188e+01
0.000000000000000000e+00
9.828870450546890680e+00
0.000000000000000000e+00
0.000000000000000000e+00
0.000000000000000000e+00
1.575574134164005535e+01
0.000000000000000000e+00
0.000000000000000000e+00
0.000000000000000000e+00
2.912783202206392374e+01
3.641389080145705037e+01
0.000000000000000000e+00
0.000000000000000000e+00
0.000000000000000000e+00
0.000000000000000000e+00
0.000000000000000000e+00
0.000000000000000000e+00
0.000000000000000000e+00
3.241389080145707879e+01
0.000000000000000000e+00
0.000000000000000000e+00
1.486686238696279716e+01
3.241389080145707879e+01
0.000000000000000000e+00
0.000000000000000000e+00
0.000000000000000000e+00
1.476246381958864262e+01
8.508867774531706729e+00
7.756789428538269249e+00
0.000000000000000000e+00
2.579426732084865037e+01
1.329960120986382499e+01
0.000000000000000000e+00
0.000000000000000000e+00
0.000000000000000000e+00
0.000000000000000000e+00
0.000000000000000000e+00
3.512678393516570452e+01
2.762941395055326765e+01
0.000000000000000000e+00
0.000000000000000000e+00
0.000000000000000000e+00
0.000000000000000000e+00
0.000000000000000000e+00
0.000000000000000000e+00
1.630100460241386173e+01
0.000000000000000000e+00
0.000000000000000000e+00
0.000000000000000000e+00
5.756789428538315434e+00
0.000000000000000000e+00
0.000000000000000000e+00
3.141389080145708235e+01
0.000000000000000000e+00
0.000000000000000000e+00
0.000000000000000000e+00
0.000000000000000000e+00
4.169632143097158128e+00
0.000000000000000000e+00
0.000000000000000000e+00
0.000000000000000000e+00
0.000000000000000000e+00
2.263181395055316258e+01
0.000000000000000000e+00
2.154067473662280818e+01
0.000000000000000000e+00
0.000000000000000000e+00
0.000000000000000000e+00
0.000000000000000000e+00
2.254067473662282595e+01
2.562895740647430998e+01
0.000000000000000000e+00
0.000000000000000000e+00
0.000000000000000000e+00
0.000000000000000000e+00
1.554067473662273180e+01
0.000000000000000000e+00
0.000000000000000000e+00
1.184164071076559388e+01
0.000000000000000000e+00
0.000000000000000000e+00
0.000000000000000000e+00
0.000000000000000000e+00
2.641389080145701840e+01
5.169632143097146582e+00
0.000000000000000000e+00
0.000000000000000000e+00
0.000000000000000000e+00
1.331708841322159165e+00
0.000000000000000000e+00
7.857274996751627549e-01
3.641389080145705037e+01
2.362895740647430287e+01
2.641389080145701840e+01
0.000000000000000000e+00
0.000000000000000000e+00
0.000000000000000000e+00
0.000000000000000000e+00
0.000000000000000000e+00
0.000000000000000000e+00
0.000000000000000000e+00
3.441389080145708590e+01
0.000000000000000000e+00
2.479512959455655263e+01
0.000000000000000000e+00
0.000000000000000000e+00
2.060621605967526904e+01
0.000000000000000000e+00
0.000000000000000000e+00
2.941389080145708235e+01
3.541389080145705037e+01
2.741389080145705393e+01
0.000000000000000000e+00
1.493869604154824060e+01
0.000000000000000000e+00
-3.738738956154338045e+00
0.000000000000000000e+00
2.079512959455654197e+01
1.479702394548580990e+01
0.000000000000000000e+00
0.000000000000000000e+00
3.541389080145705037e+01
3.241389080145707879e+01
5.207972309115362464e+00
0.000000000000000000e+00
0.000000000000000000e+00
0.000000000000000000e+00
0.000000000000000000e+00
0.000000000000000000e+00
0.000000000000000000e+00
0.000000000000000000e+00
0.000000000000000000e+00
0.000000000000000000e+00
0.000000000000000000e+00
0.000000000000000000e+00
4.732963362396882090e+00
2.254067473662282595e+01
3.641389080145705037e+01
0.000000000000000000e+00
0.000000000000000000e+00
0.000000000000000000e+00
0.000000000000000000e+00
3.141389080145708235e+01
2.454067473662279042e+01
0.000000000000000000e+00
0.000000000000000000e+00
0.000000000000000000e+00
1.133097214650217133e+01
0.000000000000000000e+00
0.000000000000000000e+00
0.000000000000000000e+00
1.879426732084858642e+01
2.454067473662279042e+01
1.561457291352072829e+01
1.254067473662273535e+01
1.420797230911538023e+01
0.000000000000000000e+00
0.000000000000000000e+00
1.283951365796025534e+01
0.000000000000000000e+00
0.000000000000000000e+00
0.000000000000000000e+00
2.679426732084861840e+01
2.462895740647429221e+01
0.000000000000000000e+00
0.000000000000000000e+00
2.454067473662279042e+01
0.000000000000000000e+00
0.000000000000000000e+00
0.000000000000000000e+00
0.000000000000000000e+00
5.827462464331193637e+00
3.169632143097154575e+00
2.454067473662279042e+01
0.000000000000000000e+00
0.000000000000000000e+00
0.000000000000000000e+00
0.000000000000000000e+00
0.000000000000000000e+00
2.054067473662278331e+01
0.000000000000000000e+00
3.341389080145708590e+01
0.000000000000000000e+00
6.519689856466130529e+00
1.675592715483037054e+01
0.000000000000000000e+00
0.000000000000000000e+00
0.000000000000000000e+00
0.000000000000000000e+00
2.488566470878748049e+01
0.000000000000000000e+00
0.000000000000000000e+00
0.000000000000000000e+00
2.379408150765832630e+01
2.825870615376659956e+00
1.060641605967527035e+01
0.000000000000000000e+00
3.241389080145707879e+01
2.384009428334648462e+01
0.000000000000000000e+00
0.000000000000000000e+00
2.279702394548588629e+01
1.754067473662280108e+01
0.000000000000000000e+00
0.000000000000000000e+00
0.000000000000000000e+00
9.207972309115366016e+00
0.000000000000000000e+00
0.000000000000000000e+00
0.000000000000000000e+00
2.741389080145705393e+01
0.000000000000000000e+00
3.041389080145710011e+01
0.000000000000000000e+00
0.000000000000000000e+00
0.000000000000000000e+00
0.000000000000000000e+00
2.741389080145705393e+01
2.666828229183488830e+01
0.000000000000000000e+00
3.641389080145705037e+01
0.000000000000000000e+00
3.641389080145705037e+01
0.000000000000000000e+00
3.641389080145705037e+01
0.000000000000000000e+00
1.154067473662271226e+01
0.000000000000000000e+00
1.087594768320413685e+01
0.000000000000000000e+00
0.000000000000000000e+00
0.000000000000000000e+00
0.000000000000000000e+00
3.541389080145705037e+01
0.000000000000000000e+00
0.000000000000000000e+00
0.000000000000000000e+00
0.000000000000000000e+00
3.241389080145707879e+01
0.000000000000000000e+00
0.000000000000000000e+00
1.954067473662280818e+01
2.030133849207879848e+01
0.000000000000000000e+00
3.241389080145707879e+01
2.379426732084863261e+01
3.241389080145707879e+01
1.775574134164008555e+01
0.000000000000000000e+00
2.862895740647437748e+01
4.169632143097158128e+00
2.766752001812698580e+01
3.641389080145705037e+01
0.000000000000000000e+00
0.000000000000000000e+00
0.000000000000000000e+00
0.000000000000000000e+00
0.000000000000000000e+00
0.000000000000000000e+00
0.000000000000000000e+00
0.000000000000000000e+00
6.489931354262664875e+00
0.000000000000000000e+00
8.822211336135634241e+00
3.241389080145707879e+01
0.000000000000000000e+00
0.000000000000000000e+00
3.768180201855526157e+00
2.154067473662280818e+01
0.000000000000000000e+00
2.693977666693458417e+01
0.000000000000000000e+00
0.000000000000000000e+00
0.000000000000000000e+00
0.000000000000000000e+00
0.000000000000000000e+00
0.000000000000000000e+00
7.629890435396466941e+00
6.739500027155148842e+00
0.000000000000000000e+00
0.000000000000000000e+00
1.484069428334649210e+01
1.020797230911536602e+01
9.252084288704374160e+00
0.000000000000000000e+00
8.733825636104841195e+00
0.000000000000000000e+00
0.000000000000000000e+00
3.641389080145705037e+01
0.000000000000000000e+00
0.000000000000000000e+00
0.000000000000000000e+00
0.000000000000000000e+00
0.000000000000000000e+00
1.299601209863883167e+00
0.000000000000000000e+00
0.000000000000000000e+00
0.000000000000000000e+00
2.341389080145698287e+01
0.000000000000000000e+00
0.000000000000000000e+00
7.207972309115345588e+00
0.000000000000000000e+00
8.506811230452816730e+00
1.954067473662280818e+01
0.000000000000000000e+00
0.000000000000000000e+00
3.541389080145705037e+01
0.000000000000000000e+00
0.000000000000000000e+00
0.000000000000000000e+00
0.000000000000000000e+00
0.000000000000000000e+00
0.000000000000000000e+00
0.000000000000000000e+00
2.169632143097156796e+00
0.000000000000000000e+00
2.379702394548588629e+01
0.000000000000000000e+00
0.000000000000000000e+00
0.000000000000000000e+00
5.840362515695428414e+00
0.000000000000000000e+00
0.000000000000000000e+00
0.000000000000000000e+00
1.175678942853831010e+01
0.000000000000000000e+00
2.154067473662280818e+01
0.000000000000000000e+00
-2.853331649336317000e+00
0.000000000000000000e+00
0.000000000000000000e+00
0.000000000000000000e+00
0.000000000000000000e+00
0.000000000000000000e+00
1.354067473662271226e+01
0.000000000000000000e+00
0.000000000000000000e+00
1.261045015811977521e+01
0.000000000000000000e+00
0.000000000000000000e+00
3.641389080145705037e+01
0.000000000000000000e+00
0.000000000000000000e+00
0.000000000000000000e+00
0.000000000000000000e+00
0.000000000000000000e+00
1.360599361404088192e+01
0.000000000000000000e+00
0.000000000000000000e+00
0.000000000000000000e+00
0.000000000000000000e+00
0.000000000000000000e+00
0.000000000000000000e+00
0.000000000000000000e+00
0.000000000000000000e+00
0.000000000000000000e+00
3.041389080145710011e+01
2.362957985210867662e+01
0.000000000000000000e+00
0.000000000000000000e+00
0.000000000000000000e+00
0.000000000000000000e+00
0.000000000000000000e+00
5.747941825072588884e+00
0.000000000000000000e+00
0.000000000000000000e+00
0.000000000000000000e+00
3.541389080145705037e+01
3.312678393516574715e+01
2.641389080145701840e+01
3.341389080145708590e+01
0.000000000000000000e+00
1.282537061537658651e+01
0.000000000000000000e+00
1.254067473662273535e+01
0.000000000000000000e+00
1.660599361404086594e+01
0.000000000000000000e+00
0.000000000000000000e+00
0.000000000000000000e+00
0.000000000000000000e+00
0.000000000000000000e+00
0.000000000000000000e+00
0.000000000000000000e+00
2.632809043202525956e+00
0.000000000000000000e+00
0.000000000000000000e+00
0.000000000000000000e+00
1.420797230911538023e+01
0.000000000000000000e+00
0.000000000000000000e+00
0.000000000000000000e+00
0.000000000000000000e+00
0.000000000000000000e+00
0.000000000000000000e+00
2.154067473662280818e+01
3.441389080145708590e+01
0.000000000000000000e+00
0.000000000000000000e+00
0.000000000000000000e+00
2.893957666693460240e+01
0.000000000000000000e+00
2.154067473662280818e+01
9.758683779467620667e+00
0.000000000000000000e+00
2.641389080145701840e+01
0.000000000000000000e+00
0.000000000000000000e+00
3.341389080145708590e+01
0.000000000000000000e+00
0.000000000000000000e+00
5.732777549206577561e+00
0.000000000000000000e+00
0.000000000000000000e+00
0.000000000000000000e+00
0.000000000000000000e+00
0.000000000000000000e+00
0.000000000000000000e+00
4.506811230452851369e+00
0.000000000000000000e+00
0.000000000000000000e+00
3.041389080145710011e+01
0.000000000000000000e+00
0.000000000000000000e+00
8.207972309115360687e+00
1.375574134164010509e+01
2.169632143097156796e+00
0.000000000000000000e+00
0.000000000000000000e+00
2.254067473662282595e+01
0.000000000000000000e+00
2.912678393516569031e+01
0.000000000000000000e+00
2.354067473662281529e+01
1.854067473662283660e+01
2.179512959455654908e+01
2.454067473662279042e+01
0.000000000000000000e+00
0.000000000000000000e+00
3.641389080145705037e+01
0.000000000000000000e+00
3.641389080145705037e+01
0.000000000000000000e+00
0.000000000000000000e+00
0.000000000000000000e+00
0.000000000000000000e+00
3.566775411657155104e+01
1.487785382397852452e+01
0.000000000000000000e+00
3.441389080145708590e+01
0.000000000000000000e+00
0.000000000000000000e+00
9.290444395315644588e-01
0.000000000000000000e+00
2.166828229183496290e+01
0.000000000000000000e+00
2.454067473662279042e+01
2.693869604154831521e+01
0.000000000000000000e+00
0.000000000000000000e+00
0.000000000000000000e+00
0.000000000000000000e+00
0.000000000000000000e+00
0.000000000000000000e+00
0.000000000000000000e+00
0.000000000000000000e+00
9.489508908628277339e+00
0.000000000000000000e+00
0.000000000000000000e+00
0.000000000000000000e+00
3.241389080145707879e+01
6.422852734145608977e+00
1.784397293720120103e+01
0.000000000000000000e+00
6.735719987034125111e+00
0.000000000000000000e+00
0.000000000000000000e+00
1.362895740647441656e+01
9.207972309115366016e+00
2.454067473662279042e+01
0.000000000000000000e+00
0.000000000000000000e+00
0.000000000000000000e+00
2.169632143097156796e+00
0.000000000000000000e+00
0.000000000000000000e+00
5.169632143097146582e+00
0.000000000000000000e+00
1.420797230911538023e+01
3.241389080145707879e+01
0.000000000000000000e+00
2.479512959455655263e+01
0.000000000000000000e+00
0.000000000000000000e+00
2.860551502153896752e+00
0.000000000000000000e+00
2.815822011335797459e+00
3.207972309115382448e+00
2.341389080145698287e+01
3.041389080145710011e+01
0.000000000000000000e+00
9.207972309115366016e+00
0.000000000000000000e+00
1.875574134164010331e+01
0.000000000000000000e+00
0.000000000000000000e+00
2.448108193160202362e+01
0.000000000000000000e+00
0.000000000000000000e+00
0.000000000000000000e+00
3.041389080145710011e+01
0.000000000000000000e+00
1.169632143097159904e+00
1.696321430971556576e-01
0.000000000000000000e+00
1.455751668569758728e+01
0.000000000000000000e+00
0.000000000000000000e+00
0.000000000000000000e+00
0.000000000000000000e+00
2.354067473662281529e+01
1.120797230911538378e+01
0.000000000000000000e+00
1.675592715483037054e+01
0.000000000000000000e+00
1.161768966863909824e+01
3.169632143097154575e+00
1.169632143097159904e+00
0.000000000000000000e+00
-8.303678569028448697e-01
3.169632143097154575e+00
3.512696974835600372e+01
1.420797230911538023e+01
8.843661971056633320e+00
0.000000000000000000e+00
1.420797230911538023e+01
0.000000000000000000e+00
0.000000000000000000e+00
0.000000000000000000e+00
3.641389080145705037e+01
3.641389080145705037e+01
0.000000000000000000e+00
0.000000000000000000e+00
1.220797230911537490e+01
9.207972309115366016e+00
4.733825636104801227e+00
0.000000000000000000e+00
0.000000000000000000e+00
0.000000000000000000e+00
0.000000000000000000e+00
0.000000000000000000e+00
3.641389080145705037e+01
0.000000000000000000e+00
0.000000000000000000e+00
0.000000000000000000e+00
0.000000000000000000e+00
0.000000000000000000e+00
0.000000000000000000e+00
0.000000000000000000e+00
2.179512959455654908e+01
0.000000000000000000e+00
0.000000000000000000e+00
0.000000000000000000e+00
0.000000000000000000e+00
0.000000000000000000e+00
0.000000000000000000e+00
8.755927154830356329e+00
0.000000000000000000e+00
5.207972309115362464e+00
2.741389080145705393e+01
3.041389080145710011e+01
0.000000000000000000e+00
0.000000000000000000e+00
0.000000000000000000e+00
0.000000000000000000e+00
2.254067473662282595e+01
0.000000000000000000e+00
3.641389080145705037e+01
0.000000000000000000e+00
2.479512959455655263e+01
0.000000000000000000e+00
0.000000000000000000e+00
0.000000000000000000e+00
-3.887417878784663383e+00
0.000000000000000000e+00
0.000000000000000000e+00
2.379426732084863261e+01
0.000000000000000000e+00
7.550260512554734404e+00
1.960725015811978622e+01
3.341389080145708590e+01
0.000000000000000000e+00
0.000000000000000000e+00
0.000000000000000000e+00
0.000000000000000000e+00
0.000000000000000000e+00
1.584039428334650879e+01
0.000000000000000000e+00
0.000000000000000000e+00
0.000000000000000000e+00
0.000000000000000000e+00
1.175868377946764021e+01
0.000000000000000000e+00
0.000000000000000000e+00
0.000000000000000000e+00
2.941389080145708235e+01
2.748073355370127757e+00
0.000000000000000000e+00
0.000000000000000000e+00
0.000000000000000000e+00
0.000000000000000000e+00
9.756789428538288789e+00
3.641389080145705037e+01
8.606416059675275676e+00
0.000000000000000000e+00
0.000000000000000000e+00
0.000000000000000000e+00
0.000000000000000000e+00
0.000000000000000000e+00
0.000000000000000000e+00
0.000000000000000000e+00
0.000000000000000000e+00
1.979426732084858997e+01
0.000000000000000000e+00
1.169632143097159904e+00
5.207972309115362464e+00
0.000000000000000000e+00
2.479426732084862550e+01
0.000000000000000000e+00
0.000000000000000000e+00
0.000000000000000000e+00
0.000000000000000000e+00
0.000000000000000000e+00
0.000000000000000000e+00
0.000000000000000000e+00
0.000000000000000000e+00
0.000000000000000000e+00
2.841389080145702906e+01
1.220797230911537490e+01
0.000000000000000000e+00
0.000000000000000000e+00
0.000000000000000000e+00
0.000000000000000000e+00
1.420797230911538023e+01
0.000000000000000000e+00
0.000000000000000000e+00
0.000000000000000000e+00
0.000000000000000000e+00
0.000000000000000000e+00
0.000000000000000000e+00
3.612696974835597530e+01
0.000000000000000000e+00
4.260810739924059121e-01
0.000000000000000000e+00
0.000000000000000000e+00
0.000000000000000000e+00
0.000000000000000000e+00
0.000000000000000000e+00
2.463353670595413547e+01
2.354067473662281529e+01
2.862941395055326765e+01
0.000000000000000000e+00
0.000000000000000000e+00
0.000000000000000000e+00
0.000000000000000000e+00
0.000000000000000000e+00
0.000000000000000000e+00
0.000000000000000000e+00
0.000000000000000000e+00
1.320797230911535358e+01
0.000000000000000000e+00
0.000000000000000000e+00
7.207972309115345588e+00
0.000000000000000000e+00
0.000000000000000000e+00
0.000000000000000000e+00
0.000000000000000000e+00
0.000000000000000000e+00
0.000000000000000000e+00
0.000000000000000000e+00
0.000000000000000000e+00
0.000000000000000000e+00
0.000000000000000000e+00
2.454067473662279042e+01
0.000000000000000000e+00
0.000000000000000000e+00
0.000000000000000000e+00
0.000000000000000000e+00
0.000000000000000000e+00
0.000000000000000000e+00
0.000000000000000000e+00
0.000000000000000000e+00
1.654067473662275489e+01
0.000000000000000000e+00
0.000000000000000000e+00
0.000000000000000000e+00
7.514505815227512819e+00
0.000000000000000000e+00
6.346617972507302419e+00
0.000000000000000000e+00
1.884029428334649836e+01
3.341389080145708590e+01
3.041389080145710011e+01
0.000000000000000000e+00
4.735719987034129552e+00
1.375678942853833142e+01
0.000000000000000000e+00
0.000000000000000000e+00
1.120797230911538378e+01
0.000000000000000000e+00
3.441389080145708590e+01
0.000000000000000000e+00
0.000000000000000000e+00
0.000000000000000000e+00
2.841389080145702906e+01
0.000000000000000000e+00
0.000000000000000000e+00
0.000000000000000000e+00
9.606516059675248798e+00
0.000000000000000000e+00
0.000000000000000000e+00
0.000000000000000000e+00
2.739500027155186590e+00
3.123112806817402998e-01
0.000000000000000000e+00
0.000000000000000000e+00
3.169632143097154575e+00
0.000000000000000000e+00
3.441389080145708590e+01
0.000000000000000000e+00
3.541389080145705037e+01
3.012678393516569741e+01
-3.853331649336324549e+00
3.241389080145707879e+01
0.000000000000000000e+00
3.241389080145707879e+01
1.175574134164008200e+01
0.000000000000000000e+00
0.000000000000000000e+00
-2.862940934020325567e+00
2.594255511352064048e+01
0.000000000000000000e+00
8.207972309115360687e+00
1.220797230911537490e+01
0.000000000000000000e+00
0.000000000000000000e+00
0.000000000000000000e+00
0.000000000000000000e+00
3.641389080145705037e+01
9.510467774531718987e+00
4.874070018428840356e+00
0.000000000000000000e+00
0.000000000000000000e+00
0.000000000000000000e+00
1.276246381958865861e+01
4.262241669231927155e+00
0.000000000000000000e+00
0.000000000000000000e+00
2.167242850762190898e+01
0.000000000000000000e+00
3.141389080145708235e+01
2.454067473662279042e+01
3.641389080145705037e+01
-4.853331649336323217e+00
2.079426732084861840e+01
3.525049367739273354e+00
0.000000000000000000e+00
0.000000000000000000e+00
1.734282007024978611e+01
0.000000000000000000e+00
0.000000000000000000e+00
1.420797230911538023e+01
0.000000000000000000e+00
0.000000000000000000e+00
2.441389080145698998e+01
0.000000000000000000e+00
0.000000000000000000e+00
0.000000000000000000e+00
1.732963362396925389e+00
1.954067473662280818e+01
0.000000000000000000e+00
0.000000000000000000e+00
0.000000000000000000e+00
2.179512959455654908e+01
0.000000000000000000e+00
0.000000000000000000e+00
0.000000000000000000e+00
1.460651605967525413e+01
1.220797230911537490e+01
0.000000000000000000e+00
0.000000000000000000e+00
6.346432525167613470e-01
0.000000000000000000e+00
0.000000000000000000e+00
1.575868377946761356e+01
3.541389080145705037e+01
2.312783202206400546e+01
0.000000000000000000e+00
8.508067774531706817e+00
0.000000000000000000e+00
2.354067473662281529e+01
0.000000000000000000e+00
0.000000000000000000e+00
0.000000000000000000e+00
3.241389080145707879e+01
0.000000000000000000e+00
0.000000000000000000e+00
0.000000000000000000e+00
2.184009428334652014e+01
0.000000000000000000e+00
0.000000000000000000e+00
0.000000000000000000e+00
3.541389080145705037e+01
3.541389080145705037e+01
0.000000000000000000e+00
3.541389080145705037e+01
0.000000000000000000e+00
2.354067473662281529e+01
6.733825636104795898e+00
4.768898770966362721e-01
0.000000000000000000e+00
0.000000000000000000e+00
0.000000000000000000e+00
0.000000000000000000e+00
0.000000000000000000e+00
3.141389080145708235e+01
0.000000000000000000e+00
0.000000000000000000e+00
0.000000000000000000e+00
0.000000000000000000e+00
0.000000000000000000e+00
4.169632143097158128e+00
0.000000000000000000e+00
0.000000000000000000e+00
0.000000000000000000e+00
0.000000000000000000e+00
2.054067473662278331e+01
0.000000000000000000e+00
0.000000000000000000e+00
0.000000000000000000e+00
0.000000000000000000e+00
0.000000000000000000e+00
0.000000000000000000e+00
3.541389080145705037e+01
0.000000000000000000e+00
0.000000000000000000e+00
1.689086470878750390e+01
0.000000000000000000e+00
0.000000000000000000e+00
-8.303678569028448697e-01
2.587945721141035804e+01
1.279426732084857932e+01
0.000000000000000000e+00
2.041389039475934553e+01
1.360657218868994178e+01
1.169632143097159904e+00
9.207972309115366016e+00
0.000000000000000000e+00
0.000000000000000000e+00
8.540673815846387740e+00
0.000000000000000000e+00
0.000000000000000000e+00
0.000000000000000000e+00
0.000000000000000000e+00
0.000000000000000000e+00
2.254067473662282595e+01
0.000000000000000000e+00
0.000000000000000000e+00
7.755927154830350112e+00
0.000000000000000000e+00
8.207972309115360687e+00
0.000000000000000000e+00
1.661257291352072585e+01
1.575868377946761356e+01
0.000000000000000000e+00
0.000000000000000000e+00
1.754067473662280108e+01
0.000000000000000000e+00
2.896831894437445953e+01
0.000000000000000000e+00
8.732963362396919393e+00
0.000000000000000000e+00
0.000000000000000000e+00
0.000000000000000000e+00
0.000000000000000000e+00
2.354067473662281529e+01
0.000000000000000000e+00
0.000000000000000000e+00
0.000000000000000000e+00
0.000000000000000000e+00
1.454067473662268029e+01
2.454067473662279042e+01
5.449723603483492163e+00
0.000000000000000000e+00
0.000000000000000000e+00
0.000000000000000000e+00
0.000000000000000000e+00
1.020797230911536602e+01
0.000000000000000000e+00
1.493967666693450269e+01
2.641389080145701840e+01
0.000000000000000000e+00
2.254067473662282595e+01
0.000000000000000000e+00
0.000000000000000000e+00
0.000000000000000000e+00
0.000000000000000000e+00
0.000000000000000000e+00
0.000000000000000000e+00
0.000000000000000000e+00
5.169632143097146582e+00
0.000000000000000000e+00
0.000000000000000000e+00
0.000000000000000000e+00
0.000000000000000000e+00
0.000000000000000000e+00
0.000000000000000000e+00
3.541389080145705037e+01
3.641389080145705037e+01
0.000000000000000000e+00
1.994515511352055981e+01
0.000000000000000000e+00
0.000000000000000000e+00
1.775592715483039541e+01
0.000000000000000000e+00
0.000000000000000000e+00
0.000000000000000000e+00
0.000000000000000000e+00
0.000000000000000000e+00
6.337809788088418772e-01
0.000000000000000000e+00
0.000000000000000000e+00
0.000000000000000000e+00
0.000000000000000000e+00
0.000000000000000000e+00
1.554067473662273180e+01
3.541389080145705037e+01
0.000000000000000000e+00
0.000000000000000000e+00
0.000000000000000000e+00
0.000000000000000000e+00
0.000000000000000000e+00
0.000000000000000000e+00
3.541389080145705037e+01
0.000000000000000000e+00
4.169632143097158128e+00
0.000000000000000000e+00
6.207972309115365128e+00
0.000000000000000000e+00
2.454067473662279042e+01
3.541389080145705037e+01
2.054067473662278331e+01
1.320797230911535358e+01
0.000000000000000000e+00
0.000000000000000000e+00
0.000000000000000000e+00
1.779512959455648868e+01
1.050938980510185772e+01
0.000000000000000000e+00
0.000000000000000000e+00
0.000000000000000000e+00
0.000000000000000000e+00
