1.519309123562314179e+00
2.254067473662282595e+01
3.412696974835606056e+01
0.000000000000000000e+00
0.000000000000000000e+00
0.000000000000000000e+00
0.000000000000000000e+00
0.000000000000000000e+00
2.354067473662281529e+01
0.000000000000000000e+00
2.054067473662278331e+01
0.000000000000000000e+00
1.754067473662280108e+01
0.000000000000000000e+00
0.000000000000000000e+00
2.254067473662282595e+01
0.000000000000000000e+00
3.641389080145705037e+01
0.000000000000000000e+00
0.000000000000000000e+00
0.000000000000000000e+00
0.000000000000000000e+00
3.541389080145705037e+01
9.207972309115366016e+00
0.000000000000000000e+00
0.000000000000000000e+00
3.169632143097154575e+00
0.000000000000000000e+00
0.000000000000000000e+00
0.000000000000000000e+00
1.954067473662280818e+01
0.000000000000000000e+00
0.000000000000000000e+00
0.000000000000000000e+00
2.254067473662282595e+01
0.000000000000000000e+00
2.312696974835608188e+01
0.000000000000000000e+00
0.000000000000000000e+00
0.000000000000000000e+00
0.000000000000000000e+00
0.000000000000000000e+00
1.250233457060454434e+01
0.000000000000000000e+00
0.000000000000000000e+00
0.000000000000000000e+00
2.912783202206392374e+01
3.641389080145705037e+01
0.000000000000000000e+00
0.000000000000000000e+00
0.000000000000000000e+00
0.000000000000000000e+00
0.000000000000000000e+00
0.000000000000000000e+00
0.000000000000000000e+00
3.241389080145707879e+01
0.000000000000000000e+00
0.000000000000000000e+00
-2.876362078972458658e+00
3.241389080145707879e+01
0.000000000000000000e+00
0.000000000000000000e+00
0.000000000000000000e+00
1.420797230911538023e+01
5.256415651760073970e+00
4.504337305766652477e+00
0.000000000000000000e+00
2.354067473662281529e+01
-3.063845391529439688e+00
0.000000000000000000e+00
0.000000000000000000e+00
0.000000000000000000e+00
0.000000000000000000e+00
0.000000000000000000e+00
3.512678393516570452e+01
2.354067473662281529e+01
0.000000000000000000e+00
0.000000000000000000e+00
0.000000000000000000e+00
0.000000000000000000e+00
0.000000000000000000e+00
0.000000000000000000e+00
5.982567764382754838e+00
0.000000000000000000e+00
0.000000000000000000e+00
0.000000000000000000e+00
0.000000000000000000e+00
0.000000000000000000e+00
0.000000000000000000e+00
3.141389080145708235e+01
0.000000000000000000e+00
0.000000000000000000e+00
0.000000000000000000e+00
0.000000000000000000e+00
0.000000000000000000e+00
0.000000000000000000e+00
0.000000000000000000e+00
0.000000000000000000e+00
0.000000000000000000e+00
2.154067473662280818e+01
0.000000000000000000e+00
2.154067473662280818e+01
0.000000000000000000e+00
0.000000000000000000e+00
0.000000000000000000e+00
0.000000000000000000e+00
2.254067473662282595e+01
2.237655909261948395e+01
0.000000000000000000e+00
0.000000000000000000e+00
0.000000000000000000e+00
0.000000000000000000e+00
1.554067473662273180e+01
0.000000000000000000e+00
0.000000000000000000e+00
0.000000000000000000e+00
0.000000000000000000e+00
0.000000000000000000e+00
0.000000000000000000e+00
0.000000000000000000e+00
2.641389080145701840e+01
5.169632143097146582e+00
0.000000000000000000e+00
0.000000000000000000e+00
0.000000000000000000e+00
0.000000000000000000e+00
0.000000000000000000e+00
0.000000000000000000e+00
3.641389080145705037e+01
2.354067473662281529e+01
2.641389080145701840e+01
0.000000000000000000e+00
0.000000000000000000e+00
0.000000000000000000e+00
0.000000000000000000e+00
0.000000000000000000e+00
0.000000000000000000e+00
0.000000000000000000e+00
3.441389080145708590e+01
0.000000000000000000e+00
2.354067473662281529e+01
0.000000000000000000e+00
0.000000000000000000e+00
1.451839188598678376e+01
0.000000000000000000e+00
0.000000000000000000e+00
2.941389080145708235e+01
3.541389080145705037e+01
2.741389080145705393e+01
0.000000000000000000e+00
1.154067473662271226e+01
0.000000000000000000e+00
0.000000000000000000e+00
0.000000000000000000e+00
1.954067473662280818e+01
1.454067473662268029e+01
0.000000000000000000e+00
0.000000000000000000e+00
3.541389080145705037e+01
3.241389080145707879e+01
0.000000000000000000e+00
0.000000000000000000e+00
0.000000000000000000e+00
0.000000000000000000e+00
0.000000000000000000e+00
0.000000000000000000e+00
0.000000000000000000e+00
0.000000000000000000e+00
0.000000000000000000e+00
0.000000000000000000e+00
0.000000000000000000e+00
0.000000000000000000e+00
0.000000000000000000e+00
2.254067473662282595e+01
3.641389080145705037e+01
0.000000000000000000e+00
0.000000000000000000e+00
0.000000000000000000e+00
0.000000000000000000e+00
3.141389080145708235e+01
2.454067473662279042e+01
0.000000000000000000e+00
0.000000000000000000e+00
0.000000000000000000e+00
-6.140687823791665112e-01
0.000000000000000000e+00
0.000000000000000000e+00
0.000000000000000000e+00
1.654067473662275489e+01
2.454067473662279042e+01
9.686009403964094489e+00
1.254067473662273535e+01
1.420797230911538023e+01
0.000000000000000000e+00
0.000000000000000000e+00
-2.689799788544966930e+00
0.000000000000000000e+00
0.000000000000000000e+00
0.000000000000000000e+00
2.454067473662279042e+01
2.154067473662280818e+01
0.000000000000000000e+00
0.000000000000000000e+00
2.454067473662279042e+01
0.000000000000000000e+00
0.000000000000000000e+00
0.000000000000000000e+00
0.000000000000000000e+00
0.000000000000000000e+00
3.169632143097154575e+00
2.454067473662279042e+01
0.000000000000000000e+00
0.000000000000000000e+00
0.000000000000000000e+00
0.000000000000000000e+00
0.000000000000000000e+00
2.054067473662278331e+01
0.000000000000000000e+00
3.341389080145708590e+01
0.000000000000000000e+00
5.169632143097146582e+00
1.320797230911535358e+01
0.000000000000000000e+00
0.000000000000000000e+00
0.000000000000000000e+00
0.000000000000000000e+00
1.667984788177625433e+01
0.000000000000000000e+00
0.000000000000000000e+00
0.000000000000000000e+00
2.208118837394967215e+01
0.000000000000000000e+00
0.000000000000000000e+00
0.000000000000000000e+00
3.241389080145707879e+01
1.544509864479037908e+01
0.000000000000000000e+00
0.000000000000000000e+00
2.254067473662282595e+01
1.754067473662280108e+01
0.000000000000000000e+00
0.000000000000000000e+00
0.000000000000000000e+00
9.207972309115366016e+00
0.000000000000000000e+00
0.000000000000000000e+00
0.000000000000000000e+00
2.741389080145705393e+01
0.000000000000000000e+00
3.041389080145710011e+01
0.000000000000000000e+00
0.000000000000000000e+00
0.000000000000000000e+00
0.000000000000000000e+00
2.741389080145705393e+01
2.541389080145697932e+01
0.000000000000000000e+00
3.641389080145705037e+01
0.000000000000000000e+00
3.641389080145705037e+01
0.000000000000000000e+00
3.641389080145705037e+01
0.000000000000000000e+00
1.154067473662271226e+01
0.000000000000000000e+00
0.000000000000000000e+00
0.000000000000000000e+00
0.000000000000000000e+00
0.000000000000000000e+00
0.000000000000000000e+00
3.541389080145705037e+01
0.000000000000000000e+00
0.000000000000000000e+00
0.000000000000000000e+00
0.000000000000000000e+00
3.241389080145707879e+01
0.000000000000000000e+00
0.000000000000000000e+00
1.954067473662280818e+01
3.596161373995821475e-01
0.000000000000000000e+00
3.241389080145707879e+01
2.154067473662280818e+01
3.241389080145707879e+01
1.450233457060449282e+01
0.000000000000000000e+00
2.537568726788293105e+01
4.169632143097158128e+00
2.541389080145697932e+01
3.641389080145705037e+01
0.000000000000000000e+00
0.000000000000000000e+00
0.000000000000000000e+00
0.000000000000000000e+00
0.000000000000000000e+00
0.000000000000000000e+00
0.000000000000000000e+00
0.000000000000000000e+00
0.000000000000000000e+00
0.000000000000000000e+00
0.000000000000000000e+00
3.241389080145707879e+01
0.000000000000000000e+00
0.000000000000000000e+00
4.169632143097158128e+00
2.154067473662280818e+01
0.000000000000000000e+00
2.454067473662279042e+01
0.000000000000000000e+00
0.000000000000000000e+00
0.000000000000000000e+00
0.000000000000000000e+00
0.000000000000000000e+00
0.000000000000000000e+00
0.000000000000000000e+00
3.496707982059443776e+00
0.000000000000000000e+00
0.000000000000000000e+00
1.150269275035643979e+01
1.020797230911536602e+01
0.000000000000000000e+00
0.000000000000000000e+00
0.000000000000000000e+00
0.000000000000000000e+00
0.000000000000000000e+00
3.641389080145705037e+01
0.000000000000000000e+00
0.000000000000000000e+00
0.000000000000000000e+00
0.000000000000000000e+00
0.000000000000000000e+00
0.000000000000000000e+00
0.000000000000000000e+00
0.000000000000000000e+00
0.000000000000000000e+00
2.341389080145698287e+01
0.000000000000000000e+00
0.000000000000000000e+00
7.207972309115345588e+00
0.000000000000000000e+00
0.000000000000000000e+00
1.954067473662280818e+01
0.000000000000000000e+00
0.000000000000000000e+00
3.541389080145705037e+01
0.000000000000000000e+00
0.000000000000000000e+00
0.000000000000000000e+00
0.000000000000000000e+00
0.000000000000000000e+00
0.000000000000000000e+00
0.000000000000000000e+00
2.169632143097156796e+00
0.000000000000000000e+00
2.354067473662281529e+01
0.000000000000000000e+00
0.000000000000000000e+00
0.000000000000000000e+00
0.000000000000000000e+00
0.000000000000000000e+00
0.000000000000000000e+00
0.000000000000000000e+00
1.207169883432622104e+00
0.000000000000000000e+00
2.154067473662280818e+01
0.000000000000000000e+00
-2.853331649336317000e+00
0.000000000000000000e+00
0.000000000000000000e+00
0.000000000000000000e+00
0.000000000000000000e+00
0.000000000000000000e+00
1.354067473662271226e+01
0.000000000000000000e+00
0.000000000000000000e+00
0.000000000000000000e+00
0.000000000000000000e+00
0.000000000000000000e+00
3.641389080145705037e+01
0.000000000000000000e+00
0.000000000000000000e+00
0.000000000000000000e+00
0.000000000000000000e+00
0.000000000000000000e+00
0.000000000000000000e+00
0.000000000000000000e+00
0.000000000000000000e+00
0.000000000000000000e+00
0.000000000000000000e+00
0.000000000000000000e+00
0.000000000000000000e+00
0.000000000000000000e+00
0.000000000000000000e+00
0.000000000000000000e+00
3.041389080145710011e+01
2.254067473662282595e+01
0.000000000000000000e+00
0.000000000000000000e+00
0.000000000000000000e+00
0.000000000000000000e+00
0.000000000000000000e+00
-8.677327807873261856e-01
0.000000000000000000e+00
0.000000000000000000e+00
0.000000000000000000e+00
3.541389080145705037e+01
3.312678393516574715e+01
2.641389080145701840e+01
3.341389080145708590e+01
0.000000000000000000e+00
4.441836545096708555e+00
0.000000000000000000e+00
1.254067473662273535e+01
0.000000000000000000e+00
-2.108918623644823853e+00
0.000000000000000000e+00
0.000000000000000000e+00
0.000000000000000000e+00
0.000000000000000000e+00
0.000000000000000000e+00
0.000000000000000000e+00
0.000000000000000000e+00
0.000000000000000000e+00
0.000000000000000000e+00
0.000000000000000000e+00
0.000000000000000000e+00
1.420797230911538023e+01
0.000000000000000000e+00
0.000000000000000000e+00
0.000000000000000000e+00
0.000000000000000000e+00
0.000000000000000000e+00
0.000000000000000000e+00
2.154067473662280818e+01
3.441389080145708590e+01
0.000000000000000000e+00
0.000000000000000000e+00
0.000000000000000000e+00
2.454067473662279042e+01
0.000000000000000000e+00
2.154067473662280818e+01
0.000000000000000000e+00
0.000000000000000000e+00
2.641389080145701840e+01
0.000000000000000000e+00
0.000000000000000000e+00
3.341389080145708590e+01
0.000000000000000000e+00
0.000000000000000000e+00
0.000000000000000000e+00
0.000000000000000000e+00
0.000000000000000000e+00
0.000000000000000000e+00
0.000000000000000000e+00
0.000000000000000000e+00
0.000000000000000000e+00
0.000000000000000000e+00
0.000000000000000000e+00
0.000000000000000000e+00
3.041389080145710011e+01
0.000000000000000000e+00
0.000000000000000000e+00
8.207972309115360687e+00
1.050233457060455855e+01
0.000000000000000000e+00
0.000000000000000000e+00
0.000000000000000000e+00
2.254067473662282595e+01
0.000000000000000000e+00
2.741389080145705393e+01
0.000000000000000000e+00
2.354067473662281529e+01
1.854067473662283660e+01
2.054067473662278331e+01
2.454067473662279042e+01
0.000000000000000000e+00
0.000000000000000000e+00
3.641389080145705037e+01
0.000000000000000000e+00
3.641389080145705037e+01
0.000000000000000000e+00
0.000000000000000000e+00
0.000000000000000000e+00
0.000000000000000000e+00
3.612678393516567610e+01
1.354067473662271226e+01
0.000000000000000000e+00
3.441389080145708590e+01
0.000000000000000000e+00
0.000000000000000000e+00
0.000000000000000000e+00
0.000000000000000000e+00
2.041389080145701840e+01
0.000000000000000000e+00
2.454067473662279042e+01
2.454067473662279042e+01
0.000000000000000000e+00
0.000000000000000000e+00
0.000000000000000000e+00
0.000000000000000000e+00
0.000000000000000000e+00
0.000000000000000000e+00
0.000000000000000000e+00
0.000000000000000000e+00
6.236102137592753891e+00
0.000000000000000000e+00
0.000000000000000000e+00
0.000000000000000000e+00
3.241389080145707879e+01
0.000000000000000000e+00
-1.743268840835058953e+00
0.000000000000000000e+00
0.000000000000000000e+00
0.000000000000000000e+00
0.000000000000000000e+00
8.540674736622740681e+00
9.207972309115366016e+00
2.454067473662279042e+01
0.000000000000000000e+00
0.000000000000000000e+00
0.000000000000000000e+00
2.169632143097156796e+00
0.000000000000000000e+00
0.000000000000000000e+00
5.169632143097146582e+00
0.000000000000000000e+00
1.420797230911538023e+01
3.241389080145707879e+01
0.000000000000000000e+00
2.354067473662281529e+01
0.000000000000000000e+00
-3.021632104703963595e+00
0.000000000000000000e+00
0.000000000000000000e+00
6.877681344259094498e-01
3.207972309115382448e+00
2.341389080145698287e+01
3.041389080145710011e+01
0.000000000000000000e+00
9.207972309115366016e+00
0.000000000000000000e+00
1.550233457060451059e+01
0.000000000000000000e+00
0.000000000000000000e+00
1.809323445898215255e+01
0.000000000000000000e+00
0.000000000000000000e+00
0.000000000000000000e+00
3.041389080145710011e+01
0.000000000000000000e+00
1.169632143097159904e+00
1.696321430971556576e-01
0.000000000000000000e+00
2.471890994469072567e+00
0.000000000000000000e+00
0.000000000000000000e+00
0.000000000000000000e+00
0.000000000000000000e+00
2.354067473662281529e+01
1.120797230911538378e+01
0.000000000000000000e+00
1.320797230911535358e+01
0.000000000000000000e+00
0.000000000000000000e+00
3.169632143097154575e+00
1.169632143097159904e+00
0.000000000000000000e+00
0.000000000000000000e+00
3.169632143097154575e+00
3.441389080145708590e+01
1.420797230911538023e+01
0.000000000000000000e+00
0.000000000000000000e+00
1.420797230911538023e+01
0.000000000000000000e+00
0.000000000000000000e+00
0.000000000000000000e+00
3.641389080145705037e+01
3.641389080145705037e+01
0.000000000000000000e+00
0.000000000000000000e+00
1.220797230911537490e+01
9.207972309115366016e+00
1.481373513333168690e+00
0.000000000000000000e+00
0.000000000000000000e+00
0.000000000000000000e+00
0.000000000000000000e+00
0.000000000000000000e+00
3.641389080145705037e+01
0.000000000000000000e+00
0.000000000000000000e+00
0.000000000000000000e+00
0.000000000000000000e+00
0.000000000000000000e+00
0.000000000000000000e+00
0.000000000000000000e+00
2.054067473662278331e+01
0.000000000000000000e+00
0.000000000000000000e+00
0.000000000000000000e+00
0.000000000000000000e+00
0.000000000000000000e+00
0.000000000000000000e+00
5.502692750356454887e+00
0.000000000000000000e+00
5.207972309115362464e+00
2.741389080145705393e+01
3.041389080145710011e+01
0.000000000000000000e+00
0.000000000000000000e+00
0.000000000000000000e+00
0.000000000000000000e+00
2.254067473662282595e+01
0.000000000000000000e+00
3.641389080145705037e+01
0.000000000000000000e+00
2.354067473662281529e+01
0.000000000000000000e+00
0.000000000000000000e+00
0.000000000000000000e+00
0.000000000000000000e+00
0.000000000000000000e+00
0.000000000000000000e+00
2.154067473662280818e+01
0.000000000000000000e+00
0.000000000000000000e+00
1.352380753655952006e+01
3.341389080145708590e+01
0.000000000000000000e+00
0.000000000000000000e+00
0.000000000000000000e+00
0.000000000000000000e+00
0.000000000000000000e+00
-2.801636109658959484e+00
0.000000000000000000e+00
0.000000000000000000e+00
0.000000000000000000e+00
0.000000000000000000e+00
8.509207124150998780e+00
0.000000000000000000e+00
0.000000000000000000e+00
0.000000000000000000e+00
2.941389080145708235e+01
2.169632143097156796e+00
0.000000000000000000e+00
0.000000000000000000e+00
0.000000000000000000e+00
0.000000000000000000e+00
6.504337305766665800e+00
3.641389080145705037e+01
0.000000000000000000e+00
0.000000000000000000e+00
0.000000000000000000e+00
0.000000000000000000e+00
0.000000000000000000e+00
0.000000000000000000e+00
0.000000000000000000e+00
0.000000000000000000e+00
0.000000000000000000e+00
1.754067473662280108e+01
0.000000000000000000e+00
1.169632143097159904e+00
0.000000000000000000e+00
0.000000000000000000e+00
2.254067473662282595e+01
0.000000000000000000e+00
0.000000000000000000e+00
0.000000000000000000e+00
0.000000000000000000e+00
0.000000000000000000e+00
0.000000000000000000e+00
0.000000000000000000e+00
0.000000000000000000e+00
0.000000000000000000e+00
2.841389080145702906e+01
1.220797230911537490e+01
0.000000000000000000e+00
0.000000000000000000e+00
0.000000000000000000e+00
0.000000000000000000e+00
1.420797230911538023e+01
0.000000000000000000e+00
0.000000000000000000e+00
0.000000000000000000e+00
0.000000000000000000e+00
0.000000000000000000e+00
0.000000000000000000e+00
3.612696974835597530e+01
0.000000000000000000e+00
0.000000000000000000e+00
0.000000000000000000e+00
2.496707982059440223e+00
0.000000000000000000e+00
0.000000000000000000e+00
0.000000000000000000e+00
2.354067473662281529e+01
2.354067473662281529e+01
2.454067473662279042e+01
0.000000000000000000e+00
0.000000000000000000e+00
0.000000000000000000e+00
0.000000000000000000e+00
0.000000000000000000e+00
0.000000000000000000e+00
0.000000000000000000e+00
0.000000000000000000e+00
1.320797230911535358e+01
0.000000000000000000e+00
0.000000000000000000e+00
7.207972309115345588e+00
0.000000000000000000e+00
0.000000000000000000e+00
0.000000000000000000e+00
0.000000000000000000e+00
0.000000000000000000e+00
0.000000000000000000e+00
0.000000000000000000e+00
0.000000000000000000e+00
0.000000000000000000e+00
0.000000000000000000e+00
2.454067473662279042e+01
0.000000000000000000e+00
0.000000000000000000e+00
0.000000000000000000e+00
0.000000000000000000e+00
0.000000000000000000e+00
0.000000000000000000e+00
0.000000000000000000e+00
0.000000000000000000e+00
1.654067473662275489e+01
0.000000000000000000e+00
0.000000000000000000e+00
0.000000000000000000e+00
1.455572896627245871e+00
0.000000000000000000e+00
0.000000000000000000e+00
0.000000000000000000e+00
-1.278099419354366661e+00
3.341389080145708590e+01
3.041389080145710011e+01
0.000000000000000000e+00
0.000000000000000000e+00
1.120797230911538378e+01
0.000000000000000000e+00
0.000000000000000000e+00
1.120797230911538378e+01
0.000000000000000000e+00
3.441389080145708590e+01
0.000000000000000000e+00
0.000000000000000000e+00
0.000000000000000000e+00
2.841389080145702906e+01
0.000000000000000000e+00
0.000000000000000000e+00
0.000000000000000000e+00
0.000000000000000000e+00
0.000000000000000000e+00
0.000000000000000000e+00
0.000000000000000000e+00
0.000000000000000000e+00
0.000000000000000000e+00
0.000000000000000000e+00
0.000000000000000000e+00
3.169632143097154575e+00
0.000000000000000000e+00
3.441389080145708590e+01
0.000000000000000000e+00
3.541389080145705037e+01
3.012678393516569741e+01
-3.853331649336324549e+00
3.241389080145707879e+01
0.000000000000000000e+00
3.241389080145707879e+01
8.502334570604553221e+00
0.000000000000000000e+00
0.000000000000000000e+00
0.000000000000000000e+00
2.354067473662281529e+01
0.000000000000000000e+00
8.207972309115360687e+00
1.220797230911537490e+01
0.000000000000000000e+00
0.000000000000000000e+00
0.000000000000000000e+00
0.000000000000000000e+00
3.641389080145705037e+01
3.426768113060307375e+00
0.000000000000000000e+00
0.000000000000000000e+00
0.000000000000000000e+00
0.000000000000000000e+00
9.519671774492913130e+00
0.000000000000000000e+00
0.000000000000000000e+00
0.000000000000000000e+00
2.212783202206400901e+01
0.000000000000000000e+00
3.141389080145708235e+01
2.454067473662279042e+01
3.641389080145705037e+01
0.000000000000000000e+00
1.854067473662283660e+01
0.000000000000000000e+00
0.000000000000000000e+00
0.000000000000000000e+00
1.668524318163393749e+00
0.000000000000000000e+00
0.000000000000000000e+00
1.420797230911538023e+01
0.000000000000000000e+00
0.000000000000000000e+00
2.441389080145698998e+01
0.000000000000000000e+00
0.000000000000000000e+00
0.000000000000000000e+00
0.000000000000000000e+00
1.954067473662280818e+01
0.000000000000000000e+00
0.000000000000000000e+00
0.000000000000000000e+00
2.054067473662278331e+01
0.000000000000000000e+00
0.000000000000000000e+00
0.000000000000000000e+00
0.000000000000000000e+00
1.220797230911537490e+01
0.000000000000000000e+00
0.000000000000000000e+00
-2.617808870254910492e+00
0.000000000000000000e+00
0.000000000000000000e+00
1.420797230911538023e+01
3.541389080145705037e+01
2.312783202206400546e+01
0.000000000000000000e+00
0.000000000000000000e+00
0.000000000000000000e+00
2.354067473662281529e+01
0.000000000000000000e+00
0.000000000000000000e+00
0.000000000000000000e+00
3.312696974835606056e+01
0.000000000000000000e+00
0.000000000000000000e+00
0.000000000000000000e+00
2.136486960043858740e+00
0.000000000000000000e+00
0.000000000000000000e+00
0.000000000000000000e+00
3.541389080145705037e+01
3.541389080145705037e+01
0.000000000000000000e+00
3.541389080145705037e+01
0.000000000000000000e+00
2.354067473662281529e+01
3.481373513333174241e+00
0.000000000000000000e+00
0.000000000000000000e+00
0.000000000000000000e+00
0.000000000000000000e+00
0.000000000000000000e+00
0.000000000000000000e+00
3.112783202206389532e+01
0.000000000000000000e+00
0.000000000000000000e+00
0.000000000000000000e+00
0.000000000000000000e+00
0.000000000000000000e+00
4.169632143097158128e+00
0.000000000000000000e+00
0.000000000000000000e+00
0.000000000000000000e+00
0.000000000000000000e+00
2.054067473662278331e+01
0.000000000000000000e+00
0.000000000000000000e+00
0.000000000000000000e+00
0.000000000000000000e+00
0.000000000000000000e+00
0.000000000000000000e+00
3.541389080145705037e+01
0.000000000000000000e+00
0.000000000000000000e+00
1.954067473662280818e+01
0.000000000000000000e+00
0.000000000000000000e+00
0.000000000000000000e+00
2.254067473662282595e+01
8.955300989724069183e+00
0.000000000000000000e+00
2.041389080145701840e+01
7.526443655561939394e+00
1.169632143097159904e+00
9.207972309115366016e+00
0.000000000000000000e+00
0.000000000000000000e+00
8.540674736622740681e+00
0.000000000000000000e+00
0.000000000000000000e+00
0.000000000000000000e+00
0.000000000000000000e+00
0.000000000000000000e+00
2.254067473662282595e+01
0.000000000000000000e+00
0.000000000000000000e+00
0.000000000000000000e+00
0.000000000000000000e+00
0.000000000000000000e+00
0.000000000000000000e+00
-1.096704734664454062e+00
1.250920712415099523e+01
0.000000000000000000e+00
0.000000000000000000e+00
1.754067473662280108e+01
0.000000000000000000e+00
2.841389080145702906e+01
0.000000000000000000e+00
5.479728957922974431e+00
0.000000000000000000e+00
0.000000000000000000e+00
0.000000000000000000e+00
0.000000000000000000e+00
2.354067473662281529e+01
0.000000000000000000e+00
0.000000000000000000e+00
0.000000000000000000e+00
0.000000000000000000e+00
1.454067473662268029e+01
2.454067473662279042e+01
8.756113559564673299e-01
0.000000000000000000e+00
0.000000000000000000e+00
0.000000000000000000e+00
0.000000000000000000e+00
1.020797230911536602e+01
0.000000000000000000e+00
1.154067473662271226e+01
2.641389080145701840e+01
0.000000000000000000e+00
2.254067473662282595e+01
0.000000000000000000e+00
0.000000000000000000e+00
0.000000000000000000e+00
0.000000000000000000e+00
0.000000000000000000e+00
0.000000000000000000e+00
0.000000000000000000e+00
2.519309123562310848e+00
0.000000000000000000e+00
0.000000000000000000e+00
0.000000000000000000e+00
0.000000000000000000e+00
0.000000000000000000e+00
0.000000000000000000e+00
3.541389080145705037e+01
3.641389080145705037e+01
0.000000000000000000e+00
1.954067473662280818e+01
0.000000000000000000e+00
0.000000000000000000e+00
1.450269275035637584e+01
0.000000000000000000e+00
0.000000000000000000e+00
0.000000000000000000e+00
0.000000000000000000e+00
0.000000000000000000e+00
-5.489834516100211559e+00
0.000000000000000000e+00
0.000000000000000000e+00
0.000000000000000000e+00
0.000000000000000000e+00
0.000000000000000000e+00
1.554067473662273180e+01
3.541389080145705037e+01
0.000000000000000000e+00
0.000000000000000000e+00
0.000000000000000000e+00
0.000000000000000000e+00
0.000000000000000000e+00
0.000000000000000000e+00
3.541389080145705037e+01
0.000000000000000000e+00
0.000000000000000000e+00
0.000000000000000000e+00
6.207972309115365128e+00
0.000000000000000000e+00
2.454067473662279042e+01
3.541389080145705037e+01
2.054067473662278331e+01
1.320797230911535358e+01
0.000000000000000000e+00
0.000000000000000000e+00
0.000000000000000000e+00
1.654067473662275489e+01
4.431334735638947642e+00
0.000000000000000000e+00
0.000000000000000000e+00
0.000000000000000000e+00
0.000000000000000000e+00
