1.188630465629619337e+01
0.000000000000000000e+00
0.000000000000000000e+00
0.000000000000000000e+00
0.000000000000000000e+00
0.000000000000000000e+00
1.611547992653673267e-01
0.000000000000000000e+00
1.197246946281309299e+01
0.000000000000000000e+00
0.000000000000000000e+00
5.237568757634724292e+00
1.955492403403500035e+01
1.286374935740831127e+01
1.010913118598780303e+00
0.000000000000000000e+00
0.000000000000000000e+00
0.000000000000000000e+00
1.144519847010977465e+01
0.000000000000000000e+00
0.000000000000000000e+00
0.000000000000000000e+00
0.000000000000000000e+00
0.000000000000000000e+00
6.577386806194486013e+00
0.000000000000000000e+00
0.000000000000000000e+00
0.000000000000000000e+00
0.000000000000000000e+00
0.000000000000000000e+00
1.168693062948051101e-02
0.000000000000000000e+00
0.000000000000000000e+00
0.000000000000000000e+00
0.000000000000000000e+00
2.355282161285052211e+01
0.000000000000000000e+00
0.000000000000000000e+00
0.000000000000000000e+00
2.982107235085200703e+00
0.000000000000000000e+00
1.072733334872013167e+01
1.658197352627156818e+01
1.010913118598780303e+00
0.000000000000000000e+00
0.000000000000000000e+00
0.000000000000000000e+00
2.687179481921884161e+00
0.000000000000000000e+00
0.000000000000000000e+00
1.514534868401392664e+01
0.000000000000000000e+00
0.000000000000000000e+00
0.000000000000000000e+00
3.680068448426180971e+00
0.000000000000000000e+00
0.000000000000000000e+00
6.926831995768830907e+00
1.019237638504718113e+01
0.000000000000000000e+00
7.505940283502097188e+00
1.862563799389464814e+00
0.000000000000000000e+00
0.000000000000000000e+00
0.000000000000000000e+00
6.219645174886240940e-02
0.000000000000000000e+00
1.328006805533623869e+01
0.000000000000000000e+00
4.380877831919250731e+00
0.000000000000000000e+00
8.631579341595346122e+00
0.000000000000000000e+00
3.867757864084699460e+00
0.000000000000000000e+00
1.099277128660623504e+01
6.483324303483071205e+00
0.000000000000000000e+00
0.000000000000000000e+00
6.333587193217580236e+00
0.000000000000000000e+00
0.000000000000000000e+00
9.936039278523847162e-01
1.232534539667870099e+01
0.000000000000000000e+00
0.000000000000000000e+00
0.000000000000000000e+00
0.000000000000000000e+00
0.000000000000000000e+00
0.000000000000000000e+00
9.400915198015647789e+00
5.264074691106780612e+00
5.220713159276036741e+00
7.883485966348385832e-02
1.755843450958249008e+01
0.000000000000000000e+00
1.003360908456757272e+01
0.000000000000000000e+00
0.000000000000000000e+00
0.000000000000000000e+00
4.009008040709467584e-03
0.000000000000000000e+00
8.706399029241108423e+00
6.381420592680111525e-01
9.805577892586811103e-03
1.323274150025490670e+01
1.158453456145703386e+00
6.876813896211152688e+00
2.651550499986113252e+00
1.018666429288604647e+01
1.286378256208694637e+01
2.103486158632632275e-01
6.156752949548686793e+00
0.000000000000000000e+00
0.000000000000000000e+00
0.000000000000000000e+00
1.059487662684456133e+01
0.000000000000000000e+00
0.000000000000000000e+00
9.423276327376376216e+00
0.000000000000000000e+00
4.644452494866095904e+00
0.000000000000000000e+00
2.155743450364515112e+01
0.000000000000000000e+00
1.238099134464317785e+01
1.959795354116545596e+01
0.000000000000000000e+00
0.000000000000000000e+00
3.574360847725516432e+00
0.000000000000000000e+00
7.505940283502097188e+00
0.000000000000000000e+00
4.156787043502450985e+00
0.000000000000000000e+00
0.000000000000000000e+00
1.425027307857247649e+01
1.514534868401392664e+01
0.000000000000000000e+00
3.095018843520270374e-02
0.000000000000000000e+00
0.000000000000000000e+00
3.852378708881419200e+00
4.940097700224664656e+00
0.000000000000000000e+00
0.000000000000000000e+00
3.628082860714698654e+00
5.866173306932072506e+00
0.000000000000000000e+00
0.000000000000000000e+00
9.379824064393870842e+00
1.151631384526732660e+01
0.000000000000000000e+00
0.000000000000000000e+00
2.230920001838449629e+00
0.000000000000000000e+00
7.861750941316353325e-01
1.237834409258792157e+01
9.922209578677582131e-01
1.417173880368461880e+01
1.099154988744950145e+01
0.000000000000000000e+00
0.000000000000000000e+00
2.155595353740922704e+01
8.986302650462903330e+00
1.955745207583978384e+01
8.229710083777373342e+00
0.000000000000000000e+00
6.038223969417663151e-01
4.577799637080139372e-01
0.000000000000000000e+00
6.055292508640345295e-01
0.000000000000000000e+00
7.835530000357130653e+00
1.955492403403500035e+01
0.000000000000000000e+00
1.866260453354839033e+00
1.820525681115044980e-01
6.024736831964840889e-01
0.000000000000000000e+00
1.513828441602803032e+01
7.816163123966604065e-01
2.156495615816985278e+01
2.648735268906105667e+00
7.958378702205256339e+00
0.000000000000000000e+00
0.000000000000000000e+00
1.862388519532758746e+00
0.000000000000000000e+00
1.425588964745451293e+01
3.888870440501462689e+00
2.255294134232024206e+01
0.000000000000000000e+00
1.186719406175749825e+01
0.000000000000000000e+00
0.000000000000000000e+00
0.000000000000000000e+00
6.243961311274181192e+00
1.765596730529657066e+01
1.514534868401392664e+01
0.000000000000000000e+00
0.000000000000000000e+00
3.888907652910699841e+00
4.781525341380287591e-02
5.296888176583157914e+00
0.000000000000000000e+00
9.233498297328145199e+00
2.314811272959428123e+00
0.000000000000000000e+00
6.169760411777262810e-02
0.000000000000000000e+00
0.000000000000000000e+00
0.000000000000000000e+00
0.000000000000000000e+00
1.025568371238601628e+01
0.000000000000000000e+00
0.000000000000000000e+00
0.000000000000000000e+00
0.000000000000000000e+00
1.016570725281864895e+01
4.105480474931394674e+00
3.852658136299718983e+00
0.000000000000000000e+00
0.000000000000000000e+00
1.513762540248984934e+01
0.000000000000000000e+00
0.000000000000000000e+00
1.196828988997238596e+01
0.000000000000000000e+00
7.949684404104245594e+00
2.322336008206601576e+00
0.000000000000000000e+00
0.000000000000000000e+00
0.000000000000000000e+00
0.000000000000000000e+00
2.155484790455658839e+01
5.221328664423118937e+00
9.065728427388473065e+00
0.000000000000000000e+00
0.000000000000000000e+00
6.485825061514670864e+00
1.416912762236864154e+01
0.000000000000000000e+00
0.000000000000000000e+00
1.417173880368461880e+01
0.000000000000000000e+00
0.000000000000000000e+00
4.675016414399137815e-02
0.000000000000000000e+00
3.016216582693118098e-02
9.416938120620642394e+00
0.000000000000000000e+00
0.000000000000000000e+00
4.090900684478618210e+00
0.000000000000000000e+00
1.085988381563261357e-01
9.850047633195357477e+00
1.233479102922483001e-01
0.000000000000000000e+00
5.836888805762070476e+00
0.000000000000000000e+00
0.000000000000000000e+00
1.959795354116545596e+01
9.544699382122871612e+00
0.000000000000000000e+00
0.000000000000000000e+00
6.304497380475534207e+00
2.468980719163881010e-01
0.000000000000000000e+00
1.514534868401392664e+01
4.764215981188666404e+00
0.000000000000000000e+00
0.000000000000000000e+00
0.000000000000000000e+00
0.000000000000000000e+00
2.261081541716562171e+00
2.739630184348149200e+00
0.000000000000000000e+00
2.618617367388928141e+00
1.514534868401392664e+01
0.000000000000000000e+00
0.000000000000000000e+00
1.117820492034515034e+01
0.000000000000000000e+00
0.000000000000000000e+00
7.881911529096908842e-01
2.455246165967943739e+01
5.792690387310512889e+00
7.159494694775497159e+00
0.000000000000000000e+00
0.000000000000000000e+00
0.000000000000000000e+00
2.903465358040179023e+00
2.455647066772014497e+01
2.421784250471529509e-01
1.329385952104758850e+01
0.000000000000000000e+00
7.167514382087786018e+00
1.859516989249116037e+01
0.000000000000000000e+00
0.000000000000000000e+00
5.223186662958252846e+00
0.000000000000000000e+00
1.016526751360621361e+01
1.652918377920553072e-01
0.000000000000000000e+00
6.200120654946410931e-02
0.000000000000000000e+00
3.149378052162733754e-02
0.000000000000000000e+00
0.000000000000000000e+00
0.000000000000000000e+00
6.073398525674119641e-01
1.756417154885542331e+01
0.000000000000000000e+00
0.000000000000000000e+00
1.756078609814402824e+01
4.037652272310242374e+00
4.640031286726331139e+00
0.000000000000000000e+00
0.000000000000000000e+00
2.255886771780626887e+01
0.000000000000000000e+00
3.582964246392596586e+00
0.000000000000000000e+00
7.014532630851373352e-01
0.000000000000000000e+00
5.226524695733065329e+00
0.000000000000000000e+00
0.000000000000000000e+00
9.118094514800761274e+00
0.000000000000000000e+00
0.000000000000000000e+00
9.818815444016589566e+00
0.000000000000000000e+00
0.000000000000000000e+00
0.000000000000000000e+00
8.363742287175830015e+00
0.000000000000000000e+00
1.557789640518336682e+01
1.093384350264551408e+01
0.000000000000000000e+00
0.000000000000000000e+00
6.485825061514670864e+00
4.090284970363091688e+00
1.862388519532758746e+00
0.000000000000000000e+00
2.643151778097764470e+00
1.254724446158697049e-01
1.326226347294973884e+01
2.524172794341928427e-01
8.229710083777373342e+00
0.000000000000000000e+00
1.259267746794084097e-01
6.802764451155856040e-01
0.000000000000000000e+00
0.000000000000000000e+00
0.000000000000000000e+00
0.000000000000000000e+00
5.237568757634724292e+00
0.000000000000000000e+00
6.156752949548686793e+00
1.064435930674114417e+01
4.955044527513350339e+00
2.468980719163881010e-01
2.452502490459500806e-01
0.000000000000000000e+00
1.418629204669214339e+01
0.000000000000000000e+00
3.097754948970730560e+00
2.142219904513647410e+00
4.025075068451553495e-01
2.256445399428320542e+01
3.622938086925935330e-01
0.000000000000000000e+00
0.000000000000000000e+00
0.000000000000000000e+00
0.000000000000000000e+00
1.004988811474557764e+00
0.000000000000000000e+00
0.000000000000000000e+00
6.200120654946410931e-02
1.365723003530327162e+01
2.656692196454667698e+00
2.656692196454667698e+00
0.000000000000000000e+00
0.000000000000000000e+00
8.649203320092537339e+00
3.144496174281488976e+00
0.000000000000000000e+00
8.418187993002195668e+00
7.783926248147178262e-01
8.609473455605014536e+00
1.099530731076537116e+01
1.016903216671872201e+01
7.505940283502097188e+00
0.000000000000000000e+00
2.938123055587824606e+00
1.323274150025490670e+01
0.000000000000000000e+00
1.515480966649746719e+01
3.673909617428825936e+00
1.464205445412795514e+00
0.000000000000000000e+00
0.000000000000000000e+00
1.095852530595472274e+01
0.000000000000000000e+00
0.000000000000000000e+00
9.775087074678456389e+00
9.899688891108968658e-01
0.000000000000000000e+00
4.763932592913890929e+00
0.000000000000000000e+00
0.000000000000000000e+00
0.000000000000000000e+00
2.355665035036093613e+01
4.106929009160166011e+00
7.883485966348385832e-02
4.940097700224664656e+00
1.144519847010977465e+01
2.055406701165691175e+01
1.544490078932104105e+00
2.640829909600734382e+00
1.558677734887825750e+01
0.000000000000000000e+00
4.545074820107621316e-01
0.000000000000000000e+00
1.273767467477891735e+01
0.000000000000000000e+00
0.000000000000000000e+00
0.000000000000000000e+00
0.000000000000000000e+00
8.749151365523783141e+00
1.298695448821409748e-01
7.537778827413617044e+00
0.000000000000000000e+00
0.000000000000000000e+00
2.190718876843254392e+00
0.000000000000000000e+00
0.000000000000000000e+00
0.000000000000000000e+00
0.000000000000000000e+00
1.332582648046684248e+01
0.000000000000000000e+00
0.000000000000000000e+00
5.057655636375738561e-01
0.000000000000000000e+00
0.000000000000000000e+00
1.365832514419394172e+01
0.000000000000000000e+00
0.000000000000000000e+00
6.169760411777262810e-02
7.835530000357130653e+00
0.000000000000000000e+00
9.961385055537407496e+00
0.000000000000000000e+00
1.652918377920553072e-01
0.000000000000000000e+00
0.000000000000000000e+00
1.970437900414685028e+00
0.000000000000000000e+00
0.000000000000000000e+00
0.000000000000000000e+00
3.716273065982229173e+00
0.000000000000000000e+00
0.000000000000000000e+00
0.000000000000000000e+00
0.000000000000000000e+00
0.000000000000000000e+00
2.231095428596720165e+00
3.643696751568163972e-01
0.000000000000000000e+00
2.755243552850182098e+01
2.555496357030668975e+01
0.000000000000000000e+00
1.417173880368461880e+01
1.580920415002677260e+01
0.000000000000000000e+00
1.095752144707344122e+01
0.000000000000000000e+00
9.361280828520513353e+00
9.369237323479651991e+00
6.485825061514670864e+00
0.000000000000000000e+00
0.000000000000000000e+00
0.000000000000000000e+00
7.717546379415789914e+00
0.000000000000000000e+00
1.820525681115044980e-01
1.656381591040473467e+01
2.547099172081318308e+00
1.709154273037067351e-01
9.877492462318032906e+00
0.000000000000000000e+00
0.000000000000000000e+00
5.375476139839803658e+00
0.000000000000000000e+00
0.000000000000000000e+00
1.276558438784917371e+01
1.460474457714309970e+01
6.483939832007344251e+00
9.775087074678456389e+00
1.273785040494759535e+01
0.000000000000000000e+00
0.000000000000000000e+00
1.354151572840486262e+00
0.000000000000000000e+00
0.000000000000000000e+00
6.333587193217580236e+00
0.000000000000000000e+00
0.000000000000000000e+00
1.158448856437608221e+01
0.000000000000000000e+00
1.016526751360621361e+01
2.255695035036094609e+01
0.000000000000000000e+00
2.155360194884768532e+01
1.186719406175749825e+01
9.376801398680989053e+00
0.000000000000000000e+00
1.064004050931805501e-01
0.000000000000000000e+00
1.274582056984086798e+01
0.000000000000000000e+00
1.829333083919957748e+00
0.000000000000000000e+00
0.000000000000000000e+00
0.000000000000000000e+00
0.000000000000000000e+00
1.324281205389658922e+01
0.000000000000000000e+00
3.571881210695727393e+00
6.440569704310100896e+00
0.000000000000000000e+00
2.356105465409706312e+01
0.000000000000000000e+00
5.604616326531560055e+00
0.000000000000000000e+00
0.000000000000000000e+00
0.000000000000000000e+00
8.593210430158575441e-01
0.000000000000000000e+00
0.000000000000000000e+00
8.986302650462903330e+00
0.000000000000000000e+00
2.455307785213511451e+01
1.855615035416092340e+01
1.460351048981818245e+01
4.090900684478618210e+00
0.000000000000000000e+00
0.000000000000000000e+00
1.242923229939094210e+00
2.914450288350215690e+00
3.549609281758295598e+00
4.019583343783574292e-01
9.736753181891147912e-01
0.000000000000000000e+00
2.455388406863158579e+01
2.954597337125433598e-02
1.878238425022144664e+00
1.514288520407388283e+01
9.269729615924186206e+00
9.142049291949112089e+00
1.959795354116545596e+01
0.000000000000000000e+00
9.040439208592595532e-01
2.055807601969761933e+01
0.000000000000000000e+00
1.018333950997987003e+01
1.240482987355342281e+01
1.445230586105467063e-01
0.000000000000000000e+00
7.242430902284258565e+00
2.555496357030668975e+01
0.000000000000000000e+00
0.000000000000000000e+00
0.000000000000000000e+00
6.577386806194486013e+00
0.000000000000000000e+00
2.897047739923190424e+00
6.484736986785387458e+00
0.000000000000000000e+00
0.000000000000000000e+00
0.000000000000000000e+00
1.460395022903062134e+01
2.914450288350215690e+00
0.000000000000000000e+00
3.257849513848768197e+00
0.000000000000000000e+00
0.000000000000000000e+00
0.000000000000000000e+00
1.829333083919957748e+00
7.891027802951912307e+00
6.998786604732759820e+00
1.016509106036297183e+01
3.648083423583362711e-02
9.102809189288453950e+00
0.000000000000000000e+00
0.000000000000000000e+00
0.000000000000000000e+00
0.000000000000000000e+00
0.000000000000000000e+00
1.323274150025490670e+01
9.370024430924544845e+00
7.211351053322128557e+00
1.232534539667870099e+01
9.775087074678456389e+00
0.000000000000000000e+00
3.016216582693118098e-02
6.855125881325905723e+00
1.514534868401392664e+01
6.638942692848769589e+00
3.363365901192413854e-01
0.000000000000000000e+00
1.855757276311306470e+01
0.000000000000000000e+00
1.460333453127490877e+01
0.000000000000000000e+00
0.000000000000000000e+00
1.534185949579274899e+00
1.515537025941910620e+01
0.000000000000000000e+00
1.570216971277788609e+01
0.000000000000000000e+00
3.363365901192413854e-01
1.422408952142927875e-03
7.920998987987071249e-01
3.852658136299718983e+00
2.903465358040179023e+00
2.555243552850190625e+01
0.000000000000000000e+00
0.000000000000000000e+00
1.945564152596279683e+00
2.055468320411259242e+01
0.000000000000000000e+00
0.000000000000000000e+00
0.000000000000000000e+00
3.359678529761544324e-02
1.657465341661631442e+01
8.986302650462903330e+00
0.000000000000000000e+00
0.000000000000000000e+00
5.842728973388240377e+00
8.706399029241108423e+00
5.296888176583157914e+00
0.000000000000000000e+00
0.000000000000000000e+00
0.000000000000000000e+00
0.000000000000000000e+00
0.000000000000000000e+00
1.417173880368461880e+01
0.000000000000000000e+00
0.000000000000000000e+00
2.618617367388928141e+00
1.689933931839223136e-01
2.032404724770678073e-01
1.058294279395900067e-01
6.073398525674119641e-01
8.315298649034261302e+00
1.419292983267641439e+01
0.000000000000000000e+00
2.855243552850179256e+01
0.000000000000000000e+00
8.601852128776217299e+00
1.059487662684456133e+01
1.755968046529138959e+01
1.205464611283177057e+01
2.155360194884768532e+01
0.000000000000000000e+00
6.432772896118964245e-02
0.000000000000000000e+00
2.281768992629852999e+00
0.000000000000000000e+00
0.000000000000000000e+00
0.000000000000000000e+00
0.000000000000000000e+00
1.769019563713973286e-01
0.000000000000000000e+00
0.000000000000000000e+00
1.116452486909712682e+01
0.000000000000000000e+00
1.286374935740831127e+01
0.000000000000000000e+00
4.042623788928099704e-01
1.952634308616655545e+00
3.202135031090578288e+00
0.000000000000000000e+00
0.000000000000000000e+00
0.000000000000000000e+00
0.000000000000000000e+00
0.000000000000000000e+00
3.580009519181002631e+00
7.229777661223698360e+00
0.000000000000000000e+00
0.000000000000000000e+00
5.223186662958252846e+00
6.248111772170344969e-02
4.101413099489121805e+00
0.000000000000000000e+00
7.505940283502097188e+00
6.489139991809099506e+00
0.000000000000000000e+00
6.156752949548686793e+00
0.000000000000000000e+00
1.445230586105467063e-01
1.085245712211812119e+01
9.775087074678456389e+00
8.986302650462903330e+00
0.000000000000000000e+00
0.000000000000000000e+00
4.671406168450322305e+00
0.000000000000000000e+00
4.202973879904374321e+00
0.000000000000000000e+00
0.000000000000000000e+00
1.365974654753725837e+01
1.073798564860334182e+01
3.202135031090578288e+00
0.000000000000000000e+00
0.000000000000000000e+00
4.560285683506047683e+00
1.560475672039325623e+01
0.000000000000000000e+00
0.000000000000000000e+00
9.374418627371854384e+00
0.000000000000000000e+00
2.656692196454667698e+00
3.674782309289418514e+00
0.000000000000000000e+00
7.802030883560384655e-01
0.000000000000000000e+00
1.327945846496799120e+01
1.857524438033293990e+01
0.000000000000000000e+00
0.000000000000000000e+00
0.000000000000000000e+00
0.000000000000000000e+00
1.959795354116545596e+01
1.176487367761392377e+01
0.000000000000000000e+00
1.165541193621701410e+01
1.855676654661660052e+01
0.000000000000000000e+00
0.000000000000000000e+00
0.000000000000000000e+00
0.000000000000000000e+00
3.643696751568163972e-01
2.055424346490015353e+01
1.764430471858693616e+00
1.803465878771504549e+00
5.870785210230434537e+00
0.000000000000000000e+00
6.226137634576817348e+00
2.057336769776706475e+01
3.530509423582297024e-01
0.000000000000000000e+00
0.000000000000000000e+00
2.954597337125433598e-02
0.000000000000000000e+00
0.000000000000000000e+00
1.558126377922498129e+01
2.617737192393999046e-01
0.000000000000000000e+00
1.176428262488682464e+01
0.000000000000000000e+00
0.000000000000000000e+00
0.000000000000000000e+00
1.756417154885542331e+01
0.000000000000000000e+00
0.000000000000000000e+00
0.000000000000000000e+00
3.103882305093415450e+00
0.000000000000000000e+00
0.000000000000000000e+00
0.000000000000000000e+00
0.000000000000000000e+00
0.000000000000000000e+00
0.000000000000000000e+00
0.000000000000000000e+00
0.000000000000000000e+00
3.261447426896650015e+00
7.953243794606517092e+00
5.516995435588619934e+00
0.000000000000000000e+00
1.460351048981818245e+01
0.000000000000000000e+00
1.472680893436609750e+01
0.000000000000000000e+00
0.000000000000000000e+00
9.775087074678456389e+00
2.755243552850182098e+01
2.249811724319613904e-01
1.989350862622563776e+00
0.000000000000000000e+00
1.184948849750969480e+01
0.000000000000000000e+00
0.000000000000000000e+00
1.365974654753725837e+01
2.655496357030666488e+01
0.000000000000000000e+00
3.095018843520270374e-02
1.273907723001705961e+01
0.000000000000000000e+00
4.115145979728032088e+00
1.755887424879492542e+01
0.000000000000000000e+00
0.000000000000000000e+00
1.328902700462973385e+01
0.000000000000000000e+00
1.099154988744950145e+01
2.982107235085200703e+00
0.000000000000000000e+00
8.601237455790498032e+00
3.048471701891565799e-01
0.000000000000000000e+00
0.000000000000000000e+00
2.700645347383711092e-01
0.000000000000000000e+00
4.009008040709467584e-03
1.323274150025490670e+01
0.000000000000000000e+00
1.365581477711551628e+01
0.000000000000000000e+00
1.989350862622563776e+00
0.000000000000000000e+00
0.000000000000000000e+00
0.000000000000000000e+00
0.000000000000000000e+00
0.000000000000000000e+00
2.761713025344337602e+00
1.196828988997238596e+01
3.852378708881419200e+00
0.000000000000000000e+00
5.179122735795758103e-01
2.155342549560444354e+01
9.055964745663313664e+00
0.000000000000000000e+00
0.000000000000000000e+00
0.000000000000000000e+00
2.104299241086930117e+00
1.417016307503575767e+01
0.000000000000000000e+00
3.016216582693118098e-02
0.000000000000000000e+00
0.000000000000000000e+00
1.956645469660040959e+01
4.007879273251690577e+00
9.775087074678456389e+00
0.000000000000000000e+00
0.000000000000000000e+00
2.231535167809154618e+00
3.095018843520270374e-02
0.000000000000000000e+00
1.422837170808606011e+01
2.055468320411259242e+01
1.540068611015486463e-02
0.000000000000000000e+00
9.118094514800761274e+00
6.814049029027600568e+00
1.862563799389464814e+00
9.954065900610087336e-01
0.000000000000000000e+00
1.859516989249116037e+01
3.852378708881419200e+00
4.090460945266182868e+00
9.386207695754228197e+00
8.986302650462903330e+00
0.000000000000000000e+00
1.365581477711551628e+01
0.000000000000000000e+00
6.440501813481062321e+00
0.000000000000000000e+00
1.855615035416092340e+01
2.599074871003891063e-02
0.000000000000000000e+00
2.190718876843254392e+00
0.000000000000000000e+00
1.514534868401392664e+01
0.000000000000000000e+00
0.000000000000000000e+00
0.000000000000000000e+00
0.000000000000000000e+00
0.000000000000000000e+00
0.000000000000000000e+00
0.000000000000000000e+00
0.000000000000000000e+00
0.000000000000000000e+00
0.000000000000000000e+00
4.577799637080139372e-01
7.905511569857528897e+00
0.000000000000000000e+00
0.000000000000000000e+00
0.000000000000000000e+00
0.000000000000000000e+00
0.000000000000000000e+00
7.690133959553058673e+00
1.064004050931805501e-01
0.000000000000000000e+00
2.142219904513647410e+00
0.000000000000000000e+00
0.000000000000000000e+00
0.000000000000000000e+00
0.000000000000000000e+00
0.000000000000000000e+00
5.667836983936786588e+00
1.096885422641977925e+01
1.254451982302252411e+01
0.000000000000000000e+00
0.000000000000000000e+00
1.335589362800855717e+00
1.154087688347387619e+01
3.091371007865653109e+00
0.000000000000000000e+00
3.362081237018142765e+00
4.091695966438170906e+00
9.805577892586811103e-03
1.558126377922498129e+01
1.858710755008597459e+01
1.533746210366840002e+00
0.000000000000000000e+00
5.532369198826858181e+00
0.000000000000000000e+00
0.000000000000000000e+00
1.575297486453837514e+01
0.000000000000000000e+00
0.000000000000000000e+00
0.000000000000000000e+00
0.000000000000000000e+00
1.564676153780747825e+01
0.000000000000000000e+00
6.038223969417663151e-01
3.257849513848768197e+00
0.000000000000000000e+00
0.000000000000000000e+00
0.000000000000000000e+00
4.600498121540919638e-01
1.144519847010977465e+01
6.381420592680111525e-01
7.028517671914526588e+00
1.144519847010977465e+01
0.000000000000000000e+00
1.417173880368461880e+01
2.414052032992727581e-01
0.000000000000000000e+00
1.070580821617685885e+01
2.655305172095756205e+01
7.505940283502097188e+00
0.000000000000000000e+00
0.000000000000000000e+00
0.000000000000000000e+00
5.296888176583157914e+00
0.000000000000000000e+00
1.514534868401392664e+01
2.459838101974355928e-01
8.366710790835089284e+00
0.000000000000000000e+00
0.000000000000000000e+00
7.505940283502097188e+00
0.000000000000000000e+00
0.000000000000000000e+00
2.618617367388928141e+00
2.256135465409707663e+01
0.000000000000000000e+00
0.000000000000000000e+00
9.721486148277257433e-01
1.196807982806682880e+00
1.425487754225547832e+01
0.000000000000000000e+00
0.000000000000000000e+00
0.000000000000000000e+00
0.000000000000000000e+00
1.514534868401392664e+01
0.000000000000000000e+00
0.000000000000000000e+00
0.000000000000000000e+00
2.232323027986289787e+00
0.000000000000000000e+00
5.221328664423118937e+00
0.000000000000000000e+00
5.411212360442540614e+00
0.000000000000000000e+00
5.546642369488233193e+00
0.000000000000000000e+00
4.620673216343139655e-01
0.000000000000000000e+00
1.514534868401392664e+01
8.306090740775688985e+00
9.860386186906433537e+00
0.000000000000000000e+00
0.000000000000000000e+00
0.000000000000000000e+00
4.708345550322594164e+00
2.555496357030668975e+01
1.232534539667870099e+01
1.144519847010977465e+01
3.215531623528281813e+00
1.419292983267641439e+01
2.519153327391432939e-01
6.261585139352441765e+00
0.000000000000000000e+00
