1.354411764705882426e+01 2.955140836907383672e+01
0.000000000000000000e+00 0.000000000000000000e+00
0.000000000000000000e+00 0.000000000000000000e+00
0.000000000000000000e+00 0.000000000000000000e+00
0.000000000000000000e+00 0.000000000000000000e+00
0.000000000000000000e+00 0.000000000000000000e+00
1.474683544303797511e+01 3.082474226804123862e+00
0.000000000000000000e+00 0.000000000000000000e+00
1.869565217391304301e+01 2.896942509739109894e+01
0.000000000000000000e+00 0.000000000000000000e+00
0.000000000000000000e+00 0.000000000000000000e+00
1.000000000000000000e+01 2.080331159056698453e+01
0.000000000000000000e+00 3.800000000000000000e+01
1.863218390804597746e+01 2.995071469411092124e+01
1.140243902439024382e+01 1.059824318076745264e+01
0.000000000000000000e+00 0.000000000000000000e+00
0.000000000000000000e+00 0.000000000000000000e+00
0.000000000000000000e+00 0.000000000000000000e+00
4.600000000000000000e+01 0.000000000000000000e+00
0.000000000000000000e+00 0.000000000000000000e+00
0.000000000000000000e+00 0.000000000000000000e+00
0.000000000000000000e+00 0.000000000000000000e+00
0.000000000000000000e+00 0.000000000000000000e+00
0.000000000000000000e+00 0.000000000000000000e+00
3.583514596451058765e+01 9.412138728323698800e+00
0.000000000000000000e+00 0.000000000000000000e+00
0.000000000000000000e+00 0.000000000000000000e+00
0.000000000000000000e+00 0.000000000000000000e+00
0.000000000000000000e+00 0.000000000000000000e+00
0.000000000000000000e+00 0.000000000000000000e+00
5.000000000000000000e+00 9.217877094972066754e-01
0.000000000000000000e+00 0.000000000000000000e+00
0.000000000000000000e+00 0.000000000000000000e+00
0.000000000000000000e+00 0.000000000000000000e+00
0.000000000000000000e+00 0.000000000000000000e+00
2.000000000000000000e+00 4.199159915991599235e+01
0.000000000000000000e+00 0.000000000000000000e+00
0.000000000000000000e+00 0.000000000000000000e+00
0.000000000000000000e+00 0.000000000000000000e+00
3.263140338336907575e+01 4.030710172744721653e+00
0.000000000000000000e+00 0.000000000000000000e+00
4.380746287599949085e+01 5.604221635883905428e+00
1.000000000000000000e+01 3.480204019795980486e+01
1.140243902439024382e+01 1.059824318076745264e+01
0.000000000000000000e+00 0.000000000000000000e+00
0.000000000000000000e+00 0.000000000000000000e+00
0.000000000000000000e+00 0.000000000000000000e+00
3.074541751527494782e+01 6.318132464712268970e+00
0.000000000000000000e+00 0.000000000000000000e+00
0.000000000000000000e+00 0.000000000000000000e+00
5.000000000000000000e+01 0.000000000000000000e+00
0.000000000000000000e+00 0.000000000000000000e+00
0.000000000000000000e+00 0.000000000000000000e+00
0.000000000000000000e+00 0.000000000000000000e+00
2.953432835820895619e+01 9.853503184713375163e+00
0.000000000000000000e+00 0.000000000000000000e+00
0.000000000000000000e+00 0.000000000000000000e+00
3.948841548748250574e+01 4.719101123595505598e+00
1.166666666666666607e+01 2.771615774508591912e+01
0.000000000000000000e+00 0.000000000000000000e+00
4.100000000000000000e+01 0.000000000000000000e+00
2.000000000000000000e+00 1.399200000000000088e+01
0.000000000000000000e+00 0.000000000000000000e+00
0.000000000000000000e+00 0.000000000000000000e+00
0.000000000000000000e+00 0.000000000000000000e+00
1.269724770642201861e+01 1.317307692307692291e+00
0.000000000000000000e+00 0.000000000000000000e+00
4.730021165199955391e+01 3.390697674418604812e+00
0.000000000000000000e+00 0.000000000000000000e+00
3.600000000000000000e+01 0.000000000000000000e+00
0.000000000000000000e+00 0.000000000000000000e+00
3.884177720952533264e+01 9.145770845830833551e+00
0.000000000000000000e+00 0.000000000000000000e+00
3.488848484848485043e+01 1.420560747663551338e+00
0.000000000000000000e+00 0.000000000000000000e+00
4.000000000000000000e+00 2.896921443736730239e+01
0.000000000000000000e+00 2.300000000000000000e+01
0.000000000000000000e+00 0.000000000000000000e+00
0.000000000000000000e+00 0.000000000000000000e+00
3.817441279360319584e+01 5.911547911547911482e+00
0.000000000000000000e+00 0.000000000000000000e+00
0.000000000000000000e+00 0.000000000000000000e+00
6.000000000000000000e+00 1.090342405618964072e+01
4.700000000000000000e+01 0.000000000000000000e+00
0.000000000000000000e+00 0.000000000000000000e+00
0.000000000000000000e+00 0.000000000000000000e+00
0.000000000000000000e+00 0.000000000000000000e+00
0.000000000000000000e+00 0.000000000000000000e+00
0.000000000000000000e+00 0.000000000000000000e+00
0.000000000000000000e+00 0.000000000000000000e+00
3.900618458610846773e+01 9.977766287487073171e+00
1.403521126760563398e+01 2.051843043995243931e+01
0.000000000000000000e+00 2.100000000000000000e+01
1.600000000000000000e+01 0.000000000000000000e+00
2.000000000000000000e+00 3.599277108433734895e+01
0.000000000000000000e+00 0.000000000000000000e+00
4.208325266214907856e+01 7.411444141689373488e+00
0.000000000000000000e+00 0.000000000000000000e+00
0.000000000000000000e+00 0.000000000000000000e+00
0.000000000000000000e+00 0.000000000000000000e+00
6.000000000000000000e+00 0.000000000000000000e+00
0.000000000000000000e+00 0.000000000000000000e+00
3.712515467562312210e+01 1.093657042869641316e+01
2.472247706422018254e+01 9.944751381215469754e-01
3.000000000000000000e+00 9.889502762430939509e-01
4.800000000000000000e+01 0.000000000000000000e+00
2.135714285714285765e+01 8.678022712090848856e+00
3.976380368098159579e+01 3.298076923076922906e+00
9.000000000000000000e+00 1.583002832861189724e+01
3.319753368348938238e+01 1.577988614800758960e+01
1.855882352941176450e+01 2.997210153212897410e+01
1.907751937984496138e+01 1.250000000000000000e+00
3.900000000000000000e+01 0.000000000000000000e+00
0.000000000000000000e+00 0.000000000000000000e+00
0.000000000000000000e+00 0.000000000000000000e+00
0.000000000000000000e+00 0.000000000000000000e+00
4.500000000000000000e+01 0.000000000000000000e+00
0.000000000000000000e+00 0.000000000000000000e+00
0.000000000000000000e+00 0.000000000000000000e+00
3.764013722126929906e+01 1.140507859733978258e+01
0.000000000000000000e+00 0.000000000000000000e+00
7.000000000000000000e+00 1.990867579908675822e+01
0.000000000000000000e+00 0.000000000000000000e+00
6.000000000000000000e+00 3.991995197118271221e+01
0.000000000000000000e+00 0.000000000000000000e+00
4.625959211890771172e+01 3.584551148225469941e+00
1.367647058823529349e+01 3.750525788683024331e+01
0.000000000000000000e+00 0.000000000000000000e+00
0.000000000000000000e+00 0.000000000000000000e+00
5.000000000000000000e+00 1.794998015085351284e+01
0.000000000000000000e+00 0.000000000000000000e+00
4.100000000000000000e+01 0.000000000000000000e+00
0.000000000000000000e+00 0.000000000000000000e+00
3.323765080810380113e+01 7.371575342465753522e+00
0.000000000000000000e+00 0.000000000000000000e+00
0.000000000000000000e+00 0.000000000000000000e+00
4.716698419813963739e+01 5.261248185776487674e+00
5.000000000000000000e+01 0.000000000000000000e+00
0.000000000000000000e+00 0.000000000000000000e+00
4.000000000000000000e+00 1.929687500000000000e+00
0.000000000000000000e+00 0.000000000000000000e+00
0.000000000000000000e+00 0.000000000000000000e+00
3.500000000000000000e+01 0.000000000000000000e+00
3.700000000000000000e+01 0.000000000000000000e+00
0.000000000000000000e+00 0.000000000000000000e+00
0.000000000000000000e+00 0.000000000000000000e+00
1.505882352941176450e+01 1.740385013454771368e+01
3.602900734601620059e+01 7.993879112471308446e+00
0.000000000000000000e+00 0.000000000000000000e+00
0.000000000000000000e+00 0.000000000000000000e+00
9.000000000000000000e+00 2.684431060994361928e+01
4.532755528989838467e+01 3.970588235294117752e+00
0.000000000000000000e+00 0.000000000000000000e+00
0.000000000000000000e+00 0.000000000000000000e+00
0.000000000000000000e+00 1.500000000000000000e+01
0.000000000000000000e+00 0.000000000000000000e+00
2.590586797066014668e+01 3.789473684210526438e-01
4.636926790024135414e+01 3.441647597254004598e+00
5.000000000000000000e+00 1.093263342082239653e+01
4.900000000000000000e+01 0.000000000000000000e+00
2.000000000000000000e+00 2.899316521329248175e+01
0.000000000000000000e+00 0.000000000000000000e+00
0.000000000000000000e+00 0.000000000000000000e+00
5.000000000000000000e+00 3.994396637982789855e+01
4.300000000000000000e+01 0.000000000000000000e+00
5.000000000000000000e+00 3.794672541558181678e+01
4.200000000000000000e+01 0.000000000000000000e+00
0.000000000000000000e+00 0.000000000000000000e+00
6.000000000000000000e+00 8.884615384615385025e+00
1.875852272727272663e+01 5.447619047619047805e+00
0.000000000000000000e+00 0.000000000000000000e+00
7.000000000000000000e+00 8.849323889246619501e+00
0.000000000000000000e+00 0.000000000000000000e+00
3.891125299281723926e+01 8.033511043412033814e+00
0.000000000000000000e+00 3.800000000000000000e+01
0.000000000000000000e+00 0.000000000000000000e+00
6.000000000000000000e+00 1.391923853475627304e+01
1.079710144927536319e+01 4.510961214165261524e+00
5.000000000000000000e+00 8.919694072657744499e+00
0.000000000000000000e+00 0.000000000000000000e+00
4.947685950413222855e+01 1.592920353982300918e+00
6.000000000000000000e+00 9.894459102902374070e+00
9.000000000000000000e+00 3.981987391173821322e+01
8.000000000000000000e+00 1.586832823889019473e+01
3.734049240440020867e+01 9.840255591054313911e+00
0.000000000000000000e+00 0.000000000000000000e+00
0.000000000000000000e+00 0.000000000000000000e+00
0.000000000000000000e+00 1.400000000000000000e+01
0.000000000000000000e+00 0.000000000000000000e+00
4.733333333333333570e+01 4.882716049382715973e+00
3.483975659229209043e+01 2.137681159420290022e+00
0.000000000000000000e+00 4.100000000000000000e+01
0.000000000000000000e+00 0.000000000000000000e+00
1.000000000000000000e+01 2.980705179740438737e+01
0.000000000000000000e+00 0.000000000000000000e+00
0.000000000000000000e+00 0.000000000000000000e+00
0.000000000000000000e+00 0.000000000000000000e+00
3.866467065868263120e+01 3.968871595330739410e+00
1.792079207920792072e+01 3.501927151649682202e+01
5.000000000000000000e+01 0.000000000000000000e+00
0.000000000000000000e+00 0.000000000000000000e+00
0.000000000000000000e+00 0.000000000000000000e+00
3.483772819472616789e+01 2.173144876325088237e+00
1.400000000000000000e+01 0.000000000000000000e+00
1.677685950413223281e+01 2.023913043478260931e+01
0.000000000000000000e+00 0.000000000000000000e+00
4.137228571428571655e+01 7.210227272727272485e+00
1.759515570934255990e+01 1.397483557334858517e+01
0.000000000000000000e+00 0.000000000000000000e+00
3.000000000000000000e+00 2.984168865435356199e+00
0.000000000000000000e+00 0.000000000000000000e+00
0.000000000000000000e+00 0.000000000000000000e+00
0.000000000000000000e+00 0.000000000000000000e+00
0.000000000000000000e+00 0.000000000000000000e+00
3.649312557286892655e+01 1.317507046664578851e+01
0.000000000000000000e+00 0.000000000000000000e+00
0.000000000000000000e+00 0.000000000000000000e+00
0.000000000000000000e+00 0.000000000000000000e+00
0.000000000000000000e+00 0.000000000000000000e+00
3.000000000000000000e+00 2.799315654405474874e+01
3.357161921708185304e+01 6.964285714285714413e+00
3.499177202488461091e+01 2.264150943396226467e-01
0.000000000000000000e+00 0.000000000000000000e+00
0.000000000000000000e+00 0.000000000000000000e+00
4.956533827618164878e+01 1.458333333333333259e+00
0.000000000000000000e+00 0.000000000000000000e+00
0.000000000000000000e+00 0.000000000000000000e+00
1.865517241379310320e+01 2.895966029723991397e+01
0.000000000000000000e+00 0.000000000000000000e+00
1.732103321033210364e+01 2.415927303949628069e+01
2.707450980392156836e+01 8.438888888888888218e+00
0.000000000000000000e+00 0.000000000000000000e+00
0.000000000000000000e+00 0.000000000000000000e+00
0.000000000000000000e+00 0.000000000000000000e+00
0.000000000000000000e+00 0.000000000000000000e+00
4.000000000000000000e+00 3.996397838703222050e+01
3.000000000000000000e+00 2.099305210918114284e+01
4.250900779779510685e+01 4.135338345864661314e+00
0.000000000000000000e+00 0.000000000000000000e+00
0.000000000000000000e+00 0.000000000000000000e+00
5.000000000000000000e+00 2.295146948003014487e+01
4.869974581656428825e+01 1.304347826086956541e+00
0.000000000000000000e+00 0.000000000000000000e+00
0.000000000000000000e+00 0.000000000000000000e+00
4.900000000000000000e+01 0.000000000000000000e+00
0.000000000000000000e+00 0.000000000000000000e+00
0.000000000000000000e+00 0.000000000000000000e+00
1.050746268656716431e+01 1.555555555555555580e+00
0.000000000000000000e+00 0.000000000000000000e+00
3.000000000000000000e+00 1.984732824427480891e+00
1.456774193548387153e+01 2.648818488704232621e+01
0.000000000000000000e+00 0.000000000000000000e+00
0.000000000000000000e+00 0.000000000000000000e+00
3.000000000000000000e+00 1.899293286219081267e+01
0.000000000000000000e+00 0.000000000000000000e+00
1.428859060402684555e+01 2.048507462686567138e+00
4.345897204688908744e+01 4.105263157894737169e+00
1.075362318840579690e+01 3.501113585746102430e+00
0.000000000000000000e+00 0.000000000000000000e+00
0.000000000000000000e+00 2.200000000000000000e+01
0.000000000000000000e+00 0.000000000000000000e+00
0.000000000000000000e+00 0.000000000000000000e+00
1.367647058823529349e+01 3.750525788683024331e+01
2.057386363636363669e+01 2.546894031668696812e+01
0.000000000000000000e+00 0.000000000000000000e+00
0.000000000000000000e+00 0.000000000000000000e+00
3.833146160198183594e+01 5.529729729729729648e+00
7.580645161290322953e+00 5.787878787878788067e+00
0.000000000000000000e+00 0.000000000000000000e+00
5.000000000000000000e+01 0.000000000000000000e+00
1.896825396825396837e+01 1.886325267304445674e+01
0.000000000000000000e+00 0.000000000000000000e+00
0.000000000000000000e+00 0.000000000000000000e+00
0.000000000000000000e+00 0.000000000000000000e+00
0.000000000000000000e+00 0.000000000000000000e+00
1.244554455445544505e+01 1.460976904698699208e+01
2.803491271820448816e+01 8.904153354632587281e+00
0.000000000000000000e+00 0.000000000000000000e+00
3.128520742358078621e+01 5.290368271954673851e+00
5.000000000000000000e+01 0.000000000000000000e+00
0.000000000000000000e+00 0.000000000000000000e+00
0.000000000000000000e+00 0.000000000000000000e+00
2.081046931407942324e+01 2.739110832811521590e+01
0.000000000000000000e+00 0.000000000000000000e+00
0.000000000000000000e+00 0.000000000000000000e+00
9.212765957446809040e+00 9.751485683414371053e+00
0.000000000000000000e+00 4.300000000000000000e+01
3.663588438465733788e+01 6.940733772342427166e+00
2.000000000000000000e+00 2.399309451877427790e+01
0.000000000000000000e+00 0.000000000000000000e+00
0.000000000000000000e+00 0.000000000000000000e+00
0.000000000000000000e+00 0.000000000000000000e+00
3.291410614525139522e+01 9.385474860335195624e-01
6.000000000000000000e+00 4.291399139913991689e+01
4.000000000000000000e+00 5.934545454545454568e+00
4.689314447592067836e+01 4.368231046931407846e+00
0.000000000000000000e+00 0.000000000000000000e+00
8.000000000000000000e+00 2.387868284228769511e+01
1.363235294117647101e+01 3.651740744456706977e+01
0.000000000000000000e+00 0.000000000000000000e+00
0.000000000000000000e+00 0.000000000000000000e+00
5.000000000000000000e+00 2.095121141719216595e+01
0.000000000000000000e+00 0.000000000000000000e+00
2.000000000000000000e+00 2.799315654405474874e+01
3.000000000000000000e+00 4.984894259818730688e+00
0.000000000000000000e+00 0.000000000000000000e+00
1.500000000000000000e+01 0.000000000000000000e+00
0.000000000000000000e+00 0.000000000000000000e+00
1.136585365853658480e+01 6.258992805755395628e-01
0.000000000000000000e+00 0.000000000000000000e+00
0.000000000000000000e+00 0.000000000000000000e+00
0.000000000000000000e+00 0.000000000000000000e+00
8.818181818181818343e+00 8.764397905759162555e+00
7.000000000000000000e+00 3.590598633989554145e+01
0.000000000000000000e+00 0.000000000000000000e+00
0.000000000000000000e+00 0.000000000000000000e+00
5.000000000000000000e+00 3.594939250928808150e+01
3.410988074957410277e+01 6.064935064935064624e+00
4.000000000000000000e+00 1.996852596607798702e+01
0.000000000000000000e+00 0.000000000000000000e+00
0.000000000000000000e+00 0.000000000000000000e+00
7.000000000000000000e+00 4.089336801040312253e+01
0.000000000000000000e+00 0.000000000000000000e+00
9.000000000000000000e+00 1.783777288203484801e+01
0.000000000000000000e+00 0.000000000000000000e+00
2.401347708894878608e+01 3.698113207547169878e+00
0.000000000000000000e+00 0.000000000000000000e+00
7.000000000000000000e+00 2.090928725701943947e+01
0.000000000000000000e+00 0.000000000000000000e+00
0.000000000000000000e+00 0.000000000000000000e+00
4.215075996165959538e+01 5.350069735006973914e+00
0.000000000000000000e+00 0.000000000000000000e+00
0.000000000000000000e+00 0.000000000000000000e+00
4.371649024359138025e+01 2.807799442896935727e+00
0.000000000000000000e+00 0.000000000000000000e+00
0.000000000000000000e+00 0.000000000000000000e+00
0.000000000000000000e+00 0.000000000000000000e+00
4.120305801657616485e+01 5.483827493261455466e+00
0.000000000000000000e+00 0.000000000000000000e+00
5.000000000000000000e+00 3.395146818923328169e+01
4.172498953537044741e+01 8.817593790426908384e+00
0.000000000000000000e+00 0.000000000000000000e+00
0.000000000000000000e+00 0.000000000000000000e+00
5.000000000000000000e+00 2.295146948003014487e+01
0.000000000000000000e+00 1.900000000000000000e+01
0.000000000000000000e+00 1.400000000000000000e+01
0.000000000000000000e+00 0.000000000000000000e+00
5.000000000000000000e+00 1.594768799626342748e+01
1.800000000000000000e+01 0.000000000000000000e+00
4.756009296148738485e+01 2.578125000000000000e+00
2.091578947368421026e+01 2.258064516129032195e-01
4.200000000000000000e+01 0.000000000000000000e+00
0.000000000000000000e+00 0.000000000000000000e+00
1.553157894736842159e+01 1.905882352941176361e+00
2.434494195688225560e+01 2.703488372093023173e+00
0.000000000000000000e+00 0.000000000000000000e+00
0.000000000000000000e+00 0.000000000000000000e+00
0.000000000000000000e+00 0.000000000000000000e+00
0.000000000000000000e+00 0.000000000000000000e+00
1.000000000000000000e+01 2.080331159056698453e+01
0.000000000000000000e+00 0.000000000000000000e+00
3.900000000000000000e+01 0.000000000000000000e+00
4.462013026914095803e+01 3.134860050890585281e+00
3.690026905829596160e+01 1.401869158878504606e+00
7.580645161290322953e+00 5.787878787878788067e+00
6.000000000000000000e+00 5.851116625310173625e+00
0.000000000000000000e+00 0.000000000000000000e+00
4.858607473650590691e+01 1.732217573221757290e+00
0.000000000000000000e+00 0.000000000000000000e+00
3.190620194771911855e+01 6.241917502787067917e+00
3.076750944492879825e+01 2.492163009404388507e+00
2.294588500563697764e+01 2.258064516129032195e-01
9.000000000000000000e+00 4.081544463339001538e+01
1.217894736842105274e+01 6.414194915254237017e+00
0.000000000000000000e+00 0.000000000000000000e+00
0.000000000000000000e+00 0.000000000000000000e+00
0.000000000000000000e+00 0.000000000000000000e+00
0.000000000000000000e+00 0.000000000000000000e+00
1.000000000000000000e+01 1.071948998178506329e+01
0.000000000000000000e+00 0.000000000000000000e+00
0.000000000000000000e+00 0.000000000000000000e+00
1.500000000000000000e+01 0.000000000000000000e+00
4.000000000000000000e+00 3.196913183279742654e+01
1.000000000000000000e+01 1.578757705073494577e+01
1.000000000000000000e+01 1.578757705073494577e+01
0.000000000000000000e+00 0.000000000000000000e+00
0.000000000000000000e+00 0.000000000000000000e+00
1.438666666666666671e+01 2.550094620167612902e+01
1.501796407185628723e+01 1.639900923215492057e+01
0.000000000000000000e+00 0.000000000000000000e+00
4.083894859134476008e+01 6.356756756756756666e+00
3.000000000000000000e+00 9.989642672190575112e+00
8.000000000000000000e+00 2.587886048988285381e+01
6.000000000000000000e+00 2.893146638307928598e+01
6.000000000000000000e+00 2.793138095821590383e+01
4.100000000000000000e+01 0.000000000000000000e+00
0.000000000000000000e+00 0.000000000000000000e+00
3.281085526315789735e+01 2.428115015974440905e+00
4.800000000000000000e+01 0.000000000000000000e+00
0.000000000000000000e+00 0.000000000000000000e+00
4.923263598326359869e+01 2.790378006872852090e+00
3.203483968694774120e+01 7.737731295253419184e+00
2.886611030478955087e+01 9.385474860335195624e-01
0.000000000000000000e+00 0.000000000000000000e+00
0.000000000000000000e+00 0.000000000000000000e+00
3.935860559637330169e+01 1.137170652614511468e+01
0.000000000000000000e+00 0.000000000000000000e+00
0.000000000000000000e+00 0.000000000000000000e+00
4.400000000000000000e+01 0.000000000000000000e+00
2.000000000000000000e+00 1.099047619047619051e+01
0.000000000000000000e+00 0.000000000000000000e+00
1.897877984084880509e+01 1.886657909551510670e+01
0.000000000000000000e+00 0.000000000000000000e+00
0.000000000000000000e+00 0.000000000000000000e+00
0.000000000000000000e+00 0.000000000000000000e+00
6.000000000000000000e+00 4.191599159915991635e+01
1.000000000000000000e+01 1.879981185324553294e+01
1.600000000000000000e+01 0.000000000000000000e+00
3.700000000000000000e+01 0.000000000000000000e+00
4.600000000000000000e+01 0.000000000000000000e+00
0.000000000000000000e+00 3.900000000000000000e+01
9.000000000000000000e+00 1.280769230769230838e+01
2.000000000000000000e+00 1.599256159925615961e+01
9.000000000000000000e+00 3.384370211461845201e+01
0.000000000000000000e+00 0.000000000000000000e+00
0.000000000000000000e+00 8.000000000000000000e+00
0.000000000000000000e+00 0.000000000000000000e+00
0.000000000000000000e+00 3.100000000000000000e+01
0.000000000000000000e+00 0.000000000000000000e+00
0.000000000000000000e+00 0.000000000000000000e+00
0.000000000000000000e+00 0.000000000000000000e+00
0.000000000000000000e+00 0.000000000000000000e+00
3.545155607751027560e+01 1.255422511118713658e+01
1.727137546468401652e+01 8.048780487804878536e-01
2.508754448398576642e+01 2.041355700102704418e+01
0.000000000000000000e+00 0.000000000000000000e+00
0.000000000000000000e+00 0.000000000000000000e+00
3.054637336504161738e+01 4.136960600375234165e+00
0.000000000000000000e+00 0.000000000000000000e+00
0.000000000000000000e+00 0.000000000000000000e+00
0.000000000000000000e+00 0.000000000000000000e+00
0.000000000000000000e+00 0.000000000000000000e+00
4.632932944606414338e+01 6.212707182320442278e+00
0.000000000000000000e+00 0.000000000000000000e+00
0.000000000000000000e+00 0.000000000000000000e+00
2.383518518518518547e+01 5.042016806722688926e-01
0.000000000000000000e+00 0.000000000000000000e+00
0.000000000000000000e+00 0.000000000000000000e+00
5.000000000000000000e+00 3.195196225605833007e+01
0.000000000000000000e+00 0.000000000000000000e+00
0.000000000000000000e+00 0.000000000000000000e+00
3.000000000000000000e+00 2.984168865435356199e+00
3.891125299281723926e+01 8.033511043412033814e+00
0.000000000000000000e+00 0.000000000000000000e+00
4.251291711517760774e+01 6.594427244582043102e+00
0.000000000000000000e+00 0.000000000000000000e+00
3.000000000000000000e+00 4.984894259818730688e+00
0.000000000000000000e+00 0.000000000000000000e+00
0.000000000000000000e+00 0.000000000000000000e+00
2.827124052652572672e+01 6.604462474645030667e+00
0.000000000000000000e+00 0.000000000000000000e+00
0.000000000000000000e+00 0.000000000000000000e+00
0.000000000000000000e+00 0.000000000000000000e+00
3.073650423110592200e+01 9.100555212831585195e+00
0.000000000000000000e+00 0.000000000000000000e+00
0.000000000000000000e+00 0.000000000000000000e+00
0.000000000000000000e+00 0.000000000000000000e+00
0.000000000000000000e+00 0.000000000000000000e+00
0.000000000000000000e+00 0.000000000000000000e+00
2.000000000000000000e+00 1.499232736572890090e+01
2.051063829787234027e+01 2.946666666666666767e+00
0.000000000000000000e+00 0.000000000000000000e+00
0.000000000000000000e+00 4.600000000000000000e+01
5.000000000000000000e+00 4.393840000000000146e+01
0.000000000000000000e+00 0.000000000000000000e+00
4.900000000000000000e+01 0.000000000000000000e+00
2.124724409448818818e+01 3.205310300703774828e+01
0.000000000000000000e+00 0.000000000000000000e+00
3.948374552807590732e+01 1.126018287614297542e+01
0.000000000000000000e+00 0.000000000000000000e+00
3.965276490577695512e+01 9.386495925494761750e+00
3.000000000000000000e+00 2.699312714776632305e+01
5.000000000000000000e+00 2.295146948003014487e+01
0.000000000000000000e+00 0.000000000000000000e+00
0.000000000000000000e+00 0.000000000000000000e+00
0.000000000000000000e+00 0.000000000000000000e+00
3.969434601756277914e+01 6.787790697674418894e+00
0.000000000000000000e+00 0.000000000000000000e+00
1.079710144927536319e+01 4.510961214165261524e+00
3.000000000000000000e+00 3.499293571500655986e+01
3.170628272251308744e+01 3.396751740139211329e+00
1.785761589403973559e+01 1.372641509433962348e+00
4.324703737465815578e+01 4.719101123595505598e+00
0.000000000000000000e+00 0.000000000000000000e+00
0.000000000000000000e+00 0.000000000000000000e+00
3.373910186199342576e+01 9.390399074609600660e+00
0.000000000000000000e+00 0.000000000000000000e+00
0.000000000000000000e+00 0.000000000000000000e+00
1.172941176470588154e+01 3.071248184154654126e+01
4.000000000000000000e+00 3.296909790864634004e+01
3.000000000000000000e+00 2.299308374680499156e+01
4.400000000000000000e+01 0.000000000000000000e+00
2.000000000000000000e+00 3.099313399778516143e+01
0.000000000000000000e+00 0.000000000000000000e+00
0.000000000000000000e+00 0.000000000000000000e+00
2.663981042654028286e+01 5.619109947643979197e+00
0.000000000000000000e+00 0.000000000000000000e+00
0.000000000000000000e+00 0.000000000000000000e+00
3.817441279360319584e+01 5.911547911547911482e+00
0.000000000000000000e+00 0.000000000000000000e+00
0.000000000000000000e+00 0.000000000000000000e+00
4.431843575418994163e+01 6.164293537787513877e+00
0.000000000000000000e+00 0.000000000000000000e+00
2.000000000000000000e+00 2.799315654405474874e+01
6.000000000000000000e+00 4.091797539261778383e+01
0.000000000000000000e+00 0.000000000000000000e+00
2.000000000000000000e+00 3.999199519711827122e+01
1.000000000000000000e+01 2.980705179740438737e+01
8.000000000000000000e+00 2.687918690871899940e+01
0.000000000000000000e+00 0.000000000000000000e+00
1.611538461538461675e+01 9.834254143646409263e-01
0.000000000000000000e+00 0.000000000000000000e+00
8.000000000000000000e+00 3.087932376821265734e+01
0.000000000000000000e+00 0.000000000000000000e+00
2.963249263019980262e+01 3.506666666666666821e+00
0.000000000000000000e+00 0.000000000000000000e+00
0.000000000000000000e+00 0.000000000000000000e+00
0.000000000000000000e+00 0.000000000000000000e+00
0.000000000000000000e+00 0.000000000000000000e+00
4.774788252117478748e+01 1.486238532110091715e+00
0.000000000000000000e+00 0.000000000000000000e+00
0.000000000000000000e+00 1.800000000000000000e+01
3.751636930538714410e+01 7.163769441903019342e+00
0.000000000000000000e+00 0.000000000000000000e+00
8.000000000000000000e+00 4.185298529852985183e+01
0.000000000000000000e+00 0.000000000000000000e+00
3.773132036847492543e+01 3.691176470588235503e+00
0.000000000000000000e+00 0.000000000000000000e+00
0.000000000000000000e+00 0.000000000000000000e+00
0.000000000000000000e+00 0.000000000000000000e+00
2.523966942148760495e+01 3.680672268907562827e+00
0.000000000000000000e+00 0.000000000000000000e+00
0.000000000000000000e+00 0.000000000000000000e+00
4.300000000000000000e+01 0.000000000000000000e+00
0.000000000000000000e+00 0.000000000000000000e+00
3.000000000000000000e+00 4.299139913991399453e+01
0.000000000000000000e+00 3.700000000000000000e+01
2.000000000000000000e+00 3.299313572542902051e+01
3.000000000000000000e+00 1.899293286219081267e+01
0.000000000000000000e+00 0.000000000000000000e+00
0.000000000000000000e+00 0.000000000000000000e+00
4.000000000000000000e+00 1.195992578849721788e+01
3.287190275829826902e+01 1.486238532110091715e+00
3.301663201663201619e+01 6.134857142857143231e+00
2.300000000000000000e+01 0.000000000000000000e+00
2.692257415786827579e+01 3.789473684210526438e-01
0.000000000000000000e+00 0.000000000000000000e+00
4.000000000000000000e+00 4.296129612961296118e+01
0.000000000000000000e+00 2.000000000000000000e+00
1.000000000000000000e+01 1.377055896985659977e+01
4.982993058391180341e+01 4.552845528455284341e-01
4.103683983306950722e+01 7.438983050847457257e+00
4.199434404745482396e+01 5.736975857687420799e+00
1.367647058823529349e+01 3.750525788683024331e+01
0.000000000000000000e+00 0.000000000000000000e+00
2.342464358452138384e+01 5.818867924528301927e+00
6.000000000000000000e+00 3.892192192192192124e+01
0.000000000000000000e+00 0.000000000000000000e+00
3.320369947476592642e+01 1.577830524566816983e+01
4.602411594202898470e+01 4.076241134751772854e+00
1.351111111111111107e+01 3.147208121827411276e+00
0.000000000000000000e+00 0.000000000000000000e+00
1.716981132075471805e+01 2.317587339504329691e+01
5.000000000000000000e+00 4.393840000000000146e+01
0.000000000000000000e+00 0.000000000000000000e+00
0.000000000000000000e+00 0.000000000000000000e+00
0.000000000000000000e+00 0.000000000000000000e+00
3.583514596451058765e+01 9.412138728323698800e+00
0.000000000000000000e+00 0.000000000000000000e+00
3.300000000000000000e+01 0.000000000000000000e+00
4.000000000000000000e+00 2.296883468834688458e+01
0.000000000000000000e+00 0.000000000000000000e+00
0.000000000000000000e+00 0.000000000000000000e+00
0.000000000000000000e+00 0.000000000000000000e+00
3.000000000000000000e+00 3.299313572542902051e+01
3.287190275829826902e+01 1.486238532110091715e+00
0.000000000000000000e+00 0.000000000000000000e+00
2.054198473282442805e+01 1.540156709108716981e+01
0.000000000000000000e+00 0.000000000000000000e+00
0.000000000000000000e+00 0.000000000000000000e+00
0.000000000000000000e+00 0.000000000000000000e+00
2.963249263019980262e+01 3.506666666666666821e+00
1.159523809523809490e+01 2.471392687691878365e+01
3.905053865652725165e+01 6.135166093928980935e+00
0.000000000000000000e+00 2.800000000000000000e+01
1.300000000000000000e+01 0.000000000000000000e+00
4.228933803581117701e+01 4.736593059936908823e+00
0.000000000000000000e+00 0.000000000000000000e+00
0.000000000000000000e+00 0.000000000000000000e+00
0.000000000000000000e+00 0.000000000000000000e+00
0.000000000000000000e+00 0.000000000000000000e+00
0.000000000000000000e+00 0.000000000000000000e+00
4.800000000000000000e+01 0.000000000000000000e+00
4.000000000000000000e+00 2.696902485659655824e+01
3.720066889632106921e+01 8.998113207547170589e+00
4.700000000000000000e+01 0.000000000000000000e+00
4.400000000000000000e+01 0.000000000000000000e+00
0.000000000000000000e+00 0.000000000000000000e+00
3.000000000000000000e+00 1.984732824427480891e+00
3.982854523227383936e+01 2.558282208588956941e+00
5.000000000000000000e+01 0.000000000000000000e+00
1.971396396396396256e+01 2.170075212033925283e+01
0.000000000000000000e+00 7.000000000000000000e+00
0.000000000000000000e+00 0.000000000000000000e+00
4.000000000000000000e+00 3.696661319430519654e+01
0.000000000000000000e+00 0.000000000000000000e+00
0.000000000000000000e+00 3.300000000000000000e+01
0.000000000000000000e+00 0.000000000000000000e+00
0.000000000000000000e+00 0.000000000000000000e+00
3.000000000000000000e+00 1.299166933675104119e+01
4.926988932971392643e+01 2.634146341463414753e+00
0.000000000000000000e+00 0.000000000000000000e+00
1.838036809815950789e+01 3.299594468129354397e+01
0.000000000000000000e+00 0.000000000000000000e+00
0.000000000000000000e+00 7.000000000000000000e+00
4.000000000000000000e+00 0.000000000000000000e+00
1.045454545454545503e+01 9.652509652509651872e+00
3.499177202488461091e+01 2.264150943396226467e-01
3.291410614525139522e+01 9.385474860335195624e-01
0.000000000000000000e+00 4.400000000000000000e+01
0.000000000000000000e+00 0.000000000000000000e+00
0.000000000000000000e+00 0.000000000000000000e+00
2.875461936437546129e+01 5.988095238095238138e+00
3.000000000000000000e+00 3.899219219219219212e+01
0.000000000000000000e+00 0.000000000000000000e+00
0.000000000000000000e+00 0.000000000000000000e+00
0.000000000000000000e+00 0.000000000000000000e+00
6.000000000000000000e+00 1.838056680161943346e+00
9.000000000000000000e+00 3.484094122399515214e+01
4.300000000000000000e+01 0.000000000000000000e+00
0.000000000000000000e+00 0.000000000000000000e+00
0.000000000000000000e+00 0.000000000000000000e+00
7.000000000000000000e+00 2.190942201108471821e+01
3.712515467562312210e+01 1.093657042869641316e+01
1.677685950413223281e+01 2.023913043478260931e+01
0.000000000000000000e+00 0.000000000000000000e+00
0.000000000000000000e+00 0.000000000000000000e+00
0.000000000000000000e+00 0.000000000000000000e+00
0.000000000000000000e+00 0.000000000000000000e+00
0.000000000000000000e+00 0.000000000000000000e+00
4.900000000000000000e+01 0.000000000000000000e+00
0.000000000000000000e+00 0.000000000000000000e+00
0.000000000000000000e+00 0.000000000000000000e+00
3.128520742358078621e+01 5.290368271954673851e+00
6.000000000000000000e+00 4.844720496894409756e+00
1.731111111111111001e+01 2.658823529411764586e+00
3.000000000000000000e+00 3.984466019417475913e+00
8.818181818181818343e+00 8.764397905759162555e+00
4.156020795278909929e+01 4.116541353383458279e+00
4.836670959433354966e+01 2.501567398119122210e+00
0.000000000000000000e+00 0.000000000000000000e+00
0.000000000000000000e+00 4.700000000000000000e+01
0.000000000000000000e+00 0.000000000000000000e+00
3.000000000000000000e+00 2.599311531841652467e+01
4.500000000000000000e+01 0.000000000000000000e+00
4.000000000000000000e+00 3.596746661311376414e+01
2.094782608695652115e+01 2.832971014492753525e+01
2.000000000000000000e+00 3.999199519711827122e+01
0.000000000000000000e+00 0.000000000000000000e+00
1.462580645161290249e+01 4.579439252336448551e-01
0.000000000000000000e+00 0.000000000000000000e+00
2.993434823977164783e+01 5.872235872235871845e+00
0.000000000000000000e+00 0.000000000000000000e+00
0.000000000000000000e+00 0.000000000000000000e+00
0.000000000000000000e+00 0.000000000000000000e+00
0.000000000000000000e+00 0.000000000000000000e+00
9.754716981132075304e+00 4.633550488599348149e+00
0.000000000000000000e+00 0.000000000000000000e+00
0.000000000000000000e+00 0.000000000000000000e+00
4.653019410496045793e+01 1.513898305084745743e+01
0.000000000000000000e+00 0.000000000000000000e+00
1.863218390804597746e+01 2.995071469411092124e+01
0.000000000000000000e+00 0.000000000000000000e+00
2.279302325581395294e+01 5.042016806722688926e-01
1.831692307692307864e+01 1.286757990867579871e+01
2.884861717612809429e+01 9.394325419803127630e+00
0.000000000000000000e+00 0.000000000000000000e+00
0.000000000000000000e+00 0.000000000000000000e+00
0.000000000000000000e+00 0.000000000000000000e+00
0.000000000000000000e+00 0.000000000000000000e+00
0.000000000000000000e+00 0.000000000000000000e+00
8.000000000000000000e+00 1.787427659149870252e+01
3.233333333333333570e+01 1.313769254951273169e+01
0.000000000000000000e+00 0.000000000000000000e+00
0.000000000000000000e+00 0.000000000000000000e+00
5.000000000000000000e+00 2.095121141719216595e+01
4.000000000000000000e+00 2.927807486631015976e+00
9.000000000000000000e+00 1.883937629156490701e+01
0.000000000000000000e+00 0.000000000000000000e+00
4.100000000000000000e+01 0.000000000000000000e+00
7.000000000000000000e+00 2.290966767371601165e+01
0.000000000000000000e+00 0.000000000000000000e+00
3.900000000000000000e+01 0.000000000000000000e+00
0.000000000000000000e+00 0.000000000000000000e+00
1.351111111111111107e+01 3.147208121827411276e+00
4.272646157943800915e+01 7.396065012831479990e+00
4.400000000000000000e+01 0.000000000000000000e+00
4.300000000000000000e+01 0.000000000000000000e+00
0.000000000000000000e+00 0.000000000000000000e+00
0.000000000000000000e+00 0.000000000000000000e+00
3.440266500104101510e+01 7.222614840989399099e+00
0.000000000000000000e+00 0.000000000000000000e+00
1.841768292682926855e+01 1.798731919952447100e+01
0.000000000000000000e+00 0.000000000000000000e+00
0.000000000000000000e+00 0.000000000000000000e+00
6.000000000000000000e+00 3.193133047210300290e+01
4.355142710208279766e+01 6.196590909090908816e+00
2.884861717612809429e+01 9.394325419803127630e+00
0.000000000000000000e+00 0.000000000000000000e+00
0.000000000000000000e+00 0.000000000000000000e+00
3.516361464968152717e+01 5.985680190930787958e+00
1.178160919540229834e+01 3.370407536350604261e+01
0.000000000000000000e+00 0.000000000000000000e+00
0.000000000000000000e+00 0.000000000000000000e+00
7.000000000000000000e+00 2.691033337591007779e+01
0.000000000000000000e+00 0.000000000000000000e+00
1.000000000000000000e+01 1.578757705073494577e+01
2.951797603195738873e+01 9.864864864864864913e+00
0.000000000000000000e+00 0.000000000000000000e+00
5.000000000000000000e+00 9.926509186351706759e+00
0.000000000000000000e+00 0.000000000000000000e+00
4.730414438502673846e+01 3.406542056074766567e+00
1.000000000000000000e+01 3.679223904542264023e+01
0.000000000000000000e+00 0.000000000000000000e+00
0.000000000000000000e+00 0.000000000000000000e+00
0.000000000000000000e+00 0.000000000000000000e+00
0.000000000000000000e+00 0.000000000000000000e+00
1.367647058823529349e+01 3.750525788683024331e+01
4.231190669921345204e+01 9.034310667498440139e+00
0.000000000000000000e+00 0.000000000000000000e+00
4.388891710041894356e+01 7.010576923076922817e+00
3.000000000000000000e+00 3.699258070984559765e+01
0.000000000000000000e+00 0.000000000000000000e+00
0.000000000000000000e+00 0.000000000000000000e+00
0.000000000000000000e+00 0.000000000000000000e+00
0.000000000000000000e+00 0.000000000000000000e+00
2.051063829787234027e+01 2.946666666666666767e+00
2.000000000000000000e+00 3.899219219219219212e+01
2.988218390804597746e+01 9.385474860335195624e-01
2.974230145867099040e+01 2.523364485981308469e+00
1.262857142857142811e+01 2.164009623095429191e+01
0.000000000000000000e+00 0.000000000000000000e+00
3.874879304795622659e+01 3.476297968397290994e+00
1.000000000000000000e+01 3.878135949544498828e+01
1.091304347826086918e+01 6.570552147239263618e+00
0.000000000000000000e+00 0.000000000000000000e+00
0.000000000000000000e+00 0.000000000000000000e+00
0.000000000000000000e+00 2.000000000000000000e+00
0.000000000000000000e+00 0.000000000000000000e+00
0.000000000000000000e+00 0.000000000000000000e+00
7.000000000000000000e+00 3.390981432360742787e+01
2.026666666666666572e+01 1.185000000000000053e+00
0.000000000000000000e+00 0.000000000000000000e+00
4.216745698414848675e+01 9.010210210210210846e+00
0.000000000000000000e+00 0.000000000000000000e+00
0.000000000000000000e+00 0.000000000000000000e+00
0.000000000000000000e+00 0.000000000000000000e+00
7.000000000000000000e+00 3.590598633989554145e+01
0.000000000000000000e+00 0.000000000000000000e+00
0.000000000000000000e+00 0.000000000000000000e+00
0.000000000000000000e+00 0.000000000000000000e+00
1.000000000000000000e+01 1.679263776954911691e+01
0.000000000000000000e+00 0.000000000000000000e+00
0.000000000000000000e+00 0.000000000000000000e+00
0.000000000000000000e+00 0.000000000000000000e+00
0.000000000000000000e+00 0.000000000000000000e+00
0.000000000000000000e+00 0.000000000000000000e+00
0.000000000000000000e+00 0.000000000000000000e+00
0.000000000000000000e+00 0.000000000000000000e+00
0.000000000000000000e+00 0.000000000000000000e+00
2.055938697318007513e+01 1.540872335211957811e+01
3.633836524300441795e+01 1.076076342654238793e+01
2.273678025851938855e+01 1.870504821327283196e+01
0.000000000000000000e+00 0.000000000000000000e+00
2.000000000000000000e+00 3.299313572542902051e+01
0.000000000000000000e+00 0.000000000000000000e+00
1.841337386018237154e+01 3.199282501606339579e+01
0.000000000000000000e+00 0.000000000000000000e+00
0.000000000000000000e+00 0.000000000000000000e+00
4.400000000000000000e+01 0.000000000000000000e+00
0.000000000000000000e+00 4.600000000000000000e+01
1.516292134831460636e+01 4.030710172744721653e+00
2.759361135758651429e+01 7.139784946236559016e+00
0.000000000000000000e+00 0.000000000000000000e+00
2.000000000000000000e+00 2.999314285714285688e+01
0.000000000000000000e+00 0.000000000000000000e+00
0.000000000000000000e+00 0.000000000000000000e+00
6.000000000000000000e+00 3.193133047210300290e+01
5.000000000000000000e+00 4.493699999999999761e+01
0.000000000000000000e+00 0.000000000000000000e+00
4.000000000000000000e+00 1.929687500000000000e+00
4.000000000000000000e+00 3.096908587257617640e+01
0.000000000000000000e+00 0.000000000000000000e+00
1.145783132530120518e+01 1.870901871809415695e+01
3.000000000000000000e+00 3.599277108433734895e+01
0.000000000000000000e+00 0.000000000000000000e+00
0.000000000000000000e+00 0.000000000000000000e+00
4.711969458791826071e+01 3.901437371663244225e+00
0.000000000000000000e+00 0.000000000000000000e+00
2.000000000000000000e+00 2.899316521329248175e+01
3.263140338336907575e+01 4.030710172744721653e+00
0.000000000000000000e+00 0.000000000000000000e+00
0.000000000000000000e+00 2.600000000000000000e+01
1.565979381443298912e+01 5.022624434389140191e+00
0.000000000000000000e+00 0.000000000000000000e+00
0.000000000000000000e+00 0.000000000000000000e+00
1.775919732441471410e+01 3.514412416851441456e+00
0.000000000000000000e+00 0.000000000000000000e+00
6.000000000000000000e+00 0.000000000000000000e+00
4.800000000000000000e+01 0.000000000000000000e+00
0.000000000000000000e+00 0.000000000000000000e+00
0.000000000000000000e+00 3.200000000000000000e+01
0.000000000000000000e+00 0.000000000000000000e+00
2.759361135758651429e+01 7.139784946236559016e+00
0.000000000000000000e+00 0.000000000000000000e+00
0.000000000000000000e+00 0.000000000000000000e+00
0.000000000000000000e+00 0.000000000000000000e+00
0.000000000000000000e+00 0.000000000000000000e+00
0.000000000000000000e+00 0.000000000000000000e+00
2.991735537190082539e+01 7.452159187129550943e+00
1.865517241379310320e+01 2.895966029723991397e+01
3.500000000000000000e+01 0.000000000000000000e+00
0.000000000000000000e+00 0.000000000000000000e+00
1.578787878787878718e+01 7.050597976080957174e+00
0.000000000000000000e+00 4.000000000000000000e+01
4.259683900348245089e+01 3.663157894736841946e+00
0.000000000000000000e+00 0.000000000000000000e+00
0.000000000000000000e+00 0.000000000000000000e+00
0.000000000000000000e+00 0.000000000000000000e+00
3.089442060085836772e+01 9.385474860335195624e-01
4.872888888888888914e+01 1.189999999999999947e+00
0.000000000000000000e+00 0.000000000000000000e+00
3.000000000000000000e+00 1.984732824427480891e+00
0.000000000000000000e+00 0.000000000000000000e+00
0.000000000000000000e+00 0.000000000000000000e+00
9.000000000000000000e+00 3.782876026437011774e+01
3.429290809903483250e+01 5.554089709762532578e+00
4.400000000000000000e+01 0.000000000000000000e+00
0.000000000000000000e+00 0.000000000000000000e+00
0.000000000000000000e+00 0.000000000000000000e+00
3.000000000000000000e+00 1.499232736572890090e+01
4.000000000000000000e+00 1.929687500000000000e+00
0.000000000000000000e+00 0.000000000000000000e+00
4.786918990703851051e+01 4.488421052631578867e+00
3.000000000000000000e+00 3.899219219219219212e+01
1.000000000000000000e+01 0.000000000000000000e+00
0.000000000000000000e+00 0.000000000000000000e+00
4.215075996165959538e+01 5.350069735006973914e+00
2.338532110091743021e+01 2.037795275590551114e+01
2.000000000000000000e+00 1.399200000000000088e+01
7.000000000000000000e+00 1.087373068432671097e+01
0.000000000000000000e+00 0.000000000000000000e+00
1.363235294117647101e+01 3.651740744456706977e+01
3.500000000000000000e+01 0.000000000000000000e+00
2.000000000000000000e+00 1.899293286219081267e+01
1.000000000000000000e+01 2.680597972539458596e+01
4.300000000000000000e+01 0.000000000000000000e+00
0.000000000000000000e+00 0.000000000000000000e+00
0.000000000000000000e+00 3.200000000000000000e+01
0.000000000000000000e+00 0.000000000000000000e+00
3.751636930538714410e+01 7.156593406593406925e+00
0.000000000000000000e+00 0.000000000000000000e+00
0.000000000000000000e+00 3.700000000000000000e+01
1.029032258064516192e+01 7.066666666666666652e-01
0.000000000000000000e+00 0.000000000000000000e+00
3.054637336504161738e+01 4.136960600375234165e+00
0.000000000000000000e+00 0.000000000000000000e+00
5.000000000000000000e+01 0.000000000000000000e+00
0.000000000000000000e+00 0.000000000000000000e+00
0.000000000000000000e+00 0.000000000000000000e+00
0.000000000000000000e+00 0.000000000000000000e+00
0.000000000000000000e+00 0.000000000000000000e+00
0.000000000000000000e+00 0.000000000000000000e+00
0.000000000000000000e+00 0.000000000000000000e+00
0.000000000000000000e+00 0.000000000000000000e+00
0.000000000000000000e+00 0.000000000000000000e+00
0.000000000000000000e+00 0.000000000000000000e+00
0.000000000000000000e+00 0.000000000000000000e+00
1.875852272727272663e+01 5.447619047619047805e+00
3.795886716115980875e+01 9.236276849642004905e+00
0.000000000000000000e+00 0.000000000000000000e+00
0.000000000000000000e+00 0.000000000000000000e+00
0.000000000000000000e+00 0.000000000000000000e+00
0.000000000000000000e+00 0.000000000000000000e+00
0.000000000000000000e+00 0.000000000000000000e+00
3.993304994686504017e+01 6.310722100656454892e+00
1.611538461538461675e+01 9.834254143646409263e-01
0.000000000000000000e+00 0.000000000000000000e+00
3.076750944492879825e+01 2.492163009404388507e+00
0.000000000000000000e+00 0.000000000000000000e+00
0.000000000000000000e+00 0.000000000000000000e+00
0.000000000000000000e+00 0.000000000000000000e+00
0.000000000000000000e+00 0.000000000000000000e+00
0.000000000000000000e+00 0.000000000000000000e+00
3.742444792210050508e+01 5.167883211678832467e+00
4.068965517241379359e+01 9.511568123393315588e+00
4.432843442520861998e+01 7.315331010452961635e+00
0.000000000000000000e+00 0.000000000000000000e+00
0.000000000000000000e+00 0.000000000000000000e+00
1.865217391304347672e+01 1.068131868131868067e+01
4.476707808872051686e+01 5.439516129032258007e+00
6.000000000000000000e+00 1.692680301399354192e+01
0.000000000000000000e+00 0.000000000000000000e+00
3.391895396585260158e+01 9.050279329608938994e-01
4.000000000000000000e+00 1.896816827997021448e+01
3.000000000000000000e+00 9.889502762430939509e-01
7.000000000000000000e+00 3.390981432360742787e+01
1.185057471264367734e+01 3.668455366098294945e+01
2.000000000000000000e+00 1.299166933675104119e+01
0.000000000000000000e+00 0.000000000000000000e+00
3.799377314035677955e+01 1.956521739130434867e-01
0.000000000000000000e+00 0.000000000000000000e+00
0.000000000000000000e+00 0.000000000000000000e+00
2.025203252032520496e+01 3.251225412853686692e+01
0.000000000000000000e+00 0.000000000000000000e+00
0.000000000000000000e+00 0.000000000000000000e+00
0.000000000000000000e+00 0.000000000000000000e+00
0.000000000000000000e+00 0.000000000000000000e+00
1.694399999999999906e+01 3.322287723652911495e+01
0.000000000000000000e+00 0.000000000000000000e+00
6.000000000000000000e+00 8.884615384615385025e+00
2.054198473282442805e+01 1.540156709108716981e+01
0.000000000000000000e+00 0.000000000000000000e+00
0.000000000000000000e+00 0.000000000000000000e+00
0.000000000000000000e+00 0.000000000000000000e+00
7.000000000000000000e+00 7.836477987421383240e+00
4.600000000000000000e+01 0.000000000000000000e+00
2.472247706422018254e+01 9.944751381215469754e-01
3.884473642044544306e+01 6.551652892561983244e+00
4.600000000000000000e+01 0.000000000000000000e+00
0.000000000000000000e+00 0.000000000000000000e+00
4.900000000000000000e+01 0.000000000000000000e+00
3.000000000000000000e+00 5.985680190930787958e+00
0.000000000000000000e+00 0.000000000000000000e+00
4.408519728575019059e+01 4.902439024390243816e+00
3.000000000000000000e+00 4.499099999999999966e+01
4.100000000000000000e+01 0.000000000000000000e+00
0.000000000000000000e+00 0.000000000000000000e+00
0.000000000000000000e+00 0.000000000000000000e+00
0.000000000000000000e+00 0.000000000000000000e+00
1.677685950413223281e+01 2.023913043478260931e+01
0.000000000000000000e+00 0.000000000000000000e+00
5.000000000000000000e+01 0.000000000000000000e+00
1.655411255411255311e+01 3.876739562624254454e+00
4.121223381449192402e+01 5.521031207598372070e+00
0.000000000000000000e+00 0.000000000000000000e+00
0.000000000000000000e+00 0.000000000000000000e+00
4.100000000000000000e+01 0.000000000000000000e+00
0.000000000000000000e+00 0.000000000000000000e+00
0.000000000000000000e+00 0.000000000000000000e+00
3.128520742358078621e+01 5.290368271954673851e+00
8.000000000000000000e+00 4.085645693708112702e+01
0.000000000000000000e+00 0.000000000000000000e+00
0.000000000000000000e+00 0.000000000000000000e+00
2.697710303633648721e+01 2.203389830508474534e-01
2.793493874102239261e+01 3.789473684210526438e-01
4.714734840008950556e+01 5.208333333333333037e+00
0.000000000000000000e+00 0.000000000000000000e+00
0.000000000000000000e+00 0.000000000000000000e+00
0.000000000000000000e+00 0.000000000000000000e+00
0.000000000000000000e+00 0.000000000000000000e+00
5.000000000000000000e+01 0.000000000000000000e+00
0.000000000000000000e+00 0.000000000000000000e+00
0.000000000000000000e+00 0.000000000000000000e+00
0.000000000000000000e+00 0.000000000000000000e+00
4.000000000000000000e+00 1.496539348884901344e+01
0.000000000000000000e+00 0.000000000000000000e+00
3.000000000000000000e+00 2.099305210918114284e+01
0.000000000000000000e+00 0.000000000000000000e+00
3.292225325884543707e+01 1.015252525252525295e+01
0.000000000000000000e+00 0.000000000000000000e+00
3.790672524501520968e+01 1.396226415094339535e+00
0.000000000000000000e+00 0.000000000000000000e+00
8.744186046511627453e+00 7.750399999999999956e+00
0.000000000000000000e+00 0.000000000000000000e+00
5.000000000000000000e+01 0.000000000000000000e+00
4.165234429671098582e+01 3.552631578947368585e+00
4.336597671410090271e+01 4.340989399293285977e+00
0.000000000000000000e+00 0.000000000000000000e+00
0.000000000000000000e+00 0.000000000000000000e+00
0.000000000000000000e+00 0.000000000000000000e+00
1.668907563025210194e+01 1.924638741540150022e+01
5.000000000000000000e+00 4.393840000000000146e+01
4.700000000000000000e+01 0.000000000000000000e+00
4.600000000000000000e+01 0.000000000000000000e+00
3.071094890510948971e+01 7.973866256725595569e+00
4.836670959433354966e+01 2.501567398119122210e+00
2.100000000000000000e+01 0.000000000000000000e+00
3.856912554958476136e+01 4.430051813471502342e+00
0.000000000000000000e+00 0.000000000000000000e+00
