2.441590381457421088e+01 2.375774441722069241e+01
2.416023610335180649e+00 0.000000000000000000e+00
1.165824828144500103e+01 0.000000000000000000e+00
0.000000000000000000e+00 0.000000000000000000e+00
3.008464090225971432e+01 1.418233474566145702e+01
0.000000000000000000e+00 0.000000000000000000e+00
1.700000000000000000e+01 4.000000000000000000e+00
0.000000000000000000e+00 0.000000000000000000e+00
3.805758294497757532e+01 2.424759573544738345e+01
1.813838954557177985e+01 9.721401061561536494e-01
4.393937293210548489e+00 0.000000000000000000e+00
3.053799092638306689e+01 2.100000000000000000e+01
1.766091974522221264e+01 2.983654975947267829e+01
3.300538632354803781e+01 2.126240669074192624e+01
2.200000000000000000e+01 1.100000000000000000e+01
0.000000000000000000e+00 0.000000000000000000e+00
1.901432968203327789e+01 2.564469065800722092e+00
3.308599188025436888e+01 2.970825573415829979e+00
4.600000000000000000e+01 0.000000000000000000e+00
0.000000000000000000e+00 0.000000000000000000e+00
2.772402534872607305e+01 7.718621136996006271e+00
1.360661264557588268e+01 0.000000000000000000e+00
9.368339983284865724e+00 0.000000000000000000e+00
1.783641912339010105e+01 0.000000000000000000e+00
3.891734676839070062e+01 1.074051401075222500e+01
0.000000000000000000e+00 0.000000000000000000e+00
6.984275707116943011e+00 0.000000000000000000e+00
1.019748641431118230e+01 0.000000000000000000e+00
0.000000000000000000e+00 0.000000000000000000e+00
3.188755129806308375e+01 1.021596882073797730e+01
6.000000000000000000e+00 1.000000000000000000e+00
0.000000000000000000e+00 0.000000000000000000e+00
1.179196790560128960e+01 0.000000000000000000e+00
0.000000000000000000e+00 0.000000000000000000e+00
1.162258380112804090e+01 0.000000000000000000e+00
1.474202485022018294e+01 3.144034733214117949e+01
0.000000000000000000e+00 0.000000000000000000e+00
0.000000000000000000e+00 0.000000000000000000e+00
1.629706535080343599e+01 3.135209169128749807e+00
3.300000000000000000e+01 7.000000000000000000e+00
2.115712739045440927e+01 1.334476676940191453e+00
4.500000000000000000e+01 1.314692320387250390e+01
3.027480019586441529e+01 2.189722793916653742e+01
2.200000000000000000e+01 1.100000000000000000e+01
7.430618165848368761e+00 0.000000000000000000e+00
0.000000000000000000e+00 0.000000000000000000e+00
0.000000000000000000e+00 0.000000000000000000e+00
3.200000000000000000e+01 1.100000000000000000e+01
1.787442455941759079e+01 8.389037767652215649e+00
0.000000000000000000e+00 0.000000000000000000e+00
5.000000000000000000e+01 0.000000000000000000e+00
0.000000000000000000e+00 0.000000000000000000e+00
8.352334004661784661e+00 0.000000000000000000e+00
3.773931730838583576e+00 0.000000000000000000e+00
3.400000000000000000e+01 1.482708183121859591e+01
0.000000000000000000e+00 0.000000000000000000e+00
1.238302232215677279e+01 0.000000000000000000e+00
4.000000000000000000e+01 5.719399823134082794e+00
2.770692927576889986e+01 2.735904169736950564e+01
8.117782327300815837e+00 0.000000000000000000e+00
4.100000000000000000e+01 0.000000000000000000e+00
1.574420483197823728e+01 1.400000000000000000e+01
2.307046923336141475e+00 0.000000000000000000e+00
0.000000000000000000e+00 0.000000000000000000e+00
4.571276136176884108e+00 0.000000000000000000e+00
1.400000000000000000e+01 2.000000000000000000e+00
0.000000000000000000e+00 0.000000000000000000e+00
4.592223990458268190e+01 7.855655648599508822e+00
0.000000000000000000e+00 0.000000000000000000e+00
3.600000000000000000e+01 0.000000000000000000e+00
0.000000000000000000e+00 0.000000000000000000e+00
4.200000000000000000e+01 1.772590118304723461e+01
0.000000000000000000e+00 0.000000000000000000e+00
3.500000000000000000e+01 2.787518811774873484e+00
0.000000000000000000e+00 0.000000000000000000e+00
2.608872396542410854e+01 2.900000000000000000e+01
2.300000000000000000e+01 2.300000000000000000e+01
1.901690972115493850e+01 3.225713270883296957e+00
1.247812072610738809e+01 2.859101817363374209e+00
3.900000000000000000e+01 5.346896154257983369e+00
0.000000000000000000e+00 0.000000000000000000e+00
1.289922057274049649e+01 0.000000000000000000e+00
1.700000000000000000e+01 1.100000000000000000e+01
4.700000000000000000e+01 0.000000000000000000e+00
2.879311051569463586e+01 1.229048229931701286e+01
1.586990212559610214e+01 2.306296238241145602e-01
1.331353285322609281e+01 0.000000000000000000e+00
2.638519680510596288e+01 4.676066964374896884e+00
0.000000000000000000e+00 0.000000000000000000e+00
6.135069507647404663e+00 0.000000000000000000e+00
3.601372673613879982e+01 1.620309697496759327e+01
2.989805206599961096e+01 2.100000000000000000e+01
1.387366821596775956e+01 2.100000000000000000e+01
1.600000000000000000e+01 0.000000000000000000e+00
1.943135513652348578e+01 3.182589285849102367e+01
0.000000000000000000e+00 0.000000000000000000e+00
4.400000000000000000e+01 1.403475457736775667e+01
9.073921212598317965e+00 0.000000000000000000e+00
2.578858797063773522e+00 0.000000000000000000e+00
2.458777440901125289e+01 0.000000000000000000e+00
6.000000000000000000e+00 0.000000000000000000e+00
0.000000000000000000e+00 0.000000000000000000e+00
3.972817703337338457e+01 1.331791183417784907e+01
2.500000000000000000e+01 3.000000000000000000e+00
4.000000000000000000e+00 1.000000000000000000e+00
4.800000000000000000e+01 0.000000000000000000e+00
2.700000000000000000e+01 1.100000000000000000e+01
4.000000000000000000e+01 2.512105914713266941e+00
2.500000000000000000e+01 1.600000000000000000e+01
2.985927384228286030e+01 1.325382713676201973e+01
3.056402985412960405e+01 2.138176933632007604e+01
2.000000000000000000e+01 3.000000000000000000e+00
3.900000000000000000e+01 0.000000000000000000e+00
0.000000000000000000e+00 0.000000000000000000e+00
2.596402122235481613e+00 0.000000000000000000e+00
0.000000000000000000e+00 0.000000000000000000e+00
4.500000000000000000e+01 0.000000000000000000e+00
0.000000000000000000e+00 0.000000000000000000e+00
1.627794144314105651e+01 0.000000000000000000e+00
3.636122665877840632e+01 1.884477420666947722e+01
0.000000000000000000e+00 0.000000000000000000e+00
2.700000000000000000e+01 2.000000000000000000e+01
0.000000000000000000e+00 0.000000000000000000e+00
2.092542271630151518e+01 3.239357269802519568e+01
0.000000000000000000e+00 0.000000000000000000e+00
4.574676505947702054e+01 1.872972239384218085e+00
2.812891559294560295e+01 2.228578354399716233e+01
1.679832044128406565e+01 2.869301943668077115e+00
0.000000000000000000e+00 0.000000000000000000e+00
2.147190153854680972e+01 1.800000000000000000e+01
0.000000000000000000e+00 0.000000000000000000e+00
4.100000000000000000e+01 0.000000000000000000e+00
0.000000000000000000e+00 0.000000000000000000e+00
3.500000000000000000e+01 1.367518813078352480e+01
2.087878520474443178e+01 4.240629044231894795e+00
1.441638896609450882e+01 0.000000000000000000e+00
3.758559712947605647e+01 1.660612186292727444e+01
5.000000000000000000e+01 0.000000000000000000e+00
2.384343637092653978e+01 4.176097889350486980e+00
6.000000000000000000e+00 2.000000000000000000e+00
0.000000000000000000e+00 0.000000000000000000e+00
1.309324728329657539e+01 0.000000000000000000e+00
3.500000000000000000e+01 0.000000000000000000e+00
3.700000000000000000e+01 0.000000000000000000e+00
9.137076780284765221e-01 0.000000000000000000e+00
1.215366379789270468e+01 0.000000000000000000e+00
3.200000000000000000e+01 1.800000000000000000e+01
3.800000000000000000e+01 1.482936519715392620e+01
2.237013708608744267e+01 1.034390324491894120e+01
0.000000000000000000e+00 0.000000000000000000e+00
3.461715038188673077e+01 2.628335271435738463e+01
4.600000000000000000e+01 7.999764819083203804e-01
1.771591639565805565e+01 7.313958325404890104e+00
2.814214325764230296e+01 1.089575233889869565e+01
1.500000000000000000e+01 1.500000000000000000e+01
3.272051917897287865e+01 1.353895939912460733e+01
2.600000000000000000e+01 2.000000000000000000e+00
4.356886046457377404e+01 5.654958163888672118e+00
1.600000000000000000e+01 1.100000000000000000e+01
4.900000000000000000e+01 0.000000000000000000e+00
1.946138411514976241e+01 2.555031096861268836e+01
1.857777881027061539e+00 0.000000000000000000e+00
0.000000000000000000e+00 0.000000000000000000e+00
2.252654891050755737e+01 3.649754397939736350e+01
4.300000000000000000e+01 0.000000000000000000e+00
1.914414403757540484e+01 3.581198486365016720e+01
4.200000000000000000e+01 0.000000000000000000e+00
7.649150499197631348e+00 0.000000000000000000e+00
1.500000000000000000e+01 9.000000000000000000e+00
2.200000000000000000e+01 7.000000000000000000e+00
0.000000000000000000e+00 0.000000000000000000e+00
1.600000000000000000e+01 9.000000000000000000e+00
2.415278209981422819e+01 8.564316652059943635e+00
3.601323406376927494e+01 1.800000000000000000e+01
1.486920080147619672e+01 2.695808211608305172e+01
1.245598042814286188e+01 0.000000000000000000e+00
2.000000000000000000e+01 1.400000000000000000e+01
1.500000000000000000e+01 5.000000000000000000e+00
1.400000000000000000e+01 9.000000000000000000e+00
5.144019457731522138e+00 0.000000000000000000e+00
4.608611026795384191e+01 1.092783502938177520e+01
1.600000000000000000e+01 1.000000000000000000e+01
2.950300245912421815e+01 2.809830371398940940e+01
2.400000000000000000e+01 1.600000000000000000e+01
3.231144014319049518e+01 2.047582516258789553e+01
1.400156210084525554e+01 0.000000000000000000e+00
5.902188868239022668e+00 0.000000000000000000e+00
1.500000000000000000e+01 1.400000000000000000e+01
4.946442315006628121e+00 0.000000000000000000e+00
4.129152483072262214e+01 9.431674598013628952e+00
3.500000000000000000e+01 2.015290344759804952e+00
2.327202248512492133e+01 3.256946804715156674e+01
2.701059965397245577e+01 6.962848184908899896e+00
3.026122194909298813e+01 2.493632698182403828e+01
1.220786359710924529e+01 0.000000000000000000e+00
6.861853175439023289e-01 0.000000000000000000e+00
2.711331181091694731e+01 1.049042995205831375e+01
3.900000000000000000e+01 5.833187360971514579e+00
3.303074395761862547e+01 2.121164388719268601e+01
5.000000000000000000e+01 0.000000000000000000e+00
0.000000000000000000e+00 0.000000000000000000e+00
0.000000000000000000e+00 0.000000000000000000e+00
3.500000000000000000e+01 5.000000000000000000e+00
1.400000000000000000e+01 0.000000000000000000e+00
3.130334685003279205e+01 2.022940530976470797e+01
2.506126044704711120e+00 0.000000000000000000e+00
4.300000000000000000e+01 6.610413218736823637e+00
3.000000000000000000e+01 1.500000000000000000e+01
1.066022981353978949e+01 0.000000000000000000e+00
6.000000000000000000e+00 3.000000000000000000e+00
1.977350964216967455e+01 8.000545889160434854e+00
2.209079239471362044e+01 9.045899582123382743e+00
2.761159020683712839e+01 1.417699817983491073e+01
1.399220183086206859e+01 0.000000000000000000e+00
3.677803220988619870e+01 1.766676405789277027e+01
1.618005087543641096e+01 6.646990375000925155e+00
1.209605487975981220e+00 0.000000000000000000e+00
3.188897274430157225e+01 1.414138368641809151e+01
1.358288353725055231e+01 0.000000000000000000e+00
2.336107461857148948e+01 2.800000000000000000e+01
3.500000000000000000e+01 1.113937580836993391e+01
3.500000000000000000e+01 1.000000000000000000e+00
6.955447069048123154e+00 0.000000000000000000e+00
0.000000000000000000e+00 0.000000000000000000e+00
4.989317494164710354e+01 4.505684355514809170e+00
0.000000000000000000e+00 0.000000000000000000e+00
1.849396648312087166e+00 0.000000000000000000e+00
2.761120030105975331e+01 1.737653776293013053e+01
2.889534468135309808e+01 1.424049322006047191e+01
3.371400788568627149e+01 2.126983736988329099e+01
3.100000000000000000e+01 1.400000000000000000e+01
2.935917595798614244e+01 7.937940172779484271e+00
0.000000000000000000e+00 0.000000000000000000e+00
2.947878382234412697e+01 1.095492888193282965e+01
0.000000000000000000e+00 0.000000000000000000e+00
2.269659724494592723e+01 2.453709184657076392e+01
2.060643297968753629e+01 2.100000000000000000e+01
4.300000000000000000e+01 4.502576779850805622e+00
0.000000000000000000e+00 0.000000000000000000e+00
1.443436702614578593e+01 0.000000000000000000e+00
2.400969905216844325e+01 2.300000000000000000e+01
4.900000000000000000e+01 1.364806402738700797e+00
0.000000000000000000e+00 0.000000000000000000e+00
2.637506520075049110e+01 2.381470140233240329e+00
4.900000000000000000e+01 0.000000000000000000e+00
0.000000000000000000e+00 0.000000000000000000e+00
2.115474807965579629e+00 0.000000000000000000e+00
1.200000000000000000e+01 2.000000000000000000e+00
8.739141395935641654e+00 0.000000000000000000e+00
5.000000000000000000e+00 2.000000000000000000e+00
3.280228098339307508e+01 1.738653823026665890e+01
0.000000000000000000e+00 0.000000000000000000e+00
0.000000000000000000e+00 0.000000000000000000e+00
2.200000000000000000e+01 1.900000000000000000e+01
2.516461303120676618e+01 7.179617654924868475e+00
1.600000000000000000e+01 3.000000000000000000e+00
4.400000000000000000e+01 2.603357165996058598e+00
1.400000000000000000e+01 4.000000000000000000e+00
2.054843448783125126e+01 5.457881492810194857e+00
2.300000000000000000e+01 2.200000000000000000e+01
0.000000000000000000e+00 0.000000000000000000e+00
2.563160531777741724e+01 1.184947907427854830e+00
2.361350573347285575e+01 2.243730407881447775e+01
3.185878992837067258e+01 2.295495647909992698e+01
0.000000000000000000e+00 0.000000000000000000e+00
0.000000000000000000e+00 0.000000000000000000e+00
3.900000000000000000e+01 9.069718272389486913e+00
1.300000000000000000e+01 6.000000000000000000e+00
0.000000000000000000e+00 0.000000000000000000e+00
5.000000000000000000e+01 0.000000000000000000e+00
3.331746778691051247e+01 1.459614616023062439e+01
2.246885404530790709e+01 4.138997924440687370e+00
0.000000000000000000e+00 0.000000000000000000e+00
7.970488177989338396e+00 0.000000000000000000e+00
2.221473881405559681e+01 4.710913201236358816e+00
2.700000000000000000e+01 1.500000000000000000e+01
3.200000000000000000e+01 1.500000000000000000e+01
0.000000000000000000e+00 0.000000000000000000e+00
3.200000000000000000e+01 8.443601561138319056e+00
5.000000000000000000e+01 0.000000000000000000e+00
5.654569818517867219e+00 0.000000000000000000e+00
0.000000000000000000e+00 0.000000000000000000e+00
3.018871373968501359e+01 1.807257450431019663e+01
3.281188715708054815e+00 0.000000000000000000e+00
8.016709901973282371e+00 0.000000000000000000e+00
1.900000000000000000e+01 1.000000000000000000e+01
2.482715069098124872e+01 3.008477035201885741e+01
3.800000000000000000e+01 1.385285245026636858e+01
2.477735290340863017e+01 2.400000000000000000e+01
0.000000000000000000e+00 0.000000000000000000e+00
0.000000000000000000e+00 0.000000000000000000e+00
0.000000000000000000e+00 0.000000000000000000e+00
3.300000000000000000e+01 3.000000000000000000e+00
3.129361374356515668e+01 3.103186811810095946e+01
1.000000000000000000e+01 6.000000000000000000e+00
4.535491443294527869e+01 6.718183025059772717e+00
0.000000000000000000e+00 0.000000000000000000e+00
2.742752149866776179e+01 2.400000000000000000e+01
2.857032209506165543e+01 2.389274150170054156e+01
0.000000000000000000e+00 0.000000000000000000e+00
0.000000000000000000e+00 0.000000000000000000e+00
2.118943696010252609e+01 2.100000000000000000e+01
0.000000000000000000e+00 0.000000000000000000e+00
2.237482303393762706e+01 2.800000000000000000e+01
8.000000000000000000e+00 5.000000000000000000e+00
1.788370162566253896e+01 1.002158247940296576e+01
1.500000000000000000e+01 0.000000000000000000e+00
0.000000000000000000e+00 0.000000000000000000e+00
1.200000000000000000e+01 1.000000000000000000e+00
0.000000000000000000e+00 0.000000000000000000e+00
0.000000000000000000e+00 0.000000000000000000e+00
0.000000000000000000e+00 0.000000000000000000e+00
1.700000000000000000e+01 9.000000000000000000e+00
2.640319637968368838e+01 3.058508683136674478e+01
0.000000000000000000e+00 0.000000000000000000e+00
0.000000000000000000e+00 0.000000000000000000e+00
1.814057895156473421e+01 2.854307031016181639e+01
3.500000000000000000e+01 1.100000000000000000e+01
2.336542379069560837e+01 2.000000000000000000e+01
1.726333403305378056e+01 8.756594591925548343e+00
2.768113919625047004e+01 1.556869188659374004e+01
2.633753983514830921e+01 3.200999799292484482e+01
2.284926660289442424e+01 1.017513431346197450e+01
2.700000000000000000e+01 1.800000000000000000e+01
1.998750177975945519e+01 7.610499379476337367e+00
2.500000000000000000e+01 6.000000000000000000e+00
2.239829702381811671e+01 7.143195809074793345e+00
2.692604722190105804e+01 2.100000000000000000e+01
3.627799648199347970e+00 0.000000000000000000e+00
2.723037195863773263e+01 1.727774286696580930e+01
4.300000000000000000e+01 6.233954027705159717e+00
0.000000000000000000e+00 0.000000000000000000e+00
1.386501226987876478e+01 0.000000000000000000e+00
4.400000000000000000e+01 9.947204549466164281e-01
0.000000000000000000e+00 0.000000000000000000e+00
1.209137694371030136e+00 0.000000000000000000e+00
0.000000000000000000e+00 0.000000000000000000e+00
4.200000000000000000e+01 8.698207071667930279e+00
0.000000000000000000e+00 0.000000000000000000e+00
2.565977834666960788e+01 3.384231602078284595e+01
3.291721787974385194e+01 1.754681745465821052e+01
1.615356196133636502e+01 0.000000000000000000e+00
0.000000000000000000e+00 0.000000000000000000e+00
2.194510012529213228e+01 2.300000000000000000e+01
1.804897153845616486e+01 1.900000000000000000e+01
1.400000000000000000e+01 1.400000000000000000e+01
0.000000000000000000e+00 0.000000000000000000e+00
2.100000000000000000e+01 1.600000000000000000e+01
1.800000000000000000e+01 0.000000000000000000e+00
4.779825446910241027e+01 3.825741475038952899e-01
2.100000000000000000e+01 1.000000000000000000e+00
4.200000000000000000e+01 0.000000000000000000e+00
4.519933847113225767e+00 0.000000000000000000e+00
1.700000000000000000e+01 3.000000000000000000e+00
2.500000000000000000e+01 5.000000000000000000e+00
2.547750229371867903e+00 0.000000000000000000e+00
1.114335729852303558e+01 0.000000000000000000e+00
3.084508175056291179e+01 1.677355687362695846e+01
2.225630345901858220e+01 0.000000000000000000e+00
3.100000000000000000e+01 2.100000000000000000e+01
0.000000000000000000e+00 0.000000000000000000e+00
3.900000000000000000e+01 0.000000000000000000e+00
4.500000000000000000e+01 3.255974323634809764e+00
3.700000000000000000e+01 4.316121754680040112e-01
1.300000000000000000e+01 6.000000000000000000e+00
1.200000000000000000e+01 6.000000000000000000e+00
1.720269884363545287e+01 2.349655743936388319e+00
4.612896119438469356e+01 7.425297421901476014e+00
3.004390646534957909e-01 0.000000000000000000e+00
3.300000000000000000e+01 1.100000000000000000e+01
3.100000000000000000e+01 5.000000000000000000e+00
2.300000000000000000e+01 1.000000000000000000e+00
2.102646558134113519e+01 2.734170962080743550e+01
1.800000000000000000e+01 7.000000000000000000e+00
0.000000000000000000e+00 0.000000000000000000e+00
1.300328799747312303e+00 0.000000000000000000e+00
0.000000000000000000e+00 0.000000000000000000e+00
1.387705359735958055e+01 0.000000000000000000e+00
2.100000000000000000e+01 1.100000000000000000e+01
0.000000000000000000e+00 0.000000000000000000e+00
2.109538100767846203e+01 8.437894976515853074e+00
1.500000000000000000e+01 0.000000000000000000e+00
2.587161326601932032e+01 2.686646892454524505e+01
2.600000000000000000e+01 1.600000000000000000e+01
2.600000000000000000e+01 1.600000000000000000e+01
2.819208668517011063e+01 8.358175990459123739e+00
1.509868316311308156e+01 0.000000000000000000e+00
2.534076993329465921e+01 2.600000000000000000e+01
2.307418948167781991e+01 1.700000000000000000e+01
0.000000000000000000e+00 0.000000000000000000e+00
4.200000000000000000e+01 4.838398359438144780e+00
1.300000000000000000e+01 1.000000000000000000e+01
2.416977511810624435e+01 2.600000000000000000e+01
1.818404487973224803e+01 2.617068530064222642e+01
2.428971185142009404e+01 2.616881347279523595e+01
4.100000000000000000e+01 1.586116506994272868e-02
1.876125992208082494e+01 0.000000000000000000e+00
3.300000000000000000e+01 5.000000000000000000e+00
4.800000000000000000e+01 0.000000000000000000e+00
2.355579009193396445e+01 6.632475993179397733e+00
4.142132109925400130e+01 1.743651926639129357e+01
3.400000000000000000e+01 1.182181463198983806e+01
2.900000000000000000e+01 3.000000000000000000e+00
7.549952627947551065e+00 0.000000000000000000e+00
1.543641162914298093e+00 0.000000000000000000e+00
3.577829759689630151e+01 1.851454915201381368e+01
0.000000000000000000e+00 0.000000000000000000e+00
0.000000000000000000e+00 0.000000000000000000e+00
4.400000000000000000e+01 0.000000000000000000e+00
1.300000000000000000e+01 1.100000000000000000e+01
6.398322395976208554e+00 0.000000000000000000e+00
3.500000000000000000e+01 2.000000000000000000e+01
2.552241356386921467e+01 1.073570743093983637e+01
6.990462981154863087e+00 0.000000000000000000e+00
4.405456120018303778e+00 0.000000000000000000e+00
2.410154096489553410e+01 2.960234846807298936e+01
2.416534275712231761e+01 1.900000000000000000e+01
1.600000000000000000e+01 0.000000000000000000e+00
3.700000000000000000e+01 0.000000000000000000e+00
4.600000000000000000e+01 0.000000000000000000e+00
2.151621336648789651e+01 3.514202542478496127e+01
2.200000000000000000e+01 1.300000000000000000e+01
1.800000000000000000e+01 1.600000000000000000e+01
2.456367845893269219e+01 2.015277733973250207e+01
9.388999149308936865e+00 0.000000000000000000e+00
9.000000000000000000e+00 8.000000000000000000e+00
2.873465993631619142e+01 6.502990264980198276e+00
2.178604270730718895e+01 3.100000000000000000e+01
1.454663283378408956e+01 0.000000000000000000e+00
1.812566324835026776e+01 7.655851685103769455e+00
8.114650154597738307e+00 0.000000000000000000e+00
0.000000000000000000e+00 0.000000000000000000e+00
3.516028965991506539e+01 1.475056462004479130e+01
1.800000000000000000e+01 2.000000000000000000e+00
3.434933715279996136e+01 1.916436621714105115e+01
2.384552154174390637e+01 5.666465850501317902e+00
0.000000000000000000e+00 0.000000000000000000e+00
3.100000000000000000e+01 6.424535698345081869e+00
2.324269292805214349e+01 0.000000000000000000e+00
1.149772009528018302e+01 0.000000000000000000e+00
1.232864747672336669e+01 0.000000000000000000e+00
8.904519717124912859e+00 0.000000000000000000e+00
4.156610874792245625e+01 1.407483071814972675e+01
2.296932065547807866e+01 4.135367157837677610e+00
0.000000000000000000e+00 0.000000000000000000e+00
2.400000000000000000e+01 2.000000000000000000e+00
0.000000000000000000e+00 0.000000000000000000e+00
3.560253426530104548e+01 1.130958007423735268e+01
1.892818785440776352e+01 2.757496835711996397e+01
2.680927516911508235e+01 9.067555601239092766e+00
1.583991088882465093e+01 0.000000000000000000e+00
6.000000000000000000e+00 3.000000000000000000e+00
4.078974691801218455e+01 8.500193219771119857e+00
0.000000000000000000e+00 0.000000000000000000e+00
4.400000000000000000e+01 1.257071317784838982e+01
7.101224306369489980e+00 0.000000000000000000e+00
8.000000000000000000e+00 5.000000000000000000e+00
2.706066018830473752e+01 9.640443097710544862e+00
1.218155645777942553e+00 0.000000000000000000e+00
3.000000000000000000e+01 1.100000000000000000e+01
2.368665472855046517e+01 8.553712880253748096e+00
0.000000000000000000e+00 0.000000000000000000e+00
0.000000000000000000e+00 0.000000000000000000e+00
3.400000000000000000e+01 1.313984504248364615e+01
2.826043784025300454e+01 1.359798163077374866e+01
2.409857606018875487e+01 5.941958325598889701e+00
2.821366931280174128e+01 1.041169461947431785e+01
0.000000000000000000e+00 0.000000000000000000e+00
6.166442319806144212e+00 0.000000000000000000e+00
1.700000000000000000e+01 1.500000000000000000e+01
2.200000000000000000e+01 5.000000000000000000e+00
0.000000000000000000e+00 0.000000000000000000e+00
1.696918179220423895e+01 3.548875119838526615e+01
1.992419384356623269e+01 3.205627910534253289e+01
1.766129468305282302e+01 3.810917591915732316e+00
4.900000000000000000e+01 0.000000000000000000e+00
3.680921256008520004e+01 1.262207897573584603e+01
2.436252176467697694e+01 4.516627517927609858e+00
4.089849988206250231e+01 1.295422907998681694e+01
8.942777361148408488e-01 0.000000000000000000e+00
3.424417832908024195e+01 2.120874705359732104e+01
2.428987212961915176e+01 2.700000000000000000e+01
2.683405558630675714e+01 2.300000000000000000e+01
2.119247437751404917e+01 7.382411177820252135e+00
0.000000000000000000e+00 0.000000000000000000e+00
2.239824214032075744e+01 0.000000000000000000e+00
4.100000000000000000e+01 5.507458889201434005e+00
0.000000000000000000e+00 0.000000000000000000e+00
1.500000000000000000e+01 5.000000000000000000e+00
2.306311633458164323e+01 3.058498143264292679e+01
3.200000000000000000e+01 6.000000000000000000e+00
1.900000000000000000e+01 3.000000000000000000e+00
4.400000000000000000e+01 3.738631979306347830e+00
0.000000000000000000e+00 0.000000000000000000e+00
0.000000000000000000e+00 0.000000000000000000e+00
3.700000000000000000e+01 1.713527838931723579e+01
1.632303391733471187e+01 0.000000000000000000e+00
0.000000000000000000e+00 0.000000000000000000e+00
2.834110932250613502e+01 2.152463164861994471e+01
2.463150664129182132e+01 2.906573916243370093e+01
2.258079539541089531e+01 2.300000000000000000e+01
4.400000000000000000e+01 0.000000000000000000e+00
2.293162232267139089e+01 3.100000000000000000e+01
1.341211490476648294e+01 0.000000000000000000e+00
9.856580447399032607e+00 0.000000000000000000e+00
2.800000000000000000e+01 9.000000000000000000e+00
5.885610918336503516e-01 0.000000000000000000e+00
0.000000000000000000e+00 0.000000000000000000e+00
3.900000000000000000e+01 5.438171926227305164e+00
0.000000000000000000e+00 0.000000000000000000e+00
0.000000000000000000e+00 0.000000000000000000e+00
4.007008870385570276e+01 9.719842177117342885e+00
1.612893828870288004e+01 0.000000000000000000e+00
2.006509959829467604e+01 2.800000000000000000e+01
2.251694787786257379e+01 3.006661756069510716e+01
9.176879422975144251e+00 0.000000000000000000e+00
2.266165215701384739e+01 3.613563762032757154e+01
3.129018397867194423e+01 2.391656619754964908e+01
2.878136101855011830e+01 2.298498374055540694e+01
3.120537440095224468e+01 1.503666297519193762e+01
1.700000000000000000e+01 2.000000000000000000e+00
2.400221990090827262e-01 0.000000000000000000e+00
2.808005723920607721e+01 2.658966544397243581e+01
2.849257998086880050e+01 2.163469929936950109e+01
3.000000000000000000e+01 6.000000000000000000e+00
1.808444961969690112e+01 3.941793554307693626e+00
1.552052951145620341e+01 1.615322572667309942e+00
2.568944810744255136e+01 1.775287859245513644e+01
0.000000000000000000e+00 0.000000000000000000e+00
4.800000000000000000e+01 5.629430813928948396e-01
0.000000000000000000e+00 0.000000000000000000e+00
1.722301675003045673e+01 1.800000000000000000e+01
3.900000000000000000e+01 1.051719308276982190e+01
2.345452718583288387e+01 4.140020141271556042e+00
2.464613695424532835e+01 2.710548172366370068e+01
0.000000000000000000e+00 0.000000000000000000e+00
3.800000000000000000e+01 4.397507900746333576e-01
2.010290864568366231e+01 8.830644691012352610e+00
1.601038672106294314e+01 0.000000000000000000e+00
0.000000000000000000e+00 0.000000000000000000e+00
2.600000000000000000e+01 6.000000000000000000e+00
2.193874095994238616e+01 1.765976883658758823e+00
2.090428518425079218e+01 0.000000000000000000e+00
4.300000000000000000e+01 0.000000000000000000e+00
1.713984225446856158e+01 0.000000000000000000e+00
2.743185965548252270e+01 3.651948148312700937e+01
1.731819300938668249e+01 3.650885140153300057e+01
2.235002308567820961e+01 3.300000000000000000e+01
2.170868753031309595e+01 1.900000000000000000e+01
1.742690619524467266e+01 1.909595944105412002e+00
0.000000000000000000e+00 0.000000000000000000e+00
1.600000000000000000e+01 1.200000000000000000e+01
3.300000000000000000e+01 1.651350675769439391e+00
3.400000000000000000e+01 9.185334031660481457e+00
2.300000000000000000e+01 0.000000000000000000e+00
2.700000000000000000e+01 2.000000000000000000e+00
0.000000000000000000e+00 0.000000000000000000e+00
2.754396543265071173e+01 3.178389612910147122e+01
2.000000000000000000e+00 2.000000000000000000e+00
2.400000000000000000e+01 1.400000000000000000e+01
5.000000000000000000e+01 2.899262306925621147e+00
4.176923596638823710e+01 6.271749952711779486e+00
4.300000000000000000e+01 1.028003162935490877e+01
3.578189217814110634e+01 2.094086547798690390e+01
3.179904354515012344e+01 2.120240235923464311e+01
2.600000000000000000e+01 9.000000000000000000e+00
2.705047707380334643e+01 2.565543725103085038e+01
0.000000000000000000e+00 0.000000000000000000e+00
3.782556515627617699e+01 1.878172733940931494e+01
3.842103854422744291e+01 4.982879085124260143e+00
1.600000000000000000e+01 4.000000000000000000e+00
1.733192339124517645e+01 0.000000000000000000e+00
3.089393280135948316e+01 2.290106339201837216e+01
1.918000192614545085e+01 3.147545005426049158e+01
7.313837987859592715e-01 0.000000000000000000e+00
0.000000000000000000e+00 0.000000000000000000e+00
7.285250253591364356e+00 0.000000000000000000e+00
3.862615510747755110e+01 9.378091437360769334e+00
1.975279904052919733e+01 1.396543859971046686e-01
3.300000000000000000e+01 0.000000000000000000e+00
2.661276593604605267e+01 2.300000000000000000e+01
5.248107257147712090e+00 0.000000000000000000e+00
4.480144676286336392e+00 0.000000000000000000e+00
2.326003498968766436e+01 7.997691167469930917e+00
2.046956321824431768e+01 2.422717536773095759e+01
3.300000000000000000e+01 4.000000000000000000e+00
0.000000000000000000e+00 0.000000000000000000e+00
3.300000000000000000e+01 1.700000000000000000e+01
1.994869677401491614e+01 3.663487384537113201e+00
7.491663909780164943e+00 0.000000000000000000e+00
1.272284181768621991e+01 1.621016600960899723e+00
3.000000000000000000e+01 6.000000000000000000e+00
2.698441756111598977e+01 2.500000000000000000e+01
4.000000000000000000e+01 1.160290071066214068e+01
1.855808798604331500e+01 2.800000000000000000e+01
1.300000000000000000e+01 0.000000000000000000e+00
4.300000000000000000e+01 5.855721073323167047e+00
2.313765635136399368e+01 1.513496717215872422e+00
2.948385211361900815e+01 1.100268382747442786e+01
0.000000000000000000e+00 0.000000000000000000e+00
1.953346731955799598e+01 5.579423242477162148e+00
0.000000000000000000e+00 0.000000000000000000e+00
4.800000000000000000e+01 0.000000000000000000e+00
2.531376548627152445e+01 2.700000000000000000e+01
3.642161807994912692e+01 1.825726171823896493e+01
4.700000000000000000e+01 0.000000000000000000e+00
4.400000000000000000e+01 0.000000000000000000e+00
0.000000000000000000e+00 0.000000000000000000e+00
5.000000000000000000e+00 2.000000000000000000e+00
4.000000000000000000e+01 1.567050714773401410e+00
5.000000000000000000e+01 0.000000000000000000e+00
3.739852204173727301e+01 2.028546873131683981e+01
8.000000000000000000e+00 7.000000000000000000e+00
1.990549404018358715e+01 2.802841096741701676e+00
2.270195649748595912e+01 3.484262473412501748e+01
0.000000000000000000e+00 0.000000000000000000e+00
1.783575263859244942e+01 3.283302549552951888e+01
0.000000000000000000e+00 0.000000000000000000e+00
2.767307533913157869e+01 9.829722554308190752e+00
1.600000000000000000e+01 1.300000000000000000e+01
4.349270095724843088e+01 1.219763882114268938e+01
2.060671494478730992e+01 6.360395368497599122e+00
3.187671476031733420e+01 1.979871166947081917e+01
0.000000000000000000e+00 0.000000000000000000e+00
8.000000000000000000e+00 7.000000000000000000e+00
4.000000000000000000e+00 0.000000000000000000e+00
2.000000000000000000e+01 1.000000000000000000e+01
3.500000000000000000e+01 1.000000000000000000e+00
3.300000000000000000e+01 1.860685623730514493e+00
1.680657447738958510e+01 3.702661297663392759e+01
2.892286852460512137e+01 7.887866411990145821e+00
3.449940083701779514e+00 0.000000000000000000e+00
3.000000000000000000e+01 1.000000000000000000e+01
2.127730888563179334e+01 3.256738980881314660e+01
4.226728919097991977e+00 0.000000000000000000e+00
2.427354506319801430e+01 6.432174506285804227e+00
0.000000000000000000e+00 0.000000000000000000e+00
8.000000000000000000e+00 2.000000000000000000e+00
3.120092673912193248e+01 2.607923092703126855e+01
4.300000000000000000e+01 0.000000000000000000e+00
2.366003091387095125e+01 5.164286480122569856e+00
0.000000000000000000e+00 0.000000000000000000e+00
2.900000000000000000e+01 2.200000000000000000e+01
3.906027823078295569e+01 1.383552275208769800e+01
3.500000000000000000e+01 2.100000000000000000e+01
9.776410952984651459e+00 0.000000000000000000e+00
2.604985040878300850e+01 5.838376300254445539e+00
1.094467237453865849e+01 0.000000000000000000e+00
0.000000000000000000e+00 0.000000000000000000e+00
0.000000000000000000e+00 0.000000000000000000e+00
4.900000000000000000e+01 0.000000000000000000e+00
2.797309498674770722e+01 1.349055041313789616e+01
3.074139089316552287e+01 1.818017075634077528e+01
3.200000000000000000e+01 9.000000000000000000e+00
1.100000000000000000e+01 5.000000000000000000e+00
1.900000000000000000e+01 4.000000000000000000e+00
7.000000000000000000e+00 4.000000000000000000e+00
1.700000000000000000e+01 9.000000000000000000e+00
4.200000000000000000e+01 7.197045123287040269e-01
4.518914755339221756e+01 6.979023113059746208e+00
1.400153838457139877e+01 0.000000000000000000e+00
2.440334654146824178e+01 3.259390241950759304e+01
0.000000000000000000e+00 0.000000000000000000e+00
2.488244971901450953e+01 2.600000000000000000e+01
4.500000000000000000e+01 0.000000000000000000e+00
1.898086602982826321e+01 3.153798332291933093e+01
3.403280229101774523e+01 1.780661842925009353e+01
2.499319742611211481e+01 3.318149620314914472e+01
2.370508627442173832e+01 3.687066104258242660e+00
1.500000000000000000e+01 1.000000000000000000e+00
0.000000000000000000e+00 0.000000000000000000e+00
3.100000000000000000e+01 1.000000000000000000e+01
0.000000000000000000e+00 0.000000000000000000e+00
0.000000000000000000e+00 0.000000000000000000e+00
7.029897882593346026e+00 0.000000000000000000e+00
0.000000000000000000e+00 0.000000000000000000e+00
1.400000000000000000e+01 5.000000000000000000e+00
4.313235335078182686e-01 0.000000000000000000e+00
0.000000000000000000e+00 0.000000000000000000e+00
4.509771473026459176e+01 1.317893984141487351e+01
3.376733520837156277e+00 0.000000000000000000e+00
2.592451107817811362e+01 1.754981592526257828e+01
3.239822019098677686e+01 2.117194946833629032e+01
2.300000000000000000e+01 2.000000000000000000e+00
2.850582098726898295e+01 1.400000000000000000e+01
3.300000000000000000e+01 1.600000000000000000e+01
0.000000000000000000e+00 0.000000000000000000e+00
0.000000000000000000e+00 0.000000000000000000e+00
0.000000000000000000e+00 0.000000000000000000e+00
0.000000000000000000e+00 0.000000000000000000e+00
0.000000000000000000e+00 0.000000000000000000e+00
2.199418683911821759e+01 1.800000000000000000e+01
3.838495662688168863e+01 1.732966552686244199e+01
0.000000000000000000e+00 0.000000000000000000e+00
0.000000000000000000e+00 0.000000000000000000e+00
2.600000000000000000e+01 2.100000000000000000e+01
7.000000000000000000e+00 3.000000000000000000e+00
2.800000000000000000e+01 1.900000000000000000e+01
2.774968694371816014e+01 2.591483693874920391e+00
4.100000000000000000e+01 0.000000000000000000e+00
2.715301077107256944e+01 2.300000000000000000e+01
0.000000000000000000e+00 0.000000000000000000e+00
3.900000000000000000e+01 0.000000000000000000e+00
2.544752772039472788e+01 6.369360606161087901e+00
1.600000000000000000e+01 4.000000000000000000e+00
4.500000000000000000e+01 1.082346727457873925e+01
4.400000000000000000e+01 0.000000000000000000e+00
4.300000000000000000e+01 0.000000000000000000e+00
0.000000000000000000e+00 0.000000000000000000e+00
0.000000000000000000e+00 0.000000000000000000e+00
3.600000000000000000e+01 1.400000000000000000e+01
2.998242510512977077e+01 1.538738184218973970e+01
3.237874452731727359e+01 1.900000000000000000e+01
0.000000000000000000e+00 0.000000000000000000e+00
3.403313977092663833e+01 1.052299731638634483e+01
2.610022352808702806e+01 2.672656868377463013e+01
4.500000000000000000e+01 7.435012803534604586e+00
3.300000000000000000e+01 1.600000000000000000e+01
3.366821894124451831e+01 1.294437481665129042e+01
0.000000000000000000e+00 0.000000000000000000e+00
3.600000000000000000e+01 9.772717216985533639e+00
2.521869302499561982e+01 2.447986475244061211e+01
2.144606275005450868e+00 0.000000000000000000e+00
1.631741863343594900e+01 5.954437199872277375e+00
2.235361303427061586e+01 2.185550307890446575e+01
0.000000000000000000e+00 0.000000000000000000e+00
2.600000000000000000e+01 1.600000000000000000e+01
3.400000000000000000e+01 1.700000000000000000e+01
8.861652248281178146e+00 0.000000000000000000e+00
1.500000000000000000e+01 1.000000000000000000e+01
2.095274966574639564e+01 1.070365753974497736e+01
4.345745023084256076e+01 4.582868688432306215e+00
2.979974021999380085e+01 2.687706999072739222e+01
3.000734794846629683e+01 7.946732412357718545e+00
0.000000000000000000e+00 0.000000000000000000e+00
2.583249696007189655e+01 8.665875494680527424e+00
1.013076501231990179e+01 0.000000000000000000e+00
3.104562527541208539e+01 2.335066011774187444e+01
4.211662050692650894e+01 1.438191854831988792e+01
0.000000000000000000e+00 0.000000000000000000e+00
3.670002615078958286e+01 1.247122331402662354e+01
2.113503363745309116e+01 3.568136436095989694e+01
1.375000452236864845e+01 0.000000000000000000e+00
1.602666830692106004e+01 0.000000000000000000e+00
2.663164962947115555e+01 2.157938620223945136e+01
0.000000000000000000e+00 0.000000000000000000e+00
2.200000000000000000e+01 5.000000000000000000e+00
2.078049249104445195e+01 3.172674955768660254e+01
3.000000000000000000e+01 3.000000000000000000e+00
3.000000000000000000e+01 3.066735586728825069e+00
3.274777929161769663e+01 2.200000000000000000e+01
0.000000000000000000e+00 0.000000000000000000e+00
3.900000000000000000e+01 5.132424123490054058e+00
2.997890058716825479e+01 2.484991803077377881e+01
1.700000000000000000e+01 7.000000000000000000e+00
2.587341653349071180e+01 7.477087041882846563e+00
0.000000000000000000e+00 0.000000000000000000e+00
3.000000000000000000e+00 2.000000000000000000e+00
2.109192121082968185e+01 0.000000000000000000e+00
1.535449853728203173e+01 0.000000000000000000e+00
3.105379641300802263e+01 3.107012576596903131e+01
2.100000000000000000e+01 3.000000000000000000e+00
1.958343558031062770e+01 1.639862382282437636e+00
4.009728182956219200e+01 1.720403249028919390e+01
0.000000000000000000e+00 0.000000000000000000e+00
0.000000000000000000e+00 0.000000000000000000e+00
0.000000000000000000e+00 0.000000000000000000e+00
2.269267455894705421e+01 3.274164566062025017e+01
0.000000000000000000e+00 0.000000000000000000e+00
0.000000000000000000e+00 0.000000000000000000e+00
0.000000000000000000e+00 0.000000000000000000e+00
2.700000000000000000e+01 1.700000000000000000e+01
1.832159877337285181e+01 4.439826292679718733e+00
0.000000000000000000e+00 0.000000000000000000e+00
2.003334154158284264e+01 7.570949794390394061e+00
0.000000000000000000e+00 0.000000000000000000e+00
0.000000000000000000e+00 0.000000000000000000e+00
1.133850771884349840e+01 0.000000000000000000e+00
1.013465965752553544e+01 0.000000000000000000e+00
2.434458425865712883e+01 7.397335031741377520e+00
3.234356063471525999e+01 1.700000000000000000e+01
3.747619682884499070e+01 9.539184036160897051e+00
3.700000000000000000e+01 1.938755504363565052e+01
2.158773263497992545e+01 6.135743050976437019e+00
2.057634644235469068e+01 3.300000000000000000e+01
0.000000000000000000e+00 0.000000000000000000e+00
2.807966814215631501e+01 1.822477811968749251e+01
1.472833828236769449e+01 0.000000000000000000e+00
0.000000000000000000e+00 0.000000000000000000e+00
4.400000000000000000e+01 0.000000000000000000e+00
1.713605239901139754e+01 3.742680594467430666e+01
1.800000000000000000e+01 5.000000000000000000e+00
3.000000000000000000e+01 1.184160614846636861e+01
0.000000000000000000e+00 0.000000000000000000e+00
1.526930043253012315e+01 3.000000000000000000e+01
9.252490748965815470e+00 5.107902042012852917e-01
0.000000000000000000e+00 0.000000000000000000e+00
2.145999085968898612e+01 3.174519231899267879e+01
2.597936460703830619e+01 3.017423622496512081e+01
4.687873821916866746e+00 0.000000000000000000e+00
6.000000000000000000e+00 2.000000000000000000e+00
2.318722114957662228e+01 3.100000000000000000e+01
2.556520300373868082e+01 6.894366548100958170e+00
2.388354372422830352e+01 1.900000000000000000e+01
2.293286541281555913e+01 2.625008368894424038e+01
1.693146559576819854e+01 0.000000000000000000e+00
2.988800308817575058e+01 1.415030565146240349e+01
4.723490341204966114e+01 8.964199286101148800e+00
0.000000000000000000e+00 0.000000000000000000e+00
2.095858813763537398e+01 2.900000000000000000e+01
3.300000000000000000e+01 7.000000000000000000e+00
0.000000000000000000e+00 0.000000000000000000e+00
1.788411248061209236e+01 2.600000000000000000e+01
1.900000000000000000e+01 6.000000000000000000e+00
0.000000000000000000e+00 0.000000000000000000e+00
0.000000000000000000e+00 0.000000000000000000e+00
2.000000000000000000e+01 5.000000000000000000e+00
1.197313644751820760e+01 0.000000000000000000e+00
6.000000000000000000e+00 0.000000000000000000e+00
4.800000000000000000e+01 0.000000000000000000e+00
2.352414096495588325e+01 8.771329828815311203e+00
1.711343424686716830e+01 3.200000000000000000e+01
6.666022618762887930e-01 0.000000000000000000e+00
3.000000000000000000e+01 1.200000000000000000e+01
2.529960758085668715e+01 4.642796396203863196e+00
2.062290561236582676e+01 4.491237153184684416e+00
1.802104831754527936e+01 6.327115638444666956e-01
0.000000000000000000e+00 0.000000000000000000e+00
8.564633069944163068e+00 0.000000000000000000e+00
3.200000000000000000e+01 1.300000000000000000e+01
3.368051769568690901e+01 2.019933589214659975e+01
3.500000000000000000e+01 0.000000000000000000e+00
0.000000000000000000e+00 0.000000000000000000e+00
2.100000000000000000e+01 8.000000000000000000e+00
2.140359620595209122e+01 2.973957532076530441e+01
4.300000000000000000e+01 3.349619021350484616e+00
1.217240145102851656e+01 5.693559220264461374e-01
0.000000000000000000e+00 0.000000000000000000e+00
1.339747195122674839e+01 0.000000000000000000e+00
3.100000000000000000e+01 3.000000000000000000e+00
4.900000000000000000e+01 2.996990165083687430e+00
6.301558654956540551e+00 0.000000000000000000e+00
5.000000000000000000e+00 2.000000000000000000e+00
0.000000000000000000e+00 0.000000000000000000e+00
2.173454226256904320e+01 4.224662050833373428e+00
3.124911410258236799e+01 2.678847101282921983e+01
3.500000000000000000e+01 5.933515527199794803e+00
4.400000000000000000e+01 0.000000000000000000e+00
2.991619810264832324e+01 1.353379172735085945e+01
2.893996322505353191e+01 1.465790425444193090e+01
1.800000000000000000e+01 1.500000000000000000e+01
6.000000000000000000e+00 2.000000000000000000e+00
1.416439716373292868e+01 0.000000000000000000e+00
4.531201357379639916e+01 1.309944282031013074e+01
2.038296694616670024e+01 3.593568052778326205e+01
1.000000000000000000e+01 0.000000000000000000e+00
1.104797864017502818e+01 0.000000000000000000e+00
4.300000000000000000e+01 7.175702565519117115e+00
2.973722849889037079e+01 2.254914575066634796e+01
1.119771716605319689e+01 1.400000000000000000e+01
1.800000000000000000e+01 1.100000000000000000e+01
8.570403378699332109e+00 0.000000000000000000e+00
3.032274224722478095e+01 2.412620276318256884e+01
3.500000000000000000e+01 0.000000000000000000e+00
1.915095000075721643e+01 1.900000000000000000e+01
2.972672997891180557e+01 2.458935666122519592e+01
4.300000000000000000e+01 0.000000000000000000e+00
3.716492147109846655e+00 0.000000000000000000e+00
2.241231924020053157e+01 2.975345563014502304e+01
8.729284422810621891e+00 0.000000000000000000e+00
3.900000000000000000e+01 1.481599058269575409e+01
1.354745498716776453e+01 0.000000000000000000e+00
1.683422702703105145e+01 3.498391906332067691e+01
1.100000000000000000e+01 1.000000000000000000e+00
0.000000000000000000e+00 0.000000000000000000e+00
3.100000000000000000e+01 7.000000000000000000e+00
0.000000000000000000e+00 0.000000000000000000e+00
5.000000000000000000e+01 0.000000000000000000e+00
6.432396797012572165e+00 0.000000000000000000e+00
1.653575489674233978e+01 6.851009391686204708e+00
7.974627953574213279e+00 0.000000000000000000e+00
1.214431218980746507e+01 0.000000000000000000e+00
0.000000000000000000e+00 0.000000000000000000e+00
0.000000000000000000e+00 0.000000000000000000e+00
4.883126818200715036e+00 0.000000000000000000e+00
2.170550515092540778e+01 1.242103662606304937e+01
2.666116192065918256e+01 9.945427220075771402e+00
0.000000000000000000e+00 0.000000000000000000e+00
2.200000000000000000e+01 7.000000000000000000e+00
4.100000000000000000e+01 1.306614562017886527e+01
0.000000000000000000e+00 0.000000000000000000e+00
8.551943164781867779e+00 0.000000000000000000e+00
1.437015615796561185e+01 0.000000000000000000e+00
2.366250560131389591e+01 1.021535782290717620e+01
0.000000000000000000e+00 0.000000000000000000e+00
4.100000000000000000e+01 5.727484866358928173e+00
1.700000000000000000e+01 2.000000000000000000e+00
2.446155506385611389e+01 1.077137207029054622e+01
3.100000000000000000e+01 5.000000000000000000e+00
1.117746616995311726e+01 0.000000000000000000e+00
0.000000000000000000e+00 0.000000000000000000e+00
4.641097083909080823e+00 0.000000000000000000e+00
0.000000000000000000e+00 0.000000000000000000e+00
7.382958305743372307e+00 0.000000000000000000e+00
3.800000000000000000e+01 2.324113363738263160e+00
3.783054890036294182e+01 1.341124378264512274e+01
4.340915436405757077e+01 1.310913294630119452e+01
0.000000000000000000e+00 0.000000000000000000e+00
0.000000000000000000e+00 0.000000000000000000e+00
2.700000000000000000e+01 1.200000000000000000e+01
4.242715534744888828e+01 7.715364763157886330e+00
2.091312346607411854e+01 1.700000000000000000e+01
0.000000000000000000e+00 0.000000000000000000e+00
3.400000000000000000e+01 3.000000000000000000e+00
1.605871697079292915e+01 1.900000000000000000e+01
4.000000000000000000e+00 1.000000000000000000e+00
2.977897458926327801e+01 2.210605246585983963e+01
3.214972280866524557e+01 2.359282619702251793e+01
1.500000000000000000e+01 1.300000000000000000e+01
0.000000000000000000e+00 0.000000000000000000e+00
3.800000000000000000e+01 1.000000000000000000e+00
0.000000000000000000e+00 0.000000000000000000e+00
0.000000000000000000e+00 0.000000000000000000e+00
2.848341120481616073e+01 2.537201481434211559e+01
1.908446363949431657e+01 5.889431291888811870e+00
0.000000000000000000e+00 0.000000000000000000e+00
5.934561392254167345e-01 0.000000000000000000e+00
1.513544462403598168e+01 0.000000000000000000e+00
3.237363750329490131e+01 1.906037575178249455e+01
2.464142472379622717e+01 7.178264718797365163e+00
1.500000000000000000e+01 9.000000000000000000e+00
3.300000000000000000e+01 1.700000000000000000e+01
1.272925727054067124e+01 5.038208135254009790e-01
2.061603656644182436e+00 0.000000000000000000e+00
1.560957795290695316e+01 3.908561740255919403e+00
1.500000000000000000e+01 8.000000000000000000e+00
4.584873439193260936e+01 0.000000000000000000e+00
2.500000000000000000e+01 3.000000000000000000e+00
4.000000000000000000e+01 1.382500133883218041e+01
4.600000000000000000e+01 0.000000000000000000e+00
1.699682436696535959e+01 2.370716593727614452e+00
4.900000000000000000e+01 0.000000000000000000e+00
9.000000000000000000e+00 6.000000000000000000e+00
3.265503437048955249e+01 1.754919137310717758e+01
4.500000000000000000e+01 3.743444433708944530e+00
1.701303026067195390e+01 3.275463507711874911e+01
4.100000000000000000e+01 0.000000000000000000e+00
0.000000000000000000e+00 0.000000000000000000e+00
2.595813721829025411e+01 9.638929469470838285e+00
1.747731360947268797e+01 0.000000000000000000e+00
3.214307207334876892e+01 1.895003868922646717e+01
6.842412191381079367e+00 0.000000000000000000e+00
4.949796776897132133e+01 0.000000000000000000e+00
1.900000000000000000e+01 5.000000000000000000e+00
4.200000000000000000e+01 5.645761716980658207e+00
0.000000000000000000e+00 0.000000000000000000e+00
2.323934023646448566e+01 1.574136158501596938e+01
4.100000000000000000e+01 0.000000000000000000e+00
2.202055532212399669e+01 9.032759316605783795e+00
0.000000000000000000e+00 0.000000000000000000e+00
3.200000000000000000e+01 9.000000000000000000e+00
1.881590701340993732e+01 1.993659645259233315e+01
6.654449297724411849e-01 0.000000000000000000e+00
5.649756626404636606e+00 0.000000000000000000e+00
2.700000000000000000e+01 1.000000000000000000e+00
2.800000000000000000e+01 2.000000000000000000e+00
3.860859930925381889e+01 1.377402358206044397e+01
1.155028713539508978e+01 0.000000000000000000e+00
0.000000000000000000e+00 0.000000000000000000e+00
0.000000000000000000e+00 0.000000000000000000e+00
7.887660022980629293e+00 0.000000000000000000e+00
5.000000000000000000e+01 0.000000000000000000e+00
7.634507736388471244e+00 0.000000000000000000e+00
0.000000000000000000e+00 0.000000000000000000e+00
0.000000000000000000e+00 0.000000000000000000e+00
1.900000000000000000e+01 1.500000000000000000e+01
0.000000000000000000e+00 0.000000000000000000e+00
2.251587922192369007e+01 2.100000000000000000e+01
0.000000000000000000e+00 0.000000000000000000e+00
3.552185452251789144e+01 1.479039914562326175e+01
2.462477335322120098e+01 2.847457011447794173e+00
3.800000000000000000e+01 2.623102810915185046e+00
1.520746314863025717e+01 5.312335105737361118e+00
1.600000000000000000e+01 8.000000000000000000e+00
2.603337692411439974e+00 0.000000000000000000e+00
5.000000000000000000e+01 0.000000000000000000e+00
4.200000000000000000e+01 3.789345086792621942e+00
4.400000000000000000e+01 4.691174552434844713e+00
0.000000000000000000e+00 0.000000000000000000e+00
2.612141130591109572e+01 6.618517935759456350e+00
0.000000000000000000e+00 0.000000000000000000e+00
2.901821646319933024e+01 2.000000000000000000e+01
2.653209531660717602e+01 3.018781547216248384e+01
4.700000000000000000e+01 0.000000000000000000e+00
4.600000000000000000e+01 0.000000000000000000e+00
3.300000000000000000e+01 1.400000000000000000e+01
4.417256446616626420e+01 4.901511357849258843e+00
2.100000000000000000e+01 0.000000000000000000e+00
3.900000000000000000e+01 2.394784451817997706e+00
1.578762044745592874e+01 6.637361719675681115e+00
