1.187730817234886693e+01
0.000000000000000000e+00
0.000000000000000000e+00
0.000000000000000000e+00
0.000000000000000000e+00
0.000000000000000000e+00
1.639450719229603726e-01
0.000000000000000000e+00
1.196975331336369130e+01
0.000000000000000000e+00
0.000000000000000000e+00
5.183016192728375771e+00
1.955492403403500035e+01
1.284447183974680939e+01
9.441164082383144418e-01
0.000000000000000000e+00
0.000000000000000000e+00
0.000000000000000000e+00
1.144674802767187138e+01
0.000000000000000000e+00
0.000000000000000000e+00
0.000000000000000000e+00
0.000000000000000000e+00
0.000000000000000000e+00
6.598900328793488868e+00
0.000000000000000000e+00
0.000000000000000000e+00
0.000000000000000000e+00
0.000000000000000000e+00
0.000000000000000000e+00
1.169839347761945057e-02
0.000000000000000000e+00
0.000000000000000000e+00
0.000000000000000000e+00
0.000000000000000000e+00
2.355282161285052211e+01
0.000000000000000000e+00
0.000000000000000000e+00
0.000000000000000000e+00
2.981669624631279270e+00
0.000000000000000000e+00
1.073486405021397339e+01
1.658184233309668087e+01
9.441164082383144418e-01
0.000000000000000000e+00
0.000000000000000000e+00
0.000000000000000000e+00
2.675698824619476390e+00
0.000000000000000000e+00
0.000000000000000000e+00
1.514476291040462996e+01
0.000000000000000000e+00
0.000000000000000000e+00
0.000000000000000000e+00
3.619047000796873359e+00
0.000000000000000000e+00
0.000000000000000000e+00
6.932192613320503405e+00
1.018077806973066046e+01
0.000000000000000000e+00
7.532653179735154580e+00
1.828730218056051626e+00
0.000000000000000000e+00
0.000000000000000000e+00
0.000000000000000000e+00
6.335628835073979503e-02
0.000000000000000000e+00
1.326249034255172354e+01
0.000000000000000000e+00
4.400597610779995783e+00
0.000000000000000000e+00
8.640629748393449105e+00
0.000000000000000000e+00
3.875363619815304084e+00
0.000000000000000000e+00
1.098661833174485736e+01
6.470838658093994056e+00
0.000000000000000000e+00
0.000000000000000000e+00
6.343108092577228518e+00
0.000000000000000000e+00
0.000000000000000000e+00
9.389261476337545931e-01
1.232640637397005356e+01
0.000000000000000000e+00
0.000000000000000000e+00
0.000000000000000000e+00
0.000000000000000000e+00
0.000000000000000000e+00
0.000000000000000000e+00
9.443052715353690729e+00
5.288386555299850578e+00
5.202444092237113793e+00
7.883485966348385832e-02
1.755843450958249008e+01
0.000000000000000000e+00
1.001220042202323768e+01
0.000000000000000000e+00
0.000000000000000000e+00
0.000000000000000000e+00
4.009008040709467584e-03
0.000000000000000000e+00
8.748055110841102433e+00
6.464682556682002090e-01
9.711794389052903764e-03
1.323294790477611471e+01
1.171286257740718151e+00
6.866139812362793471e+00
2.568799893115039534e+00
1.025454045956474047e+01
1.284447183974680939e+01
2.182189059643593609e-01
6.156752949548686793e+00
0.000000000000000000e+00
0.000000000000000000e+00
0.000000000000000000e+00
1.059502752814469417e+01
0.000000000000000000e+00
0.000000000000000000e+00
9.492533368699739071e+00
0.000000000000000000e+00
4.582350306886363356e+00
0.000000000000000000e+00
2.155743450364515112e+01
0.000000000000000000e+00
1.237643667704914030e+01
1.959402624120606973e+01
0.000000000000000000e+00
0.000000000000000000e+00
3.512131284613510651e+00
0.000000000000000000e+00
7.505940283502097188e+00
0.000000000000000000e+00
4.150360378711591913e+00
0.000000000000000000e+00
0.000000000000000000e+00
1.423438605319983630e+01
1.514493727771429121e+01
0.000000000000000000e+00
3.055498141196381565e-02
0.000000000000000000e+00
0.000000000000000000e+00
3.852378708881419200e+00
4.941993292425459927e+00
0.000000000000000000e+00
0.000000000000000000e+00
3.647421867051882316e+00
5.876142872285107011e+00
0.000000000000000000e+00
0.000000000000000000e+00
9.353793437075960782e+00
1.150169567897161826e+01
0.000000000000000000e+00
0.000000000000000000e+00
2.210837699438453097e+00
0.000000000000000000e+00
7.888503175760898101e-01
1.236055502892968150e+01
9.428110319265233796e-01
1.417294233525726632e+01
1.098806994298269757e+01
0.000000000000000000e+00
0.000000000000000000e+00
2.155595353740922704e+01
8.986340109879826343e+00
1.955745207583978384e+01
8.229710083777373342e+00
0.000000000000000000e+00
5.706569101139657985e-01
4.442719981716091726e-01
0.000000000000000000e+00
5.689760127176570759e-01
0.000000000000000000e+00
7.840821853932457230e+00
1.955492403403500035e+01
0.000000000000000000e+00
1.794996756608717270e+00
1.825918740748352642e-01
5.738065370371219220e-01
0.000000000000000000e+00
1.514283077503241870e+01
7.384149395881137723e-01
2.156495615816985278e+01
2.567619226891734829e+00
7.992118427052734120e+00
0.000000000000000000e+00
0.000000000000000000e+00
1.836730517471955260e+00
0.000000000000000000e+00
1.421878591107438794e+01
3.892889348102063440e+00
2.255294134232024206e+01
0.000000000000000000e+00
1.186048556887846850e+01
0.000000000000000000e+00
0.000000000000000000e+00
0.000000000000000000e+00
6.241274472978671106e+00
1.762350801978794479e+01
1.514426188148537733e+01
0.000000000000000000e+00
0.000000000000000000e+00
3.892889348102063440e+00
4.781525341380287591e-02
5.363864519254486041e+00
0.000000000000000000e+00
9.220214615804211533e+00
2.349261272504133746e+00
0.000000000000000000e+00
6.059140482554969259e-02
0.000000000000000000e+00
0.000000000000000000e+00
0.000000000000000000e+00
0.000000000000000000e+00
1.030955011419380618e+01
0.000000000000000000e+00
0.000000000000000000e+00
0.000000000000000000e+00
0.000000000000000000e+00
1.015937579731955154e+01
4.106371327894764889e+00
3.852018948798276110e+00
0.000000000000000000e+00
0.000000000000000000e+00
1.514246432508526219e+01
0.000000000000000000e+00
0.000000000000000000e+00
1.196975331336369130e+01
0.000000000000000000e+00
8.036541559970507009e+00
2.304901698816205435e+00
0.000000000000000000e+00
0.000000000000000000e+00
0.000000000000000000e+00
0.000000000000000000e+00
2.155484790455658839e+01
5.190894334180912395e+00
9.066218770008513061e+00
0.000000000000000000e+00
0.000000000000000000e+00
6.451226863143981305e+00
1.417222851024235730e+01
0.000000000000000000e+00
0.000000000000000000e+00
1.417294233525726632e+01
0.000000000000000000e+00
0.000000000000000000e+00
4.644663658045537075e-02
0.000000000000000000e+00
2.947401517603727428e-02
9.449532365245838506e+00
0.000000000000000000e+00
0.000000000000000000e+00
4.053037149436298670e+00
0.000000000000000000e+00
1.155622193078838372e-01
9.843759203498215982e+00
1.237515699331254854e-01
0.000000000000000000e+00
5.820314531506804556e+00
0.000000000000000000e+00
0.000000000000000000e+00
1.959402624120606973e+01
9.592795605242994128e+00
0.000000000000000000e+00
0.000000000000000000e+00
6.310635957935119222e+00
2.355840594342200334e-01
0.000000000000000000e+00
1.514442619117367350e+01
4.859488521945386275e+00
0.000000000000000000e+00
0.000000000000000000e+00
0.000000000000000000e+00
0.000000000000000000e+00
2.180498850950801426e+00
2.742842142324663168e+00
0.000000000000000000e+00
2.619333841948845887e+00
1.514442619117367350e+01
0.000000000000000000e+00
0.000000000000000000e+00
1.118889733817205467e+01
0.000000000000000000e+00
0.000000000000000000e+00
7.501642451744587881e-01
2.455246165967943739e+01
5.799072399792630783e+00
7.144675500871146667e+00
0.000000000000000000e+00
0.000000000000000000e+00
0.000000000000000000e+00
2.908965638469019233e+00
2.455647066772014497e+01
2.344125300505678633e-01
1.329412417793695411e+01
0.000000000000000000e+00
7.123339197297881675e+00
1.859491514456870931e+01
0.000000000000000000e+00
0.000000000000000000e+00
5.175473182467630551e+00
0.000000000000000000e+00
1.015943512859536391e+01
1.610507361812938409e-01
0.000000000000000000e+00
6.200120654946410931e-02
0.000000000000000000e+00
3.199159260798254550e-02
0.000000000000000000e+00
0.000000000000000000e+00
0.000000000000000000e+00
5.763934069101634972e-01
1.756416448878943015e+01
0.000000000000000000e+00
0.000000000000000000e+00
1.756078609814402824e+01
4.040639370068858760e+00
4.599470848791844979e+00
0.000000000000000000e+00
0.000000000000000000e+00
2.255886771780626887e+01
0.000000000000000000e+00
3.507409879695108312e+00
0.000000000000000000e+00
6.952963457542826742e-01
0.000000000000000000e+00
5.167682115471134097e+00
0.000000000000000000e+00
0.000000000000000000e+00
9.120720755616037678e+00
0.000000000000000000e+00
0.000000000000000000e+00
9.806580506423557608e+00
0.000000000000000000e+00
0.000000000000000000e+00
0.000000000000000000e+00
8.375196896201948960e+00
0.000000000000000000e+00
1.557775482093129327e+01
1.087389451169405596e+01
0.000000000000000000e+00
0.000000000000000000e+00
6.451226863143981305e+00
4.070513514266727029e+00
1.842344119417939519e+00
0.000000000000000000e+00
2.577766826985919302e+00
1.254724446158697049e-01
1.324723429086744453e+01
2.512952073017157284e-01
8.290843132534272186e+00
0.000000000000000000e+00
1.331110368802455035e-01
6.759714108385206366e-01
0.000000000000000000e+00
0.000000000000000000e+00
0.000000000000000000e+00
0.000000000000000000e+00
5.183016192728375771e+00
0.000000000000000000e+00
6.241274472978671106e+00
1.063063178061119629e+01
4.959718457975847983e+00
2.355840594342200334e-01
2.321783382836429266e-01
0.000000000000000000e+00
1.417224841000699342e+01
0.000000000000000000e+00
3.090926807596644288e+00
2.146920523849113138e+00
4.012927376884473651e-01
2.256445399428320542e+01
3.585577659717252841e-01
0.000000000000000000e+00
0.000000000000000000e+00
0.000000000000000000e+00
0.000000000000000000e+00
9.456589401473772805e-01
0.000000000000000000e+00
0.000000000000000000e+00
6.200120654946410931e-02
1.365654654753725872e+01
2.559645008994747784e+00
2.559645008994747784e+00
0.000000000000000000e+00
0.000000000000000000e+00
8.675308806225014990e+00
3.144188814351969175e+00
0.000000000000000000e+00
8.424062665339164369e+00
7.506023947078029890e-01
8.577129478397106155e+00
1.098763822273709145e+01
1.015928250832477175e+01
7.506313322452208503e+00
0.000000000000000000e+00
2.942265782230925719e+00
1.323274150025490670e+01
0.000000000000000000e+00
1.514025482613492990e+01
3.660012040949761403e+00
1.471953486370466191e+00
0.000000000000000000e+00
0.000000000000000000e+00
1.099519507622990844e+01
0.000000000000000000e+00
0.000000000000000000e+00
9.774864333715980180e+00
9.652408836519869029e-01
0.000000000000000000e+00
4.859488521945386275e+00
0.000000000000000000e+00
0.000000000000000000e+00
0.000000000000000000e+00
2.355665035036093613e+01
4.033611732026333385e+00
7.883485966348385832e-02
4.940097700224664656e+00
1.144535428009930556e+01
2.055406701165691175e+01
1.467237200575299605e+00
2.607365466201118753e+00
1.558977860249810909e+01
0.000000000000000000e+00
4.433038160912756154e-01
0.000000000000000000e+00
1.273638590187206887e+01
0.000000000000000000e+00
0.000000000000000000e+00
0.000000000000000000e+00
0.000000000000000000e+00
8.749498923237847947e+00
1.336080064845817650e-01
7.639608222935550863e+00
0.000000000000000000e+00
0.000000000000000000e+00
2.190059381933430416e+00
0.000000000000000000e+00
0.000000000000000000e+00
0.000000000000000000e+00
0.000000000000000000e+00
1.332310939421000917e+01
0.000000000000000000e+00
0.000000000000000000e+00
5.085255356201834331e-01
0.000000000000000000e+00
0.000000000000000000e+00
1.365702529652184438e+01
0.000000000000000000e+00
0.000000000000000000e+00
6.059140482554969259e-02
7.840821853932457230e+00
0.000000000000000000e+00
9.953870416617254691e+00
0.000000000000000000e+00
1.610507361812938409e-01
0.000000000000000000e+00
0.000000000000000000e+00
1.949974125200703901e+00
0.000000000000000000e+00
0.000000000000000000e+00
0.000000000000000000e+00
3.646137293864045947e+00
0.000000000000000000e+00
0.000000000000000000e+00
0.000000000000000000e+00
0.000000000000000000e+00
0.000000000000000000e+00
2.197421576061668436e+00
3.655874966984271612e-01
0.000000000000000000e+00
2.755243552850182098e+01
2.555496357030668975e+01
0.000000000000000000e+00
1.417174922429249584e+01
1.514317761712603172e+01
0.000000000000000000e+00
1.099519507622990844e+01
0.000000000000000000e+00
9.392672757533631511e+00
9.360135459092020938e+00
6.451226863143981305e+00
0.000000000000000000e+00
0.000000000000000000e+00
0.000000000000000000e+00
7.721960116031550747e+00
0.000000000000000000e+00
1.825918740748352642e-01
1.656381591040473467e+01
2.542787291823081386e+00
1.793225774385998617e-01
9.879198912939694210e+00
0.000000000000000000e+00
0.000000000000000000e+00
5.368930165751394590e+00
0.000000000000000000e+00
0.000000000000000000e+00
1.276223003670459555e+01
1.460439710527554347e+01
6.464083136380621042e+00
9.821103174743495146e+00
1.273626369220622934e+01
0.000000000000000000e+00
0.000000000000000000e+00
1.333789110829486813e+00
0.000000000000000000e+00
0.000000000000000000e+00
6.343108092577228518e+00
0.000000000000000000e+00
0.000000000000000000e+00
1.157754954979371043e+01
0.000000000000000000e+00
1.015943512859536391e+01
2.255695035036094609e+01
0.000000000000000000e+00
2.155360194884768532e+01
1.186048556887846850e+01
9.352823579165333356e+00
0.000000000000000000e+00
1.110124333690094139e-01
0.000000000000000000e+00
1.274598709102901317e+01
0.000000000000000000e+00
1.824029687263789778e+00
0.000000000000000000e+00
0.000000000000000000e+00
0.000000000000000000e+00
0.000000000000000000e+00
1.323954524082312467e+01
0.000000000000000000e+00
3.548375794624960555e+00
6.442245953664474278e+00
0.000000000000000000e+00
2.356105465409706312e+01
0.000000000000000000e+00
5.605006258515639495e+00
0.000000000000000000e+00
0.000000000000000000e+00
0.000000000000000000e+00
8.517604064715794676e-01
0.000000000000000000e+00
0.000000000000000000e+00
8.989117232078509545e+00
0.000000000000000000e+00
2.455307785213511451e+01
1.855615035416092340e+01
1.460315022903061966e+01
4.053037149436298670e+00
0.000000000000000000e+00
0.000000000000000000e+00
1.198046646906865575e+00
2.922945189604855276e+00
3.548542240907633705e+00
4.019583343783574292e-01
9.763732403270669602e-01
0.000000000000000000e+00
2.455388406863158579e+01
2.912119695701101754e-02
1.774278864792500743e+00
1.514442619117367350e+01
9.254571030174899349e+00
9.145007452138157689e+00
1.959402624120606973e+01
0.000000000000000000e+00
9.197825944998281322e-01
2.055807601969761933e+01
0.000000000000000000e+00
1.004655632789891229e+01
1.238737251625723879e+01
1.494861017763665090e-01
0.000000000000000000e+00
7.310642145887987553e+00
2.555496357030668975e+01
0.000000000000000000e+00
0.000000000000000000e+00
0.000000000000000000e+00
6.598900328793488868e+00
0.000000000000000000e+00
2.897047739923190424e+00
6.454906760781534913e+00
0.000000000000000000e+00
0.000000000000000000e+00
0.000000000000000000e+00
1.460373076091086197e+01
2.922945189604855276e+00
0.000000000000000000e+00
3.330191985134309807e+00
0.000000000000000000e+00
0.000000000000000000e+00
0.000000000000000000e+00
1.824029687263789778e+00
7.876479532664763639e+00
7.009680879218051608e+00
1.016104538134419499e+01
3.648083423583362711e-02
9.105109099878237799e+00
0.000000000000000000e+00
0.000000000000000000e+00
0.000000000000000000e+00
0.000000000000000000e+00
0.000000000000000000e+00
1.323954524082312467e+01
9.360003480644751406e+00
7.245907963488638082e+00
1.232618346320677460e+01
9.777300119558955060e+00
0.000000000000000000e+00
2.947401517603727428e-02
6.849001145850474259e+00
1.514387543635800526e+01
6.721846404166628375e+00
3.284505683279747013e-01
0.000000000000000000e+00
1.855757276311306470e+01
0.000000000000000000e+00
1.460322798754447504e+01
0.000000000000000000e+00
0.000000000000000000e+00
1.492953345766600215e+00
1.514141643656454939e+01
0.000000000000000000e+00
1.564650117364308102e+01
0.000000000000000000e+00
3.284505683279747013e-01
1.422408952142927875e-03
7.535364123103760470e-01
3.852018948798276110e+00
2.908965638469019233e+00
2.555243552850190625e+01
0.000000000000000000e+00
0.000000000000000000e+00
1.924510250847645487e+00
2.055468320411259242e+01
0.000000000000000000e+00
0.000000000000000000e+00
0.000000000000000000e+00
3.335928514809294310e-02
1.657458075619732440e+01
9.066218770008513061e+00
0.000000000000000000e+00
0.000000000000000000e+00
5.787114321709594833e+00
8.748055110841102433e+00
5.363864519254486041e+00
0.000000000000000000e+00
0.000000000000000000e+00
0.000000000000000000e+00
0.000000000000000000e+00
0.000000000000000000e+00
1.417207110699387229e+01
0.000000000000000000e+00
0.000000000000000000e+00
2.619333841948845887e+00
1.616311835463872526e-01
2.033998774313858227e-01
1.035244799568110635e-01
5.763934069101634972e-01
8.311055027814891361e+00
1.417739895449031096e+01
0.000000000000000000e+00
2.855243552850179256e+01
0.000000000000000000e+00
8.589669048768092452e+00
1.060164000306382448e+01
1.755966664905915309e+01
1.202181046424590782e+01
2.155360194884768532e+01
0.000000000000000000e+00
6.408892510868680059e-02
0.000000000000000000e+00
2.266037511697479800e+00
0.000000000000000000e+00
0.000000000000000000e+00
0.000000000000000000e+00
0.000000000000000000e+00
1.733380493290136437e-01
0.000000000000000000e+00
0.000000000000000000e+00
1.335542233861935379e+01
0.000000000000000000e+00
1.284447183974680939e+01
0.000000000000000000e+00
4.067034501368236854e-01
1.965273863692458045e+00
3.151751238619163065e+00
0.000000000000000000e+00
0.000000000000000000e+00
0.000000000000000000e+00
0.000000000000000000e+00
0.000000000000000000e+00
3.504238003788004541e+00
7.135461187954660112e+00
0.000000000000000000e+00
0.000000000000000000e+00
5.175473182467630551e+00
6.130877227086714565e-02
4.032856158045681205e+00
0.000000000000000000e+00
7.514690575397927397e+00
6.437669908361769444e+00
0.000000000000000000e+00
6.162256910505294449e+00
0.000000000000000000e+00
1.494861017763665090e-01
1.081306639928956059e+01
9.806580506423557608e+00
8.986038564083770552e+00
0.000000000000000000e+00
0.000000000000000000e+00
4.669291304732663406e+00
0.000000000000000000e+00
4.287110043060034847e+00
0.000000000000000000e+00
0.000000000000000000e+00
1.365819192647439806e+01
1.074711773919550062e+01
3.151751238619163065e+00
0.000000000000000000e+00
0.000000000000000000e+00
4.564169119108598238e+00
1.560478630795239852e+01
0.000000000000000000e+00
0.000000000000000000e+00
9.352718138483824717e+00
0.000000000000000000e+00
2.559645008994747784e+00
3.619047000796873359e+00
0.000000000000000000e+00
7.428109663333118950e-01
0.000000000000000000e+00
1.326249034255172354e+01
1.857523924656674907e+01
0.000000000000000000e+00
0.000000000000000000e+00
0.000000000000000000e+00
0.000000000000000000e+00
1.959402624120606973e+01
1.167873103926103440e+01
0.000000000000000000e+00
1.161292886484846321e+01
1.855676654661660052e+01
0.000000000000000000e+00
0.000000000000000000e+00
0.000000000000000000e+00
0.000000000000000000e+00
3.655874966984271612e-01
2.055424346490015353e+01
1.771996289354527798e+00
1.808729577594488713e+00
5.849844195548760339e+00
0.000000000000000000e+00
6.219725796126144957e+00
2.057336710509616395e+01
3.438653809012230944e-01
0.000000000000000000e+00
0.000000000000000000e+00
2.895936679015879284e-02
0.000000000000000000e+00
0.000000000000000000e+00
1.558107365197236049e+01
2.691873542792712626e-01
0.000000000000000000e+00
1.167873103926103440e+01
0.000000000000000000e+00
0.000000000000000000e+00
0.000000000000000000e+00
1.756416448878943015e+01
0.000000000000000000e+00
0.000000000000000000e+00
0.000000000000000000e+00
3.012127334885721819e+00
0.000000000000000000e+00
0.000000000000000000e+00
0.000000000000000000e+00
0.000000000000000000e+00
0.000000000000000000e+00
0.000000000000000000e+00
0.000000000000000000e+00
0.000000000000000000e+00
3.330191985134309807e+00
8.024697996650914433e+00
5.609578102961081392e+00
0.000000000000000000e+00
1.460315022903061966e+01
0.000000000000000000e+00
1.467040743287891758e+01
0.000000000000000000e+00
0.000000000000000000e+00
9.780782624115886392e+00
2.755243552850182098e+01
2.256483118736865023e-01
1.961424589107318317e+00
0.000000000000000000e+00
1.184686658078490140e+01
0.000000000000000000e+00
0.000000000000000000e+00
1.365819192647439806e+01
2.655496357030666488e+01
0.000000000000000000e+00
3.055498141196381565e-02
1.273658277846566023e+01
0.000000000000000000e+00
4.046971300406428718e+00
1.755887424879492542e+01
0.000000000000000000e+00
0.000000000000000000e+00
1.327209729583012177e+01
0.000000000000000000e+00
1.098806994298269757e+01
2.981669624631279270e+00
0.000000000000000000e+00
8.594343449717127825e+00
2.955947792735427182e-01
0.000000000000000000e+00
0.000000000000000000e+00
2.729906035133535247e-01
0.000000000000000000e+00
4.009008040709467584e-03
1.323274150025490670e+01
0.000000000000000000e+00
1.365483014321498878e+01
0.000000000000000000e+00
1.961424589107318317e+00
0.000000000000000000e+00
0.000000000000000000e+00
0.000000000000000000e+00
0.000000000000000000e+00
0.000000000000000000e+00
2.733399045332727706e+00
1.196975331336369130e+01
3.852378708881419200e+00
0.000000000000000000e+00
4.992664631507155448e-01
2.155342549560444354e+01
9.049568920142705863e+00
0.000000000000000000e+00
0.000000000000000000e+00
0.000000000000000000e+00
2.110861138338560483e+00
1.417239932722369034e+01
0.000000000000000000e+00
2.947401517603727428e-02
0.000000000000000000e+00
0.000000000000000000e+00
1.956645469660040959e+01
4.007968270576379943e+00
9.775087074678456389e+00
0.000000000000000000e+00
0.000000000000000000e+00
2.188809946603703871e+00
3.055498141196381565e-02
0.000000000000000000e+00
1.420080854477628662e+01
2.055468320411259242e+01
1.540068611015486463e-02
0.000000000000000000e+00
9.120720755616037678e+00
6.972950168146267558e+00
1.828730218056051626e+00
9.420449564389248298e-01
0.000000000000000000e+00
1.859491514456870931e+01
3.913632468899660211e+00
4.064851229516427189e+00
9.355579739865023114e+00
9.034551608009763868e+00
0.000000000000000000e+00
1.365483014321498878e+01
0.000000000000000000e+00
6.442245953664474278e+00
0.000000000000000000e+00
1.855614430513045932e+01
2.544691531310981983e-02
0.000000000000000000e+00
2.190059381933430416e+00
0.000000000000000000e+00
1.514533676628056647e+01
0.000000000000000000e+00
0.000000000000000000e+00
0.000000000000000000e+00
0.000000000000000000e+00
0.000000000000000000e+00
0.000000000000000000e+00
0.000000000000000000e+00
0.000000000000000000e+00
0.000000000000000000e+00
0.000000000000000000e+00
4.442719981716091726e-01
7.940126129756630569e+00
0.000000000000000000e+00
0.000000000000000000e+00
0.000000000000000000e+00
0.000000000000000000e+00
0.000000000000000000e+00
7.698671696936981945e+00
1.110124333690094139e-01
0.000000000000000000e+00
2.146920523849113138e+00
0.000000000000000000e+00
0.000000000000000000e+00
0.000000000000000000e+00
0.000000000000000000e+00
0.000000000000000000e+00
5.674016768038652181e+00
1.092317684283201729e+01
1.247523122424441766e+01
0.000000000000000000e+00
0.000000000000000000e+00
1.326773792837832477e+00
1.155862950544045020e+01
3.021480657343891707e+00
0.000000000000000000e+00
3.366406862203290107e+00
4.046285987233309456e+00
9.711794389052903764e-03
1.558107365197236049e+01
1.858407750456434826e+01
1.500783170368717112e+00
0.000000000000000000e+00
5.531758239955718359e+00
0.000000000000000000e+00
0.000000000000000000e+00
1.566509332776247732e+01
0.000000000000000000e+00
0.000000000000000000e+00
0.000000000000000000e+00
0.000000000000000000e+00
1.562943475399516124e+01
0.000000000000000000e+00
5.706569101139657985e-01
3.330191985134309807e+00
0.000000000000000000e+00
0.000000000000000000e+00
0.000000000000000000e+00
4.347977132191728766e-01
1.150169567897161826e+01
6.464682556682002090e-01
7.036323198881729191e+00
1.144674802767187138e+01
0.000000000000000000e+00
1.417242943965740309e+01
2.342837847148749042e-01
0.000000000000000000e+00
1.069364221430208239e+01
2.655305172095756205e+01
7.506313322452208503e+00
0.000000000000000000e+00
0.000000000000000000e+00
0.000000000000000000e+00
5.363864519254486041e+00
0.000000000000000000e+00
1.514370215027355293e+01
2.456245766663989472e-01
8.375196896201948960e+00
0.000000000000000000e+00
0.000000000000000000e+00
7.532653179735154580e+00
0.000000000000000000e+00
0.000000000000000000e+00
2.619333841948845887e+00
2.256135465409707663e+01
0.000000000000000000e+00
0.000000000000000000e+00
9.709372494154265842e-01
1.199551842436716198e+00
1.423438605319983630e+01
0.000000000000000000e+00
0.000000000000000000e+00
0.000000000000000000e+00
0.000000000000000000e+00
1.514534567184589342e+01
0.000000000000000000e+00
0.000000000000000000e+00
0.000000000000000000e+00
2.177075295861452986e+00
0.000000000000000000e+00
5.190894334180912395e+00
0.000000000000000000e+00
5.367506591602074550e+00
0.000000000000000000e+00
5.549053301487610668e+00
0.000000000000000000e+00
4.390601177980488767e-01
0.000000000000000000e+00
1.514498032035855069e+01
8.290843132534272186e+00
9.860978171853952645e+00
0.000000000000000000e+00
0.000000000000000000e+00
0.000000000000000000e+00
4.771903078978179558e+00
2.555496357030668975e+01
1.233073940860209383e+01
1.144538909373620861e+01
3.170767240198822723e+00
1.417739895449031096e+01
2.519153327391432939e-01
6.268738351029068845e+00
0.000000000000000000e+00
