1.625699999999999790e+01 2.934899999999999665e+01
0.000000000000000000e+00 0.000000000000000000e+00
0.000000000000000000e+00 0.000000000000000000e+00
0.000000000000000000e+00 0.000000000000000000e+00
0.000000000000000000e+00 0.000000000000000000e+00
0.000000000000000000e+00 0.000000000000000000e+00
1.679760000000000275e+01 3.903200000000000003e+00
0.000000000000000000e+00 0.000000000000000000e+00
1.856300000000000239e+01 2.898000000000000043e+01
0.000000000000000000e+00 0.000000000000000000e+00
0.000000000000000000e+00 0.000000000000000000e+00
1.881579999999999941e+01 2.025240000000000151e+01
1.053200000000000136e+00 3.800000000000000000e+01
1.781300000000000239e+01 3.006690000000000040e+01
1.965259999999999962e+01 1.052479999999999905e+01
0.000000000000000000e+00 0.000000000000000000e+00
0.000000000000000000e+00 0.000000000000000000e+00
0.000000000000000000e+00 0.000000000000000000e+00
4.592300000000000182e+01 7.099999999999999645e-01
0.000000000000000000e+00 0.000000000000000000e+00
0.000000000000000000e+00 0.000000000000000000e+00
0.000000000000000000e+00 0.000000000000000000e+00
0.000000000000000000e+00 0.000000000000000000e+00
0.000000000000000000e+00 0.000000000000000000e+00
3.601889999999999503e+01 8.916700000000000514e+00
0.000000000000000000e+00 0.000000000000000000e+00
0.000000000000000000e+00 0.000000000000000000e+00
0.000000000000000000e+00 0.000000000000000000e+00
0.000000000000000000e+00 0.000000000000000000e+00
0.000000000000000000e+00 0.000000000000000000e+00
5.981899999999999551e+00 9.981999999999999762e-01
0.000000000000000000e+00 0.000000000000000000e+00
0.000000000000000000e+00 0.000000000000000000e+00
0.000000000000000000e+00 0.000000000000000000e+00
0.000000000000000000e+00 0.000000000000000000e+00
2.004199999999999982e+00 4.199159999999999826e+01
0.000000000000000000e+00 0.000000000000000000e+00
0.000000000000000000e+00 0.000000000000000000e+00
0.000000000000000000e+00 0.000000000000000000e+00
3.263109999999999644e+01 4.062100000000000044e+00
0.000000000000000000e+00 0.000000000000000000e+00
4.414679999999999893e+01 3.650400000000000311e+00
1.034650000000000070e+01 3.476899999999999835e+01
1.965259999999999962e+01 1.052479999999999905e+01
0.000000000000000000e+00 0.000000000000000000e+00
0.000000000000000000e+00 0.000000000000000000e+00
0.000000000000000000e+00 0.000000000000000000e+00
3.075479999999999947e+01 7.218200000000000394e+00
0.000000000000000000e+00 0.000000000000000000e+00
0.000000000000000000e+00 0.000000000000000000e+00
4.992559999999999576e+01 2.291999999999999871e-01
0.000000000000000000e+00 0.000000000000000000e+00
0.000000000000000000e+00 0.000000000000000000e+00
0.000000000000000000e+00 0.000000000000000000e+00
2.940660000000000096e+01 1.196969999999999956e+01
0.000000000000000000e+00 0.000000000000000000e+00
0.000000000000000000e+00 0.000000000000000000e+00
3.954300000000000637e+01 3.557000000000000384e+00
1.669239999999999924e+01 2.733359999999999701e+01
0.000000000000000000e+00 0.000000000000000000e+00
4.085059999999999292e+01 1.863599999999999923e+00
1.116720000000000113e+01 1.388799999999999990e+01
0.000000000000000000e+00 0.000000000000000000e+00
0.000000000000000000e+00 0.000000000000000000e+00
0.000000000000000000e+00 0.000000000000000000e+00
1.394779999999999909e+01 1.972199999999999953e+00
0.000000000000000000e+00 0.000000000000000000e+00
4.757159999999999656e+01 1.726199999999999957e+00
0.000000000000000000e+00 0.000000000000000000e+00
3.589880000000000138e+01 1.893599999999999950e+00
0.000000000000000000e+00 0.000000000000000000e+00
3.951149999999999807e+01 7.486499999999999488e+00
0.000000000000000000e+00 0.000000000000000000e+00
3.489439999999999742e+01 2.017999999999999794e+00
0.000000000000000000e+00 0.000000000000000000e+00
8.497899999999999565e+00 2.888400000000000034e+01
7.769400000000000084e+00 2.292180000000000106e+01
0.000000000000000000e+00 0.000000000000000000e+00
0.000000000000000000e+00 0.000000000000000000e+00
3.823919999999999675e+01 4.767599999999999838e+00
0.000000000000000000e+00 0.000000000000000000e+00
0.000000000000000000e+00 0.000000000000000000e+00
1.453160000000000096e+01 1.083060000000000045e+01
4.685679999999999268e+01 9.399999999999999467e-01
0.000000000000000000e+00 0.000000000000000000e+00
0.000000000000000000e+00 0.000000000000000000e+00
0.000000000000000000e+00 0.000000000000000000e+00
0.000000000000000000e+00 0.000000000000000000e+00
0.000000000000000000e+00 0.000000000000000000e+00
0.000000000000000000e+00 0.000000000000000000e+00
4.017560000000000286e+01 7.668199999999999683e+00
2.247310000000000230e+01 1.931159999999999854e+01
9.366399999999998727e+00 2.089920000000000044e+01
1.600000000000000000e+01 0.000000000000000000e+00
2.144000000000000128e+00 3.599280000000000257e+01
0.000000000000000000e+00 0.000000000000000000e+00
4.267399999999999949e+01 5.018000000000000682e+00
0.000000000000000000e+00 0.000000000000000000e+00
0.000000000000000000e+00 0.000000000000000000e+00
0.000000000000000000e+00 0.000000000000000000e+00
6.000000000000000000e+00 0.000000000000000000e+00
0.000000000000000000e+00 0.000000000000000000e+00
3.818890000000000384e+01 9.170099999999999696e+00
2.489950000000000330e+01 2.590199999999999836e+00
3.981899999999999995e+00 9.990999999999999881e-01
4.799799999999999756e+01 8.260000000000000675e-02
2.508379999999999654e+01 9.447900000000000631e+00
3.978089999999999549e+01 2.432499999999999662e+00
1.842719999999999914e+01 1.547359999999999935e+01
3.497659999999999769e+01 1.355940000000000012e+01
1.781300000000000239e+01 3.006690000000000040e+01
1.989079999999999870e+01 2.864100000000000090e+00
3.900000000000000000e+01 0.000000000000000000e+00
0.000000000000000000e+00 0.000000000000000000e+00
0.000000000000000000e+00 0.000000000000000000e+00
0.000000000000000000e+00 0.000000000000000000e+00
4.496309999999999718e+01 5.285999999999999588e-01
0.000000000000000000e+00 0.000000000000000000e+00
0.000000000000000000e+00 0.000000000000000000e+00
3.947919999999999874e+01 8.567999999999999616e+00
0.000000000000000000e+00 0.000000000000000000e+00
1.583999999999999986e+01 1.959799999999999898e+01
0.000000000000000000e+00 0.000000000000000000e+00
6.023999999999999133e+00 3.992000000000000171e+01
0.000000000000000000e+00 0.000000000000000000e+00
4.653080000000000638e+01 2.141999999999999904e+00
1.205320000000000036e+01 3.764659999999999940e+01
0.000000000000000000e+00 0.000000000000000000e+00
0.000000000000000000e+00 0.000000000000000000e+00
1.408099999999999952e+01 1.774259999999999948e+01
0.000000000000000000e+00 0.000000000000000000e+00
4.100000000000000000e+01 0.000000000000000000e+00
0.000000000000000000e+00 0.000000000000000000e+00
3.321079999999999899e+01 7.862400000000000055e+00
0.000000000000000000e+00 0.000000000000000000e+00
0.000000000000000000e+00 0.000000000000000000e+00
4.817640000000000100e+01 2.180800000000000072e+00
4.994830000000000325e+01 2.013000000000000067e-01
0.000000000000000000e+00 0.000000000000000000e+00
5.947199999999999598e+00 1.996399999999999952e+00
0.000000000000000000e+00 0.000000000000000000e+00
0.000000000000000000e+00 0.000000000000000000e+00
3.500000000000000000e+01 0.000000000000000000e+00
3.696499999999999631e+01 8.803999999999999604e-01
0.000000000000000000e+00 0.000000000000000000e+00
0.000000000000000000e+00 0.000000000000000000e+00
2.440399999999999636e+01 1.579499999999999815e+01
3.611039999999999850e+01 7.460799999999999876e+00
0.000000000000000000e+00 0.000000000000000000e+00
0.000000000000000000e+00 0.000000000000000000e+00
1.518299999999999983e+01 2.651670000000000016e+01
4.555150000000000432e+01 2.320500000000000007e+00
0.000000000000000000e+00 0.000000000000000000e+00
0.000000000000000000e+00 0.000000000000000000e+00
9.167999999999999261e+00 1.492949999999999910e+01
0.000000000000000000e+00 0.000000000000000000e+00
2.595340000000000202e+01 1.668600000000000083e+00
4.657759999999999678e+01 2.001599999999999824e+00
1.351619999999999955e+01 1.085149999999999970e+01
4.886140000000000327e+01 5.455999999999999739e-01
6.454399999999999693e+00 2.893619999999999948e+01
0.000000000000000000e+00 0.000000000000000000e+00
0.000000000000000000e+00 0.000000000000000000e+00
5.024000000000000021e+00 3.994400000000000261e+01
4.299360000000000070e+01 2.396999999999999964e-01
5.053200000000000358e+00 3.794680000000000319e+01
4.200000000000000000e+01 0.000000000000000000e+00
0.000000000000000000e+00 0.000000000000000000e+00
1.359689999999999976e+01 8.877600000000001046e+00
2.131469999999999843e+01 6.568800000000000416e+00
0.000000000000000000e+00 0.000000000000000000e+00
1.459779999999999944e+01 8.860500000000000043e+00
0.000000000000000000e+00 0.000000000000000000e+00
3.924680000000000035e+01 6.553799999999999848e+00
1.053200000000000136e+00 3.800000000000000000e+01
0.000000000000000000e+00 0.000000000000000000e+00
1.522599999999999909e+01 1.374939999999999962e+01
1.467200000000000060e+01 4.922500000000000320e+00
1.258970000000000056e+01 8.907299999999999329e+00
0.000000000000000000e+00 0.000000000000000000e+00
4.965680000000000405e+01 6.335999999999999410e-01
1.411599999999999966e+01 9.856999999999999318e+00
9.028000000000000469e+00 3.982000000000000028e+01
1.737280000000000157e+01 1.556320000000000014e+01
3.791929999999999268e+01 8.563800000000000523e+00
0.000000000000000000e+00 0.000000000000000000e+00
0.000000000000000000e+00 0.000000000000000000e+00
1.014900000000000091e+01 1.391600000000000037e+01
0.000000000000000000e+00 0.000000000000000000e+00
4.826080000000000325e+01 2.013200000000000323e+00
3.483899999999999864e+01 2.535000000000000142e+00
1.012299999999999978e+00 4.100000000000000000e+01
0.000000000000000000e+00 0.000000000000000000e+00
1.409800000000000075e+01 2.957100000000000151e+01
0.000000000000000000e+00 0.000000000000000000e+00
0.000000000000000000e+00 0.000000000000000000e+00
0.000000000000000000e+00 0.000000000000000000e+00
3.869200000000000017e+01 3.044799999999999951e+00
1.422679999999999900e+01 3.546359999999999957e+01
4.988000000000000256e+01 2.924999999999999822e-01
0.000000000000000000e+00 0.000000000000000000e+00
0.000000000000000000e+00 0.000000000000000000e+00
3.483899999999999864e+01 2.535000000000000142e+00
1.400000000000000000e+01 0.000000000000000000e+00
2.388680000000000092e+01 1.871519999999999939e+01
0.000000000000000000e+00 0.000000000000000000e+00
4.179760000000000275e+01 5.066999999999999282e+00
2.548199999999999932e+01 1.273349999999999937e+01
0.000000000000000000e+00 0.000000000000000000e+00
5.886299999999999422e+00 2.994600000000000151e+00
0.000000000000000000e+00 0.000000000000000000e+00
0.000000000000000000e+00 0.000000000000000000e+00
0.000000000000000000e+00 0.000000000000000000e+00
0.000000000000000000e+00 0.000000000000000000e+00
3.994919999999999760e+01 8.863399999999998613e+00
0.000000000000000000e+00 0.000000000000000000e+00
0.000000000000000000e+00 0.000000000000000000e+00
0.000000000000000000e+00 0.000000000000000000e+00
0.000000000000000000e+00 0.000000000000000000e+00
8.202399999999999025e+00 2.789079999999999870e+01
3.354659999999999798e+01 7.163000000000000256e+00
3.498819999999999908e+01 5.018000000000000238e-01
0.000000000000000000e+00 0.000000000000000000e+00
0.000000000000000000e+00 0.000000000000000000e+00
4.976480000000000103e+01 4.703999999999999848e-01
0.000000000000000000e+00 0.000000000000000000e+00
0.000000000000000000e+00 0.000000000000000000e+00
1.856300000000000239e+01 2.898000000000000043e+01
0.000000000000000000e+00 0.000000000000000000e+00
2.231500000000000128e+01 2.308500000000000085e+01
2.794099999999999895e+01 1.068479999999999919e+01
0.000000000000000000e+00 0.000000000000000000e+00
0.000000000000000000e+00 0.000000000000000000e+00
0.000000000000000000e+00 0.000000000000000000e+00
0.000000000000000000e+00 0.000000000000000000e+00
4.024000000000000021e+00 3.996399999999999864e+01
1.141889999999999894e+01 2.082779999999999987e+01
4.261060000000000514e+01 2.781900000000000261e+00
0.000000000000000000e+00 0.000000000000000000e+00
0.000000000000000000e+00 0.000000000000000000e+00
1.288439999999999941e+01 2.273780000000000001e+01
4.875400000000000489e+01 8.054999999999999938e-01
0.000000000000000000e+00 0.000000000000000000e+00
0.000000000000000000e+00 0.000000000000000000e+00
4.886140000000000327e+01 5.455999999999999739e-01
0.000000000000000000e+00 0.000000000000000000e+00
0.000000000000000000e+00 0.000000000000000000e+00
1.194760000000000133e+01 1.981999999999999984e+00
0.000000000000000000e+00 0.000000000000000000e+00
4.947200000000000486e+00 1.997200000000000086e+00
1.981479999999999819e+01 2.578769999999999740e+01
0.000000000000000000e+00 0.000000000000000000e+00
0.000000000000000000e+00 0.000000000000000000e+00
1.189009999999999856e+01 1.883089999999999975e+01
0.000000000000000000e+00 0.000000000000000000e+00
1.588750000000000107e+01 2.939099999999999824e+00
4.359560000000000457e+01 2.640000000000000124e+00
1.379599999999999937e+01 3.945600000000000218e+00
0.000000000000000000e+00 0.000000000000000000e+00
9.115800000000000125e+00 2.190099999999999980e+01
0.000000000000000000e+00 0.000000000000000000e+00
0.000000000000000000e+00 0.000000000000000000e+00
1.205320000000000036e+01 3.764659999999999940e+01
2.260049999999999670e+01 2.477250000000000085e+01
0.000000000000000000e+00 0.000000000000000000e+00
0.000000000000000000e+00 0.000000000000000000e+00
3.837959999999999638e+01 4.312000000000000277e+00
1.250440000000000040e+01 5.938800000000000523e+00
0.000000000000000000e+00 0.000000000000000000e+00
4.989779999999999660e+01 2.716000000000000081e-01
2.584600000000000009e+01 1.676399999999999935e+01
0.000000000000000000e+00 0.000000000000000000e+00
0.000000000000000000e+00 0.000000000000000000e+00
0.000000000000000000e+00 0.000000000000000000e+00
0.000000000000000000e+00 0.000000000000000000e+00
2.173799999999999955e+01 1.399950000000000117e+01
2.849299999999999855e+01 1.109400000000000119e+01
0.000000000000000000e+00 0.000000000000000000e+00
3.129710000000000036e+01 5.694300000000000139e+00
4.989779999999999660e+01 2.716000000000000081e-01
0.000000000000000000e+00 0.000000000000000000e+00
0.000000000000000000e+00 0.000000000000000000e+00
2.086959999999999837e+01 2.737309999999999732e+01
0.000000000000000000e+00 0.000000000000000000e+00
0.000000000000000000e+00 0.000000000000000000e+00
1.715399999999999991e+01 9.734999999999999432e+00
1.004299999999999971e+00 4.300000000000000000e+01
3.672740000000000293e+01 6.260799999999999699e+00
9.380000000000000782e+00 2.388479999999999848e+01
0.000000000000000000e+00 0.000000000000000000e+00
0.000000000000000000e+00 0.000000000000000000e+00
0.000000000000000000e+00 0.000000000000000000e+00
3.292949999999999733e+01 1.710300000000000153e+00
6.004299999999999748e+00 4.291400000000000148e+01
9.499600000000000932e+00 5.969999999999999751e+00
4.736860000000000070e+01 2.217600000000000016e+00
0.000000000000000000e+00 0.000000000000000000e+00
1.565360000000000085e+01 2.353440000000000154e+01
1.211469999999999914e+01 3.665220000000000056e+01
0.000000000000000000e+00 0.000000000000000000e+00
0.000000000000000000e+00 0.000000000000000000e+00
1.351760000000000161e+01 2.071649999999999991e+01
0.000000000000000000e+00 0.000000000000000000e+00
7.160400000000000098e+00 2.792439999999999856e+01
7.668999999999999595e+00 4.983500000000000263e+00
0.000000000000000000e+00 0.000000000000000000e+00
1.500000000000000000e+01 0.000000000000000000e+00
0.000000000000000000e+00 0.000000000000000000e+00
1.198189999999999955e+01 9.909999999999999920e-01
0.000000000000000000e+00 0.000000000000000000e+00
0.000000000000000000e+00 0.000000000000000000e+00
0.000000000000000000e+00 0.000000000000000000e+00
1.560860000000000092e+01 8.825400000000000134e+00
7.158400000000000318e+00 3.590279999999999916e+01
0.000000000000000000e+00 0.000000000000000000e+00
0.000000000000000000e+00 0.000000000000000000e+00
5.154800000000000715e+00 3.594600000000000506e+01
3.412109999999999843e+01 5.823399999999999466e+00
1.269999999999999929e+01 1.978200000000000003e+01
0.000000000000000000e+00 0.000000000000000000e+00
0.000000000000000000e+00 0.000000000000000000e+00
7.012300000000000644e+00 4.089339999999999975e+01
0.000000000000000000e+00 0.000000000000000000e+00
1.829699999999999704e+01 1.741499999999999915e+01
0.000000000000000000e+00 0.000000000000000000e+00
2.458180000000000121e+01 5.237400000000000055e+00
0.000000000000000000e+00 0.000000000000000000e+00
1.559110000000000085e+01 2.059469999999999956e+01
0.000000000000000000e+00 0.000000000000000000e+00
0.000000000000000000e+00 0.000000000000000000e+00
4.233500000000000085e+01 3.663799999999999724e+00
0.000000000000000000e+00 0.000000000000000000e+00
0.000000000000000000e+00 0.000000000000000000e+00
4.377049999999999841e+01 1.917900000000000160e+00
0.000000000000000000e+00 0.000000000000000000e+00
0.000000000000000000e+00 0.000000000000000000e+00
0.000000000000000000e+00 0.000000000000000000e+00
4.135390000000000299e+01 3.844100000000000072e+00
0.000000000000000000e+00 0.000000000000000000e+00
5.659600000000000186e+00 3.393880000000000052e+01
4.315200000000000102e+01 5.639999999999999680e+00
0.000000000000000000e+00 0.000000000000000000e+00
0.000000000000000000e+00 0.000000000000000000e+00
1.288439999999999941e+01 2.273780000000000001e+01
9.846400000000000929e+00 1.889740000000000109e+01
9.139200000000000657e+00 1.393700000000000117e+01
0.000000000000000000e+00 0.000000000000000000e+00
1.426079999999999970e+01 1.576159999999999961e+01
1.800000000000000000e+01 0.000000000000000000e+00
4.768050000000000210e+01 1.391999999999999904e+00
2.098209999999999908e+01 9.424000000000000155e-01
4.170570000000000022e+01 2.556900000000000173e+00
0.000000000000000000e+00 0.000000000000000000e+00
1.688779999999999859e+01 2.924999999999999822e+00
2.471649999999999991e+01 4.346999999999999531e+00
0.000000000000000000e+00 0.000000000000000000e+00
0.000000000000000000e+00 0.000000000000000000e+00
0.000000000000000000e+00 0.000000000000000000e+00
0.000000000000000000e+00 0.000000000000000000e+00
1.881579999999999941e+01 2.025240000000000151e+01
0.000000000000000000e+00 0.000000000000000000e+00
3.869200000000000017e+01 3.044799999999999951e+00
4.470959999999999468e+01 2.020700000000000163e+00
3.690359999999999729e+01 1.769600000000000062e+00
1.250440000000000040e+01 5.938800000000000523e+00
1.150260000000000105e+01 5.950200000000000600e+00
0.000000000000000000e+00 0.000000000000000000e+00
4.866879999999999740e+01 1.022399999999999975e+00
0.000000000000000000e+00 0.000000000000000000e+00
3.188459999999999539e+01 6.711100000000000065e+00
3.079400000000000048e+01 3.271999999999999797e+00
2.298209999999999908e+01 9.106999999999999540e-01
9.012300000000001532e+00 4.081550000000000011e+01
1.727480000000000260e+01 6.811700000000000088e+00
0.000000000000000000e+00 0.000000000000000000e+00
0.000000000000000000e+00 0.000000000000000000e+00
0.000000000000000000e+00 0.000000000000000000e+00
0.000000000000000000e+00 0.000000000000000000e+00
1.861410000000000053e+01 1.062270000000000003e+01
0.000000000000000000e+00 0.000000000000000000e+00
0.000000000000000000e+00 0.000000000000000000e+00
1.500000000000000000e+01 0.000000000000000000e+00
6.176000000000000156e+00 3.192960000000000065e+01
1.951360000000000028e+01 1.533440000000000047e+01
1.951360000000000028e+01 1.533440000000000047e+01
0.000000000000000000e+00 0.000000000000000000e+00
0.000000000000000000e+00 0.000000000000000000e+00
2.040220000000000056e+01 2.468180000000000263e+01
2.439720000000000155e+01 1.491920000000000002e+01
0.000000000000000000e+00 0.000000000000000000e+00
4.110450000000000159e+01 4.530000000000000249e+00
1.109699999999999953e+01 9.922000000000000597e+00
1.470019999999999882e+01 2.559179999999999922e+01
1.057329999999999970e+01 2.880569999999999808e+01
1.131439999999999912e+01 2.777040000000000219e+01
4.097240000000000038e+01 6.139999999999999902e-01
0.000000000000000000e+00 0.000000000000000000e+00
3.281650000000000489e+01 2.871000000000000441e+00
4.800000000000000000e+01 0.000000000000000000e+00
0.000000000000000000e+00 0.000000000000000000e+00
4.950999999999999801e+01 8.764000000000000679e-01
3.197279999999999944e+01 8.482599999999999696e+00
2.891510000000000247e+01 2.168400000000000105e+00
0.000000000000000000e+00 0.000000000000000000e+00
0.000000000000000000e+00 0.000000000000000000e+00
4.225439999999999685e+01 6.890000000000000568e+00
0.000000000000000000e+00 0.000000000000000000e+00
0.000000000000000000e+00 0.000000000000000000e+00
4.398039999999999594e+01 4.136000000000000232e-01
1.048649999999999949e+01 1.092629999999999946e+01
0.000000000000000000e+00 0.000000000000000000e+00
2.584600000000000009e+01 1.676399999999999935e+01
0.000000000000000000e+00 0.000000000000000000e+00
0.000000000000000000e+00 0.000000000000000000e+00
0.000000000000000000e+00 0.000000000000000000e+00
6.004199999999999982e+00 4.191599999999999682e+01
1.922070000000000078e+01 1.824760000000000204e+01
1.600000000000000000e+01 0.000000000000000000e+00
3.700000000000000000e+01 0.000000000000000000e+00
4.598460000000000036e+01 2.807999999999999940e-01
3.899999999999999994e-02 3.900000000000000000e+01
1.816760000000000019e+01 1.258919999999999995e+01
1.119200000000000017e+01 1.587199999999999989e+01
9.730999999999999872e+00 3.382319999999999993e+01
0.000000000000000000e+00 0.000000000000000000e+00
7.959200000000000053e+00 7.972000000000000419e+00
0.000000000000000000e+00 0.000000000000000000e+00
4.019400000000000084e+00 3.097210000000000107e+01
0.000000000000000000e+00 0.000000000000000000e+00
0.000000000000000000e+00 0.000000000000000000e+00
0.000000000000000000e+00 0.000000000000000000e+00
0.000000000000000000e+00 0.000000000000000000e+00
3.668159999999999599e+01 1.077120000000000033e+01
1.794819999999999993e+01 1.938600000000000101e+00
2.687440000000000140e+01 1.925520000000000209e+01
0.000000000000000000e+00 0.000000000000000000e+00
0.000000000000000000e+00 0.000000000000000000e+00
3.057019999999999982e+01 4.641000000000000014e+00
0.000000000000000000e+00 0.000000000000000000e+00
0.000000000000000000e+00 0.000000000000000000e+00
0.000000000000000000e+00 0.000000000000000000e+00
0.000000000000000000e+00 0.000000000000000000e+00
4.703799999999999670e+01 2.883399999999999963e+00
0.000000000000000000e+00 0.000000000000000000e+00
0.000000000000000000e+00 0.000000000000000000e+00
2.395159999999999911e+01 1.780200000000000005e+00
0.000000000000000000e+00 0.000000000000000000e+00
0.000000000000000000e+00 0.000000000000000000e+00
7.185599999999999987e+00 3.191359999999999886e+01
0.000000000000000000e+00 0.000000000000000000e+00
0.000000000000000000e+00 0.000000000000000000e+00
5.886299999999999422e+00 2.994600000000000151e+00
3.924680000000000035e+01 6.553799999999999848e+00
0.000000000000000000e+00 0.000000000000000000e+00
4.298479999999999990e+01 4.320000000000000284e+00
0.000000000000000000e+00 0.000000000000000000e+00
7.668999999999999595e+00 4.983500000000000263e+00
0.000000000000000000e+00 0.000000000000000000e+00
0.000000000000000000e+00 0.000000000000000000e+00
2.852380000000000138e+01 8.125700000000000145e+00
0.000000000000000000e+00 0.000000000000000000e+00
0.000000000000000000e+00 0.000000000000000000e+00
0.000000000000000000e+00 0.000000000000000000e+00
3.052640000000000242e+01 1.063199999999999967e+01
0.000000000000000000e+00 0.000000000000000000e+00
0.000000000000000000e+00 0.000000000000000000e+00
0.000000000000000000e+00 0.000000000000000000e+00
0.000000000000000000e+00 0.000000000000000000e+00
0.000000000000000000e+00 0.000000000000000000e+00
1.119799999999999862e+01 1.487999999999999901e+01
2.169200000000000017e+01 4.671000000000000263e+00
0.000000000000000000e+00 0.000000000000000000e+00
1.000000000000000000e+00 4.600000000000000000e+01
5.000000000000000000e+00 4.393840000000000146e+01
0.000000000000000000e+00 0.000000000000000000e+00
4.892399999999999949e+01 3.824000000000000177e-01
4.932000000000000028e+01 1.210399999999999920e+00
0.000000000000000000e+00 0.000000000000000000e+00
4.225439999999999685e+01 6.890000000000000568e+00
0.000000000000000000e+00 0.000000000000000000e+00
4.061299999999999955e+01 7.035599999999999632e+00
8.877900000000000347e+00 2.688119999999999976e+01
1.288439999999999941e+01 2.273780000000000001e+01
0.000000000000000000e+00 0.000000000000000000e+00
0.000000000000000000e+00 0.000000000000000000e+00
0.000000000000000000e+00 0.000000000000000000e+00
3.999349999999999739e+01 5.089500000000000135e+00
0.000000000000000000e+00 0.000000000000000000e+00
1.467200000000000060e+01 4.922500000000000320e+00
3.322000000000000064e+00 3.498949999999999960e+01
3.171320000000000050e+01 3.706800000000000317e+00
1.888869999999999649e+01 2.889899999999999913e+00
4.344980000000000331e+01 3.134599999999999831e+00
0.000000000000000000e+00 0.000000000000000000e+00
0.000000000000000000e+00 0.000000000000000000e+00
3.359619999999999607e+01 9.874800000000000466e+00
0.000000000000000000e+00 0.000000000000000000e+00
0.000000000000000000e+00 0.000000000000000000e+00
1.445030000000000037e+01 3.052880000000000038e+01
5.306799999999999962e+00 3.294719999999999516e+01
1.080850000000000044e+01 2.284130000000000038e+01
4.371799999999999642e+01 2.159000000000000252e+00
5.025599999999999845e+00 3.095660000000000167e+01
0.000000000000000000e+00 0.000000000000000000e+00
0.000000000000000000e+00 0.000000000000000000e+00
2.698660000000000281e+01 7.189199999999999591e+00
0.000000000000000000e+00 0.000000000000000000e+00
0.000000000000000000e+00 0.000000000000000000e+00
3.823919999999999675e+01 4.767599999999999838e+00
0.000000000000000000e+00 0.000000000000000000e+00
0.000000000000000000e+00 0.000000000000000000e+00
4.500039999999999907e+01 3.674999999999999822e+00
0.000000000000000000e+00 0.000000000000000000e+00
7.160400000000000098e+00 2.792439999999999856e+01
6.012300000000000644e+00 4.091799999999999926e+01
0.000000000000000000e+00 0.000000000000000000e+00
2.024000000000000021e+00 3.999200000000000443e+01
1.409800000000000075e+01 2.957100000000000151e+01
1.408579999999999899e+01 2.661390000000000100e+01
0.000000000000000000e+00 0.000000000000000000e+00
1.694819999999999993e+01 1.949799999999999978e+00
0.000000000000000000e+00 0.000000000000000000e+00
1.123949999999999960e+01 3.075199999999999889e+01
0.000000000000000000e+00 0.000000000000000000e+00
2.967720000000000269e+01 4.161599999999999966e+00
0.000000000000000000e+00 0.000000000000000000e+00
0.000000000000000000e+00 0.000000000000000000e+00
0.000000000000000000e+00 0.000000000000000000e+00
0.000000000000000000e+00 0.000000000000000000e+00
4.777199999999999847e+01 1.083600000000000119e+00
0.000000000000000000e+00 0.000000000000000000e+00
9.964000000000000412e+00 1.789920000000000044e+01
3.763800000000000523e+01 6.254999999999999893e+00
0.000000000000000000e+00 0.000000000000000000e+00
8.004200000000000870e+00 4.185300000000000153e+01
0.000000000000000000e+00 0.000000000000000000e+00
3.774029999999999774e+01 2.891000000000000014e+00
0.000000000000000000e+00 0.000000000000000000e+00
0.000000000000000000e+00 0.000000000000000000e+00
0.000000000000000000e+00 0.000000000000000000e+00
2.559919999999999973e+01 5.075400000000000134e+00
0.000000000000000000e+00 0.000000000000000000e+00
0.000000000000000000e+00 0.000000000000000000e+00
4.292839999999999634e+01 9.679999999999999716e-01
0.000000000000000000e+00 0.000000000000000000e+00
3.004299999999999748e+00 4.299139999999999873e+01
9.619999999999999385e-02 3.700000000000000000e+01
3.270500000000000185e+00 3.299009999999999820e+01
1.189009999999999856e+01 1.883089999999999975e+01
0.000000000000000000e+00 0.000000000000000000e+00
0.000000000000000000e+00 0.000000000000000000e+00
1.281039999999999957e+01 1.186439999999999984e+01
3.288199999999999790e+01 2.287199999999999900e+00
3.300559999999999405e+01 6.242499999999999716e+00
2.300000000000000000e+01 0.000000000000000000e+00
2.695439999999999969e+01 1.599800000000000111e+00
0.000000000000000000e+00 0.000000000000000000e+00
4.004299999999999748e+00 4.296130000000000138e+01
1.947200000000000042e+00 1.999600000000000044e+00
1.938979999999999748e+01 1.343159999999999954e+01
4.989779999999999660e+01 2.716000000000000081e-01
4.160350000000000392e+01 5.452999999999999403e+00
4.222450000000000614e+01 3.991500000000000270e+00
1.205320000000000036e+01 3.764659999999999940e+01
0.000000000000000000e+00 0.000000000000000000e+00
2.486779999999999902e+01 7.777800000000000047e+00
6.038999999999999702e+00 3.892199999999999704e+01
0.000000000000000000e+00 0.000000000000000000e+00
2.972779999999999845e+01 1.868130000000000024e+01
4.640339999999999776e+01 2.445300000000000029e+00
1.579720000000000013e+01 3.920799999999999841e+00
0.000000000000000000e+00 0.000000000000000000e+00
2.283919999999999817e+01 2.191680000000000206e+01
5.000000000000000000e+00 4.393840000000000146e+01
0.000000000000000000e+00 0.000000000000000000e+00
0.000000000000000000e+00 0.000000000000000000e+00
0.000000000000000000e+00 0.000000000000000000e+00
3.601889999999999503e+01 8.916700000000000514e+00
0.000000000000000000e+00 0.000000000000000000e+00
3.300000000000000000e+01 0.000000000000000000e+00
1.183610000000000007e+01 2.279989999999999739e+01
0.000000000000000000e+00 0.000000000000000000e+00
0.000000000000000000e+00 0.000000000000000000e+00
0.000000000000000000e+00 0.000000000000000000e+00
4.283699999999999619e+00 3.297030000000000172e+01
3.288199999999999790e+01 2.287199999999999900e+00
0.000000000000000000e+00 0.000000000000000000e+00
2.753280000000000172e+01 1.323960000000000115e+01
0.000000000000000000e+00 0.000000000000000000e+00
0.000000000000000000e+00 0.000000000000000000e+00
0.000000000000000000e+00 0.000000000000000000e+00
2.967720000000000269e+01 4.161599999999999966e+00
1.853500000000000014e+01 2.415499999999999758e+01
3.917969999999999686e+01 4.759299999999999642e+00
6.140800000000000480e+00 2.793840000000000146e+01
1.300000000000000000e+01 0.000000000000000000e+00
4.244749999999999801e+01 3.359200000000000408e+00
0.000000000000000000e+00 0.000000000000000000e+00
0.000000000000000000e+00 0.000000000000000000e+00
0.000000000000000000e+00 0.000000000000000000e+00
0.000000000000000000e+00 0.000000000000000000e+00
0.000000000000000000e+00 0.000000000000000000e+00
4.777199999999999847e+01 1.083600000000000119e+00
9.915699999999999292e+00 2.685150000000000148e+01
3.751099999999999568e+01 8.010399999999998855e+00
4.691120000000000090e+01 6.905999999999999917e-01
4.393399999999999750e+01 8.319999999999999618e-01
0.000000000000000000e+00 0.000000000000000000e+00
4.947200000000000486e+00 1.997200000000000086e+00
3.983800000000000097e+01 2.072400000000000020e+00
4.984699999999999420e+01 3.467999999999999972e-01
2.498890000000000100e+01 1.981450000000000244e+01
7.249600000000000044e+00 6.981099999999999639e+00
0.000000000000000000e+00 0.000000000000000000e+00
4.096199999999999619e+00 3.696670000000000300e+01
0.000000000000000000e+00 0.000000000000000000e+00
1.263900000000000023e+00 3.299669999999999703e+01
0.000000000000000000e+00 0.000000000000000000e+00
0.000000000000000000e+00 0.000000000000000000e+00
1.199859999999999971e+01 1.288299999999999912e+01
4.956800000000000495e+01 7.695000000000000728e-01
0.000000000000000000e+00 0.000000000000000000e+00
1.495540000000000092e+01 3.343900000000000006e+01
0.000000000000000000e+00 0.000000000000000000e+00
7.249600000000000044e+00 6.981099999999999639e+00
4.000000000000000000e+00 0.000000000000000000e+00
1.817900000000000205e+01 9.681999999999998607e+00
3.498819999999999908e+01 5.018000000000000238e-01
3.292949999999999733e+01 1.710300000000000153e+00
0.000000000000000000e+00 4.400000000000000000e+01
0.000000000000000000e+00 0.000000000000000000e+00
0.000000000000000000e+00 0.000000000000000000e+00
2.886299999999999955e+01 7.245000000000000107e+00
3.038999999999999702e+00 3.899220000000000397e+01
0.000000000000000000e+00 0.000000000000000000e+00
0.000000000000000000e+00 0.000000000000000000e+00
0.000000000000000000e+00 0.000000000000000000e+00
7.947400000000000020e+00 1.993000000000000105e+00
9.342999999999999972e+00 3.483549999999999613e+01
4.261060000000000514e+01 2.781900000000000261e+00
0.000000000000000000e+00 0.000000000000000000e+00
0.000000000000000000e+00 0.000000000000000000e+00
1.531380000000000052e+01 2.159959999999999880e+01
3.818890000000000384e+01 9.170099999999999696e+00
2.388680000000000092e+01 1.871519999999999939e+01
0.000000000000000000e+00 0.000000000000000000e+00
0.000000000000000000e+00 0.000000000000000000e+00
0.000000000000000000e+00 0.000000000000000000e+00
0.000000000000000000e+00 0.000000000000000000e+00
0.000000000000000000e+00 0.000000000000000000e+00
4.895379999999999399e+01 2.802000000000000046e-01
0.000000000000000000e+00 0.000000000000000000e+00
0.000000000000000000e+00 0.000000000000000000e+00
3.129710000000000036e+01 5.694300000000000139e+00
1.067000000000000171e+01 4.966499999999999915e+00
1.879919999999999902e+01 3.857600000000000140e+00
6.793200000000000571e+00 3.990400000000000169e+00
1.560860000000000092e+01 8.825400000000000134e+00
4.163600000000000279e+01 2.857000000000000206e+00
4.856739999999999924e+01 1.278900000000000148e+00
0.000000000000000000e+00 0.000000000000000000e+00
1.000000000000000000e+00 4.700000000000000000e+01
0.000000000000000000e+00 0.000000000000000000e+00
9.471400000000000929e+00 2.587259999999999849e+01
4.488599999999999568e+01 1.072200000000000042e+00
4.147599999999999731e+00 3.596759999999999735e+01
1.987199999999999989e+01 2.864099999999999824e+01
2.024000000000000021e+00 3.999200000000000443e+01
0.000000000000000000e+00 0.000000000000000000e+00
1.498189999999999955e+01 9.832999999999999519e-01
0.000000000000000000e+00 0.000000000000000000e+00
2.995500000000000185e+01 6.837999999999999190e+00
0.000000000000000000e+00 0.000000000000000000e+00
0.000000000000000000e+00 0.000000000000000000e+00
0.000000000000000000e+00 0.000000000000000000e+00
0.000000000000000000e+00 0.000000000000000000e+00
1.367149999999999999e+01 4.932000000000000384e+00
0.000000000000000000e+00 0.000000000000000000e+00
0.000000000000000000e+00 0.000000000000000000e+00
4.669210000000000349e+01 3.526400000000000201e+00
0.000000000000000000e+00 0.000000000000000000e+00
1.781300000000000239e+01 3.006690000000000040e+01
0.000000000000000000e+00 0.000000000000000000e+00
2.295080000000000098e+01 1.822599999999999998e+00
2.521580000000000155e+01 1.197279999999999944e+01
2.893120000000000047e+01 1.155519999999999925e+01
0.000000000000000000e+00 0.000000000000000000e+00
0.000000000000000000e+00 0.000000000000000000e+00
0.000000000000000000e+00 0.000000000000000000e+00
0.000000000000000000e+00 0.000000000000000000e+00
0.000000000000000000e+00 0.000000000000000000e+00
1.723760000000000048e+01 1.751759999999999806e+01
3.170389999999999731e+01 1.421400000000000041e+01
0.000000000000000000e+00 0.000000000000000000e+00
0.000000000000000000e+00 0.000000000000000000e+00
1.351760000000000161e+01 2.071649999999999991e+01
6.886300000000000310e+00 2.992799999999999905e+00
1.811430000000000007e+01 1.840719999999999956e+01
0.000000000000000000e+00 0.000000000000000000e+00
4.091919999999999646e+01 1.234799999999999898e+00
1.496490000000000009e+01 2.262049999999999983e+01
0.000000000000000000e+00 0.000000000000000000e+00
3.894239999999999924e+01 1.118099999999999872e+00
0.000000000000000000e+00 0.000000000000000000e+00
1.579720000000000013e+01 3.920799999999999841e+00
4.358319999999999794e+01 4.848800000000000665e+00
4.377049999999999841e+01 1.917900000000000160e+00
4.297760000000000247e+01 4.802000000000000157e-01
0.000000000000000000e+00 0.000000000000000000e+00
0.000000000000000000e+00 0.000000000000000000e+00
3.439559999999999462e+01 7.277200000000000557e+00
0.000000000000000000e+00 0.000000000000000000e+00
2.589080000000000226e+01 1.589920000000000044e+01
0.000000000000000000e+00 0.000000000000000000e+00
0.000000000000000000e+00 0.000000000000000000e+00
8.224000000000000199e+00 3.187519999999999953e+01
4.403860000000000241e+01 3.902600000000000069e+00
2.893120000000000047e+01 1.155519999999999925e+01
0.000000000000000000e+00 0.000000000000000000e+00
0.000000000000000000e+00 0.000000000000000000e+00
3.518930000000000291e+01 5.468099999999999739e+00
1.179560000000000031e+01 3.370420000000000016e+01
0.000000000000000000e+00 0.000000000000000000e+00
0.000000000000000000e+00 0.000000000000000000e+00
1.305069999999999908e+01 2.668140000000000001e+01
0.000000000000000000e+00 0.000000000000000000e+00
1.951360000000000028e+01 1.533440000000000047e+01
2.940660000000000096e+01 1.196969999999999956e+01
0.000000000000000000e+00 0.000000000000000000e+00
1.310699999999999932e+01 9.879999999999999005e+00
0.000000000000000000e+00 0.000000000000000000e+00
4.757159999999999656e+01 1.726199999999999957e+00
1.009989999999999810e+01 3.678170000000000073e+01
0.000000000000000000e+00 0.000000000000000000e+00
0.000000000000000000e+00 0.000000000000000000e+00
0.000000000000000000e+00 0.000000000000000000e+00
0.000000000000000000e+00 0.000000000000000000e+00
1.205320000000000036e+01 3.764659999999999940e+01
4.418779999999999575e+01 5.231199999999999406e+00
0.000000000000000000e+00 0.000000000000000000e+00
4.475339999999999918e+01 4.202099999999999724e+00
3.096200000000000063e+00 3.699260000000000304e+01
0.000000000000000000e+00 0.000000000000000000e+00
0.000000000000000000e+00 0.000000000000000000e+00
0.000000000000000000e+00 0.000000000000000000e+00
0.000000000000000000e+00 0.000000000000000000e+00
2.169200000000000017e+01 4.671000000000000263e+00
2.039000000000000146e+00 3.899220000000000397e+01
2.991929999999999623e+01 2.056200000000000028e+00
2.978049999999999997e+01 3.450500000000000345e+00
2.088579999999999970e+01 2.076139999999999830e+01
0.000000000000000000e+00 0.000000000000000000e+00
3.876339999999999719e+01 2.649500000000000188e+00
1.004290000000000127e+01 3.877380000000000138e+01
1.626780000000000115e+01 6.846700000000000230e+00
0.000000000000000000e+00 0.000000000000000000e+00
0.000000000000000000e+00 0.000000000000000000e+00
2.947200000000000042e+00 1.999600000000000044e+00
0.000000000000000000e+00 0.000000000000000000e+00
0.000000000000000000e+00 0.000000000000000000e+00
7.690199999999999925e+00 3.388779999999999859e+01
2.089170000000000016e+01 2.830799999999999983e+00
0.000000000000000000e+00 0.000000000000000000e+00
4.418779999999999575e+01 5.231199999999999406e+00
0.000000000000000000e+00 0.000000000000000000e+00
0.000000000000000000e+00 0.000000000000000000e+00
0.000000000000000000e+00 0.000000000000000000e+00
7.158400000000000318e+00 3.590279999999999916e+01
0.000000000000000000e+00 0.000000000000000000e+00
0.000000000000000000e+00 0.000000000000000000e+00
0.000000000000000000e+00 0.000000000000000000e+00
1.950809999999999889e+01 1.629279999999999973e+01
0.000000000000000000e+00 0.000000000000000000e+00
0.000000000000000000e+00 0.000000000000000000e+00
0.000000000000000000e+00 0.000000000000000000e+00
0.000000000000000000e+00 0.000000000000000000e+00
0.000000000000000000e+00 0.000000000000000000e+00
0.000000000000000000e+00 0.000000000000000000e+00
0.000000000000000000e+00 0.000000000000000000e+00
0.000000000000000000e+00 0.000000000000000000e+00
2.753280000000000172e+01 1.323960000000000115e+01
3.702020000000000266e+01 9.638199999999999434e+00
2.794269999999999854e+01 1.602720000000000056e+01
0.000000000000000000e+00 0.000000000000000000e+00
3.270500000000000185e+00 3.299009999999999820e+01
0.000000000000000000e+00 0.000000000000000000e+00
1.580840000000000067e+01 3.234659999999999513e+01
0.000000000000000000e+00 0.000000000000000000e+00
0.000000000000000000e+00 0.000000000000000000e+00
4.390650000000000119e+01 1.042499999999999982e+00
1.000000000000000000e+00 4.600000000000000000e+01
1.767800000000000082e+01 4.852500000000000036e+00
2.804159999999999897e+01 9.109199999999999520e+00
0.000000000000000000e+00 0.000000000000000000e+00
5.777000000000000135e+00 2.994599999999999795e+01
0.000000000000000000e+00 0.000000000000000000e+00
0.000000000000000000e+00 0.000000000000000000e+00
8.224000000000000199e+00 3.187519999999999953e+01
5.000000000000000000e+00 4.493700000000000472e+01
0.000000000000000000e+00 0.000000000000000000e+00
5.947199999999999598e+00 1.996399999999999952e+00
7.078299999999999592e+00 3.091629999999999967e+01
0.000000000000000000e+00 0.000000000000000000e+00
2.037270000000000181e+01 1.803859999999999886e+01
3.147600000000000176e+00 3.598920000000000385e+01
0.000000000000000000e+00 0.000000000000000000e+00
0.000000000000000000e+00 0.000000000000000000e+00
4.747999999999999687e+01 1.953999999999999959e+00
0.000000000000000000e+00 0.000000000000000000e+00
6.454399999999999693e+00 2.893619999999999948e+01
3.263109999999999644e+01 4.062100000000000044e+00
0.000000000000000000e+00 0.000000000000000000e+00
6.406400000000000539e+00 2.594280000000000186e+01
1.852419999999999689e+01 5.797800000000000509e+00
0.000000000000000000e+00 0.000000000000000000e+00
0.000000000000000000e+00 0.000000000000000000e+00
1.968299999999999983e+01 4.780499999999999972e+00
0.000000000000000000e+00 0.000000000000000000e+00
6.000000000000000000e+00 0.000000000000000000e+00
4.800000000000000000e+01 0.000000000000000000e+00
0.000000000000000000e+00 0.000000000000000000e+00
3.121599999999999930e+00 3.199360000000000070e+01
0.000000000000000000e+00 0.000000000000000000e+00
2.804159999999999897e+01 9.109199999999999520e+00
0.000000000000000000e+00 0.000000000000000000e+00
0.000000000000000000e+00 0.000000000000000000e+00
0.000000000000000000e+00 0.000000000000000000e+00
0.000000000000000000e+00 0.000000000000000000e+00
0.000000000000000000e+00 0.000000000000000000e+00
2.997329999999999828e+01 8.880300000000000082e+00
1.856300000000000239e+01 2.898000000000000043e+01
3.500000000000000000e+01 0.000000000000000000e+00
0.000000000000000000e+00 0.000000000000000000e+00
2.002399999999999736e+01 7.625600000000000378e+00
1.024000000000000021e+00 4.000000000000000000e+01
4.267999999999999261e+01 2.508000000000000007e+00
0.000000000000000000e+00 0.000000000000000000e+00
0.000000000000000000e+00 0.000000000000000000e+00
0.000000000000000000e+00 0.000000000000000000e+00
3.092229999999999990e+01 1.946400000000000130e+00
4.877879999999999683e+01 7.419999999999999929e-01
0.000000000000000000e+00 0.000000000000000000e+00
4.947200000000000486e+00 1.997200000000000086e+00
0.000000000000000000e+00 0.000000000000000000e+00
0.000000000000000000e+00 0.000000000000000000e+00
9.053200000000000358e+00 3.782900000000000063e+01
3.430299999999999727e+01 5.230000000000000426e+00
4.400000000000000000e+01 0.000000000000000000e+00
0.000000000000000000e+00 0.000000000000000000e+00
0.000000000000000000e+00 0.000000000000000000e+00
1.221449999999999925e+01 1.485749999999999993e+01
5.947199999999999598e+00 1.996399999999999952e+00
0.000000000000000000e+00 0.000000000000000000e+00
4.837339999999999662e+01 1.768000000000000238e+00
3.038999999999999702e+00 3.899220000000000397e+01
1.000000000000000000e+01 0.000000000000000000e+00
0.000000000000000000e+00 0.000000000000000000e+00
4.233500000000000085e+01 3.663799999999999724e+00
2.718949999999999534e+01 1.822520000000000095e+01
1.116720000000000113e+01 1.388799999999999990e+01
1.554700000000000060e+01 1.079100000000000037e+01
0.000000000000000000e+00 0.000000000000000000e+00
1.211469999999999914e+01 3.665220000000000056e+01
3.476780000000000115e+01 3.056400000000000006e+00
1.086540000000000106e+01 1.886890000000000001e+01
1.628559999999999874e+01 2.640869999999999962e+01
4.274080000000000013e+01 2.237400000000000055e+00
0.000000000000000000e+00 0.000000000000000000e+00
3.121599999999999930e+00 3.199360000000000070e+01
0.000000000000000000e+00 0.000000000000000000e+00
3.763800000000000523e+01 6.254999999999999893e+00
0.000000000000000000e+00 0.000000000000000000e+00
1.096200000000000063e+00 3.700000000000000000e+01
1.098189999999999955e+01 9.928000000000000158e-01
0.000000000000000000e+00 0.000000000000000000e+00
3.057019999999999982e+01 4.641000000000000014e+00
0.000000000000000000e+00 0.000000000000000000e+00
4.999940000000000140e+01 3.420000000000000123e-02
0.000000000000000000e+00 0.000000000000000000e+00
0.000000000000000000e+00 0.000000000000000000e+00
0.000000000000000000e+00 0.000000000000000000e+00
0.000000000000000000e+00 0.000000000000000000e+00
0.000000000000000000e+00 0.000000000000000000e+00
0.000000000000000000e+00 0.000000000000000000e+00
0.000000000000000000e+00 0.000000000000000000e+00
0.000000000000000000e+00 0.000000000000000000e+00
0.000000000000000000e+00 0.000000000000000000e+00
0.000000000000000000e+00 0.000000000000000000e+00
2.131469999999999843e+01 6.568800000000000416e+00
3.848199999999999932e+01 7.780000000000000249e+00
0.000000000000000000e+00 0.000000000000000000e+00
0.000000000000000000e+00 0.000000000000000000e+00
0.000000000000000000e+00 0.000000000000000000e+00
0.000000000000000000e+00 0.000000000000000000e+00
0.000000000000000000e+00 0.000000000000000000e+00
4.013760000000000616e+01 4.682999999999999829e+00
1.694819999999999993e+01 1.949799999999999978e+00
0.000000000000000000e+00 0.000000000000000000e+00
3.079400000000000048e+01 3.271999999999999797e+00
0.000000000000000000e+00 0.000000000000000000e+00
0.000000000000000000e+00 0.000000000000000000e+00
0.000000000000000000e+00 0.000000000000000000e+00
0.000000000000000000e+00 0.000000000000000000e+00
0.000000000000000000e+00 0.000000000000000000e+00
3.744999999999999574e+01 4.238999999999999879e+00
4.279999999999999716e+01 6.162499999999999645e+00
4.568959999999999866e+01 3.884400000000000297e+00
0.000000000000000000e+00 0.000000000000000000e+00
0.000000000000000000e+00 0.000000000000000000e+00
2.444519999999999982e+01 1.051679999999999993e+01
4.524760000000000559e+01 3.157799999999999940e+00
1.526330000000000098e+01 1.669229999999999947e+01
0.000000000000000000e+00 0.000000000000000000e+00
3.393129999999999313e+01 1.610700000000000021e+00
1.291099999999999959e+01 1.878150000000000119e+01
3.981899999999999995e+00 9.990999999999999881e-01
7.690199999999999925e+00 3.388779999999999859e+01
1.111100000000000065e+01 3.671139999999999759e+01
1.098949999999999960e+01 1.290510000000000090e+01
0.000000000000000000e+00 0.000000000000000000e+00
3.799020000000000152e+01 4.060000000000000275e-01
0.000000000000000000e+00 0.000000000000000000e+00
0.000000000000000000e+00 0.000000000000000000e+00
1.605059999999999931e+01 3.329959999999999809e+01
0.000000000000000000e+00 0.000000000000000000e+00
0.000000000000000000e+00 0.000000000000000000e+00
0.000000000000000000e+00 0.000000000000000000e+00
0.000000000000000000e+00 0.000000000000000000e+00
1.388399999999999856e+01 3.353079999999999927e+01
0.000000000000000000e+00 0.000000000000000000e+00
1.359689999999999976e+01 8.877600000000001046e+00
2.753280000000000172e+01 1.323960000000000115e+01
0.000000000000000000e+00 0.000000000000000000e+00
0.000000000000000000e+00 0.000000000000000000e+00
0.000000000000000000e+00 0.000000000000000000e+00
1.397600000000000087e+01 7.887199999999999989e+00
4.555150000000000432e+01 2.320500000000000007e+00
2.489950000000000330e+01 2.590199999999999836e+00
3.904239999999999355e+01 5.164600000000000080e+00
4.592300000000000182e+01 7.099999999999999645e-01
0.000000000000000000e+00 0.000000000000000000e+00
4.881150000000000233e+01 6.721000000000000307e-01
8.499000000000000554e+00 5.975999999999999979e+00
0.000000000000000000e+00 0.000000000000000000e+00
4.437119999999999465e+01 3.123200000000000198e+00
3.000000000000000000e+00 4.499099999999999966e+01
4.097240000000000038e+01 6.139999999999999902e-01
0.000000000000000000e+00 0.000000000000000000e+00
0.000000000000000000e+00 0.000000000000000000e+00
0.000000000000000000e+00 0.000000000000000000e+00
2.388680000000000092e+01 1.871519999999999939e+01
0.000000000000000000e+00 0.000000000000000000e+00
4.982900000000000773e+01 3.708000000000000185e-01
1.868000000000000327e+01 4.826999999999999957e+00
4.135390000000000299e+01 3.844100000000000072e+00
0.000000000000000000e+00 0.000000000000000000e+00
0.000000000000000000e+00 0.000000000000000000e+00
4.085059999999999292e+01 1.863599999999999923e+00
0.000000000000000000e+00 0.000000000000000000e+00
0.000000000000000000e+00 0.000000000000000000e+00
3.129710000000000036e+01 5.694300000000000139e+00
8.012299999999999756e+00 4.085650000000000404e+01
0.000000000000000000e+00 0.000000000000000000e+00
0.000000000000000000e+00 0.000000000000000000e+00
2.698360000000000269e+01 7.989000000000000545e-01
2.795579999999999998e+01 1.525199999999999889e+00
4.817640000000000100e+01 2.180800000000000072e+00
0.000000000000000000e+00 0.000000000000000000e+00
0.000000000000000000e+00 0.000000000000000000e+00
0.000000000000000000e+00 0.000000000000000000e+00
0.000000000000000000e+00 0.000000000000000000e+00
4.999980000000000047e+01 1.710000000000000062e-02
0.000000000000000000e+00 0.000000000000000000e+00
0.000000000000000000e+00 0.000000000000000000e+00
0.000000000000000000e+00 0.000000000000000000e+00
1.324150000000000027e+01 1.480949999999999989e+01
0.000000000000000000e+00 0.000000000000000000e+00
1.141889999999999894e+01 2.082779999999999987e+01
0.000000000000000000e+00 0.000000000000000000e+00
3.257679999999999865e+01 1.105989999999999895e+01
0.000000000000000000e+00 0.000000000000000000e+00
3.790800000000000125e+01 1.632800000000000029e+00
0.000000000000000000e+00 0.000000000000000000e+00
1.497759999999999891e+01 7.868000000000000327e+00
0.000000000000000000e+00 0.000000000000000000e+00
4.995799999999999841e+01 1.810000000000000220e-01
4.170570000000000022e+01 2.556900000000000173e+00
4.351769999999999783e+01 2.892500000000000071e+00
0.000000000000000000e+00 0.000000000000000000e+00
0.000000000000000000e+00 0.000000000000000000e+00
0.000000000000000000e+00 0.000000000000000000e+00
2.409400000000000119e+01 1.774000000000000199e+01
5.000000000000000000e+00 4.393840000000000146e+01
4.682900000000000063e+01 1.061100000000000154e+00
4.599669999999999703e+01 1.403000000000000080e-01
3.065080000000000382e+01 9.245599999999999596e+00
4.856739999999999924e+01 1.278900000000000148e+00
2.100000000000000000e+01 0.000000000000000000e+00
3.860399999999999920e+01 3.459600000000000009e+00
0.000000000000000000e+00 0.000000000000000000e+00
