1.187909899522528079e+01
0.000000000000000000e+00
0.000000000000000000e+00
0.000000000000000000e+00
0.000000000000000000e+00
0.000000000000000000e+00
1.639236320511283374e-01
0.000000000000000000e+00
1.195891575007575192e+01
0.000000000000000000e+00
0.000000000000000000e+00
5.175274508781051885e+00
1.955492403403500035e+01
1.284554382260388650e+01
9.436055890591598105e-01
0.000000000000000000e+00
0.000000000000000000e+00
0.000000000000000000e+00
1.144642453903848001e+01
0.000000000000000000e+00
0.000000000000000000e+00
0.000000000000000000e+00
0.000000000000000000e+00
0.000000000000000000e+00
6.575783435802663668e+00
0.000000000000000000e+00
0.000000000000000000e+00
0.000000000000000000e+00
0.000000000000000000e+00
0.000000000000000000e+00
1.169839347761945057e-02
0.000000000000000000e+00
0.000000000000000000e+00
0.000000000000000000e+00
0.000000000000000000e+00
2.355282161285052211e+01
0.000000000000000000e+00
0.000000000000000000e+00
0.000000000000000000e+00
2.981455532233832528e+00
0.000000000000000000e+00
1.073377322408427048e+01
1.658174100387615368e+01
9.436055890591598105e-01
0.000000000000000000e+00
0.000000000000000000e+00
0.000000000000000000e+00
2.670788365978603363e+00
0.000000000000000000e+00
0.000000000000000000e+00
1.514488663654295308e+01
0.000000000000000000e+00
0.000000000000000000e+00
0.000000000000000000e+00
3.603649050424257982e+00
0.000000000000000000e+00
0.000000000000000000e+00
6.935070122811409554e+00
1.018346525495600297e+01
0.000000000000000000e+00
7.532334209803500435e+00
1.828632369071184538e+00
0.000000000000000000e+00
0.000000000000000000e+00
0.000000000000000000e+00
6.335628835073979503e-02
0.000000000000000000e+00
1.325511518646912812e+01
0.000000000000000000e+00
4.400484076347711770e+00
0.000000000000000000e+00
8.645297304218544809e+00
0.000000000000000000e+00
3.875084928800237805e+00
0.000000000000000000e+00
1.098627392532796243e+01
6.469115400573737240e+00
0.000000000000000000e+00
0.000000000000000000e+00
6.344487569902531376e+00
0.000000000000000000e+00
0.000000000000000000e+00
9.406747431867142906e-01
1.232639334343966553e+01
0.000000000000000000e+00
0.000000000000000000e+00
0.000000000000000000e+00
0.000000000000000000e+00
0.000000000000000000e+00
0.000000000000000000e+00
9.428220744125244579e+00
5.276353440155109098e+00
5.201361636405773758e+00
7.883485966348385832e-02
1.755843450958249008e+01
0.000000000000000000e+00
1.000438938211549811e+01
0.000000000000000000e+00
0.000000000000000000e+00
0.000000000000000000e+00
4.009008040709467584e-03
0.000000000000000000e+00
8.724183367101838726e+00
6.466107821005446787e-01
9.711794389052903764e-03
1.323276395464170996e+01
1.177741776166574939e+00
6.865474628983345262e+00
2.565174469701184456e+00
1.031824247200829170e+01
1.284554382260388650e+01
2.181528814095451130e-01
6.156752949548686793e+00
0.000000000000000000e+00
0.000000000000000000e+00
0.000000000000000000e+00
1.059468757402260941e+01
0.000000000000000000e+00
0.000000000000000000e+00
9.494528294368283383e+00
0.000000000000000000e+00
4.578219079210658293e+00
0.000000000000000000e+00
2.155743450364515112e+01
0.000000000000000000e+00
1.236836551533573569e+01
1.959397925909076577e+01
0.000000000000000000e+00
0.000000000000000000e+00
3.510418892293286408e+00
0.000000000000000000e+00
7.505940283502097188e+00
0.000000000000000000e+00
4.142567498944739413e+00
0.000000000000000000e+00
0.000000000000000000e+00
1.424015348076043352e+01
1.514491431031113322e+01
0.000000000000000000e+00
3.055498141196381565e-02
0.000000000000000000e+00
0.000000000000000000e+00
3.852378708881419200e+00
4.941836840930060148e+00
0.000000000000000000e+00
0.000000000000000000e+00
3.633612253555690952e+00
5.870024841719600595e+00
0.000000000000000000e+00
0.000000000000000000e+00
9.348323249041552430e+00
1.150203461611725864e+01
0.000000000000000000e+00
0.000000000000000000e+00
2.210665595213317403e+00
0.000000000000000000e+00
7.889418749962585631e-01
1.235733070315340498e+01
9.443381328397514318e-01
1.417087083859263430e+01
1.098708706522049106e+01
0.000000000000000000e+00
0.000000000000000000e+00
2.155595353740922704e+01
8.986381823102865596e+00
1.955745207583978384e+01
8.229710083777373342e+00
0.000000000000000000e+00
5.711013038839675149e-01
4.465498762193433335e-01
0.000000000000000000e+00
5.700334640907609440e-01
0.000000000000000000e+00
7.838104765278782082e+00
1.955492403403500035e+01
0.000000000000000000e+00
1.794461160487259566e+00
1.825136189574091405e-01
5.750108264648011724e-01
0.000000000000000000e+00
1.514192662491757346e+01
7.404500896571798441e-01
2.156495615816985278e+01
2.565574613299052231e+00
7.983571673436880900e+00
0.000000000000000000e+00
0.000000000000000000e+00
1.836582261328164600e+00
0.000000000000000000e+00
1.422670149836759634e+01
3.892665800799275377e+00
2.255294134232024206e+01
0.000000000000000000e+00
1.185548145714219359e+01
0.000000000000000000e+00
0.000000000000000000e+00
0.000000000000000000e+00
6.241470182005824263e+00
1.762333422180820364e+01
1.514429364214295326e+01
0.000000000000000000e+00
0.000000000000000000e+00
3.892665800799275377e+00
4.781525341380287591e-02
5.346557537937696836e+00
0.000000000000000000e+00
9.225225995362249520e+00
2.338472182366984065e+00
0.000000000000000000e+00
6.059140482554969259e-02
0.000000000000000000e+00
0.000000000000000000e+00
0.000000000000000000e+00
0.000000000000000000e+00
1.026558053466174769e+01
0.000000000000000000e+00
0.000000000000000000e+00
0.000000000000000000e+00
0.000000000000000000e+00
1.015756119787193335e+01
4.102681919544616918e+00
3.852013674769000584e+00
0.000000000000000000e+00
0.000000000000000000e+00
1.514370650640159965e+01
0.000000000000000000e+00
0.000000000000000000e+00
1.195891575007575192e+01
0.000000000000000000e+00
8.017291836164320173e+00
2.297046806807386155e+00
0.000000000000000000e+00
0.000000000000000000e+00
0.000000000000000000e+00
0.000000000000000000e+00
2.155484790455658839e+01
5.187763575247849701e+00
9.062041386086709949e+00
0.000000000000000000e+00
0.000000000000000000e+00
6.446404291857882107e+00
1.417134488720254382e+01
0.000000000000000000e+00
0.000000000000000000e+00
1.417087083859263430e+01
0.000000000000000000e+00
0.000000000000000000e+00
4.664076498545889626e-02
0.000000000000000000e+00
2.947401517603727428e-02
9.442614399687130344e+00
0.000000000000000000e+00
0.000000000000000000e+00
4.051777476773821718e+00
0.000000000000000000e+00
1.155622193078838372e-01
9.841039516447088076e+00
1.237454972383427998e-01
0.000000000000000000e+00
5.820089847312296172e+00
0.000000000000000000e+00
0.000000000000000000e+00
1.959397925909076577e+01
9.589388030155751252e+00
0.000000000000000000e+00
0.000000000000000000e+00
6.312556972086738050e+00
2.366036148424325025e-01
0.000000000000000000e+00
1.514448055377895308e+01
4.845930657680789011e+00
0.000000000000000000e+00
0.000000000000000000e+00
0.000000000000000000e+00
0.000000000000000000e+00
2.172876370677020219e+00
2.715555326590901597e+00
0.000000000000000000e+00
2.616280067836199485e+00
1.514448055377895308e+01
0.000000000000000000e+00
0.000000000000000000e+00
1.120786820940917750e+01
0.000000000000000000e+00
0.000000000000000000e+00
7.511580478054475929e-01
2.455246165967943739e+01
5.792967893186097506e+00
7.143759491569954712e+00
0.000000000000000000e+00
0.000000000000000000e+00
0.000000000000000000e+00
2.908909701770594047e+00
2.455647066772014497e+01
2.344022124133404716e-01
1.328428089052570549e+01
0.000000000000000000e+00
7.119240202104132997e+00
1.859480504808011858e+01
0.000000000000000000e+00
0.000000000000000000e+00
5.172172628078393508e+00
0.000000000000000000e+00
1.015883277198765278e+01
1.610146950764985152e-01
0.000000000000000000e+00
6.200120654946410931e-02
0.000000000000000000e+00
3.199159260798254550e-02
0.000000000000000000e+00
0.000000000000000000e+00
0.000000000000000000e+00
5.758526981483866880e-01
1.756411828696769817e+01
0.000000000000000000e+00
0.000000000000000000e+00
1.756077321517418355e+01
4.036479696353808322e+00
4.597831868834311386e+00
0.000000000000000000e+00
0.000000000000000000e+00
2.255886771780626887e+01
0.000000000000000000e+00
3.501687070378467492e+00
0.000000000000000000e+00
6.945932557632527038e-01
0.000000000000000000e+00
5.165969853672801371e+00
0.000000000000000000e+00
0.000000000000000000e+00
9.121414766638247684e+00
0.000000000000000000e+00
0.000000000000000000e+00
9.805045580826105223e+00
0.000000000000000000e+00
0.000000000000000000e+00
0.000000000000000000e+00
8.372801109564024458e+00
0.000000000000000000e+00
1.557775482093129327e+01
1.086782819492488450e+01
0.000000000000000000e+00
0.000000000000000000e+00
6.446404291857882107e+00
4.069468075499381499e+00
1.842212267227954392e+00
0.000000000000000000e+00
2.574596916770950372e+00
1.254724446158697049e-01
1.324479746253085288e+01
2.513846205117818422e-01
8.288365496463169890e+00
0.000000000000000000e+00
1.330699131753825537e-01
6.763753616286839465e-01
0.000000000000000000e+00
0.000000000000000000e+00
0.000000000000000000e+00
0.000000000000000000e+00
5.175274508781051885e+00
0.000000000000000000e+00
6.241470182005824263e+00
1.062891880828352953e+01
4.959179052789633779e+00
2.366036148424325025e-01
2.327138472573404282e-01
0.000000000000000000e+00
1.417214442593012969e+01
0.000000000000000000e+00
3.088056874473279478e+00
2.146678177645248375e+00
4.012909224641733608e-01
2.256445399428320542e+01
3.595839278129060457e-01
0.000000000000000000e+00
0.000000000000000000e+00
0.000000000000000000e+00
0.000000000000000000e+00
9.486000978028945596e-01
0.000000000000000000e+00
0.000000000000000000e+00
6.200120654946410931e-02
1.365626987460654362e+01
2.557243682946401364e+00
2.557243682946401364e+00
0.000000000000000000e+00
0.000000000000000000e+00
8.665358781650935427e+00
3.132709710247146617e+00
0.000000000000000000e+00
8.420743213241260960e+00
7.505851466148870665e-01
8.574829466688591140e+00
1.098727615386906287e+01
1.015661447143867058e+01
7.506300804361961454e+00
0.000000000000000000e+00
2.941680793105811986e+00
1.323274150025490670e+01
0.000000000000000000e+00
1.514151415449305205e+01
3.642028295695236118e+00
1.471917137971566536e+00
0.000000000000000000e+00
0.000000000000000000e+00
1.098374416007253807e+01
0.000000000000000000e+00
0.000000000000000000e+00
9.775061637383558377e+00
9.668622686002931177e-01
0.000000000000000000e+00
4.845930657680789011e+00
0.000000000000000000e+00
0.000000000000000000e+00
0.000000000000000000e+00
2.355665035036093613e+01
4.026381252472820194e+00
7.883485966348385832e-02
4.940097700224664656e+00
1.144538180563903929e+01
2.055406701165691175e+01
1.466124898299540291e+00
2.604351888935045434e+00
1.558958022556591061e+01
0.000000000000000000e+00
4.432715406158808102e-01
0.000000000000000000e+00
1.273634370027586193e+01
0.000000000000000000e+00
0.000000000000000000e+00
0.000000000000000000e+00
0.000000000000000000e+00
8.723463840734787311e+00
1.335955524625807023e-01
7.609255229312287483e+00
0.000000000000000000e+00
0.000000000000000000e+00
2.189976491411933956e+00
0.000000000000000000e+00
0.000000000000000000e+00
0.000000000000000000e+00
0.000000000000000000e+00
1.331899217910241617e+01
0.000000000000000000e+00
0.000000000000000000e+00
5.085028422286280714e-01
0.000000000000000000e+00
0.000000000000000000e+00
1.365691977009667291e+01
0.000000000000000000e+00
0.000000000000000000e+00
6.059140482554969259e-02
7.838104765278782082e+00
0.000000000000000000e+00
9.953837862292122196e+00
0.000000000000000000e+00
1.610146950764985152e-01
0.000000000000000000e+00
0.000000000000000000e+00
1.942170772606557794e+00
0.000000000000000000e+00
0.000000000000000000e+00
0.000000000000000000e+00
3.624987177952502471e+00
0.000000000000000000e+00
0.000000000000000000e+00
0.000000000000000000e+00
0.000000000000000000e+00
0.000000000000000000e+00
2.195408582746015025e+00
3.674516836666698039e-01
0.000000000000000000e+00
2.755243552850182098e+01
2.555496357030668975e+01
0.000000000000000000e+00
1.417190863481761198e+01
1.513968622666630282e+01
0.000000000000000000e+00
1.098374416007253807e+01
0.000000000000000000e+00
9.380684226390357594e+00
9.359310469034637592e+00
6.446404291857882107e+00
0.000000000000000000e+00
0.000000000000000000e+00
0.000000000000000000e+00
7.721569044520333769e+00
0.000000000000000000e+00
1.825136189574091405e-01
1.656380925321712638e+01
2.542361779853510750e+00
1.798381763555776114e-01
9.876313660429739016e+00
0.000000000000000000e+00
0.000000000000000000e+00
5.348851085985558029e+00
0.000000000000000000e+00
0.000000000000000000e+00
1.275733938171755177e+01
1.460421713949010858e+01
6.461393414178677297e+00
9.819513499542171786e+00
1.273622979223907414e+01
0.000000000000000000e+00
0.000000000000000000e+00
1.334735039223736930e+00
0.000000000000000000e+00
0.000000000000000000e+00
6.344487569902531376e+00
0.000000000000000000e+00
0.000000000000000000e+00
1.158051623227781590e+01
0.000000000000000000e+00
1.015883277198765278e+01
2.255695035036094609e+01
0.000000000000000000e+00
2.155360194884768532e+01
1.185548145714219359e+01
9.349036459654925579e+00
0.000000000000000000e+00
1.111996855123024291e-01
0.000000000000000000e+00
1.274526183055721162e+01
0.000000000000000000e+00
1.823024007316846440e+00
0.000000000000000000e+00
0.000000000000000000e+00
0.000000000000000000e+00
0.000000000000000000e+00
1.323623346156034941e+01
0.000000000000000000e+00
3.547382536774921213e+00
6.437714022049791041e+00
0.000000000000000000e+00
2.356105465409706312e+01
0.000000000000000000e+00
5.604211595417730507e+00
0.000000000000000000e+00
0.000000000000000000e+00
0.000000000000000000e+00
8.528496825903022494e-01
0.000000000000000000e+00
0.000000000000000000e+00
8.988823261989427493e+00
0.000000000000000000e+00
2.455307785213511451e+01
1.855615035416092340e+01
1.460311399780288610e+01
4.051777476773821718e+00
0.000000000000000000e+00
0.000000000000000000e+00
1.198571244597753882e+00
2.922803278694138029e+00
3.542745733195992397e+00
4.019583343783574292e-01
9.763463224240415128e-01
0.000000000000000000e+00
2.455388406863158579e+01
2.912119695701101754e-02
1.770366645544452222e+00
1.514448055377895308e+01
9.244734759179930705e+00
9.136313702793991354e+00
1.959397925909076577e+01
0.000000000000000000e+00
9.192946858193193904e-01
2.055807601969761933e+01
0.000000000000000000e+00
1.004460511757067565e+01
1.238588284397344630e+01
1.494560574267976838e-01
0.000000000000000000e+00
7.304801953344561838e+00
2.555496357030668975e+01
0.000000000000000000e+00
0.000000000000000000e+00
0.000000000000000000e+00
6.575783435802663668e+00
0.000000000000000000e+00
2.897047739923190424e+00
6.452762200440407270e+00
0.000000000000000000e+00
0.000000000000000000e+00
0.000000000000000000e+00
1.460354596548562967e+01
2.922803278694138029e+00
0.000000000000000000e+00
3.319506140892375612e+00
0.000000000000000000e+00
0.000000000000000000e+00
0.000000000000000000e+00
1.823024007316846440e+00
7.870459165287914338e+00
7.008830648537150765e+00
1.015995764211479901e+01
3.648083423583362711e-02
9.098996808321961893e+00
0.000000000000000000e+00
0.000000000000000000e+00
0.000000000000000000e+00
0.000000000000000000e+00
0.000000000000000000e+00
1.323623346156034941e+01
9.358547424906737078e+00
7.237992856862045521e+00
1.232614387952402168e+01
9.777098140562427986e+00
0.000000000000000000e+00
2.947401517603727428e-02
6.847672703978342490e+00
1.514387701248881690e+01
6.724280334773657941e+00
3.284505683279747013e-01
0.000000000000000000e+00
1.855757276311306470e+01
0.000000000000000000e+00
1.460309439352547933e+01
0.000000000000000000e+00
0.000000000000000000e+00
1.492736524657545916e+00
1.514011546271594710e+01
0.000000000000000000e+00
1.564330006953280261e+01
0.000000000000000000e+00
3.284505683279747013e-01
1.422408952142927875e-03
7.558740742925211809e-01
3.852013674769000584e+00
2.908909701770594047e+00
2.555243552850190625e+01
0.000000000000000000e+00
0.000000000000000000e+00
1.921435900442904687e+00
2.055468320411259242e+01
0.000000000000000000e+00
0.000000000000000000e+00
0.000000000000000000e+00
3.335928514809294310e-02
1.657445902921735126e+01
9.062041386086709949e+00
0.000000000000000000e+00
0.000000000000000000e+00
5.783327221539105167e+00
8.724183367101838726e+00
5.346557537937696836e+00
0.000000000000000000e+00
0.000000000000000000e+00
0.000000000000000000e+00
0.000000000000000000e+00
0.000000000000000000e+00
1.417208890377482966e+01
0.000000000000000000e+00
0.000000000000000000e+00
2.616280067836199485e+00
1.616275937126778750e-01
2.033116608538769743e-01
1.035233365303467323e-01
5.758526981483866880e-01
8.309956187980985121e+00
1.417734437142505399e+01
0.000000000000000000e+00
2.855243552850179256e+01
0.000000000000000000e+00
8.589485262296893353e+00
1.059972341294375475e+01
1.755967448539996667e+01
1.202635333885927160e+01
2.155360194884768532e+01
0.000000000000000000e+00
6.408459049733007673e-02
0.000000000000000000e+00
2.260401681592997480e+00
0.000000000000000000e+00
0.000000000000000000e+00
0.000000000000000000e+00
0.000000000000000000e+00
1.737523967642908007e-01
0.000000000000000000e+00
0.000000000000000000e+00
1.335391067116408337e+01
0.000000000000000000e+00
1.284554382260388650e+01
0.000000000000000000e+00
4.068558612650178263e-01
1.961233040721439114e+00
3.136951214161669554e+00
0.000000000000000000e+00
0.000000000000000000e+00
0.000000000000000000e+00
0.000000000000000000e+00
0.000000000000000000e+00
3.500547675114133117e+00
7.227797547549408286e+00
0.000000000000000000e+00
0.000000000000000000e+00
5.172172628078393508e+00
6.130778714812271102e-02
4.030812309449990138e+00
0.000000000000000000e+00
7.514477879881661160e+00
6.433213807768257908e+00
0.000000000000000000e+00
6.162088030597280053e+00
0.000000000000000000e+00
1.494560574267976838e-01
1.080807253225531994e+01
9.805045580826105223e+00
8.986126617452320886e+00
0.000000000000000000e+00
0.000000000000000000e+00
4.663866768208058566e+00
0.000000000000000000e+00
4.287090957686642945e+00
0.000000000000000000e+00
0.000000000000000000e+00
1.365757744336746704e+01
1.075087868786951084e+01
3.136951214161669554e+00
0.000000000000000000e+00
0.000000000000000000e+00
4.562316362260047775e+00
1.560393885333319730e+01
0.000000000000000000e+00
0.000000000000000000e+00
9.351294477993718601e+00
0.000000000000000000e+00
2.557243682946401364e+00
3.603649050424257982e+00
0.000000000000000000e+00
7.450758303427276186e-01
0.000000000000000000e+00
1.325511518646912812e+01
1.857521552703210688e+01
0.000000000000000000e+00
0.000000000000000000e+00
0.000000000000000000e+00
0.000000000000000000e+00
1.959397925909076577e+01
1.167845521398757569e+01
0.000000000000000000e+00
1.160968560376648107e+01
1.855676654661660052e+01
0.000000000000000000e+00
0.000000000000000000e+00
0.000000000000000000e+00
0.000000000000000000e+00
3.674516836666698039e-01
2.055424346490015353e+01
1.771936784913143104e+00
1.808281932533060798e+00
5.844320447560908072e+00
0.000000000000000000e+00
6.219293773642355916e+00
2.057336710509616395e+01
3.454155818127294664e-01
0.000000000000000000e+00
0.000000000000000000e+00
2.895936679015879284e-02
0.000000000000000000e+00
0.000000000000000000e+00
1.558095753326512423e+01
2.696996751962915106e-01
0.000000000000000000e+00
1.167845521398757569e+01
0.000000000000000000e+00
0.000000000000000000e+00
0.000000000000000000e+00
1.756411828696769817e+01
0.000000000000000000e+00
0.000000000000000000e+00
0.000000000000000000e+00
3.009751256346046677e+00
0.000000000000000000e+00
0.000000000000000000e+00
0.000000000000000000e+00
0.000000000000000000e+00
0.000000000000000000e+00
0.000000000000000000e+00
0.000000000000000000e+00
0.000000000000000000e+00
3.319506140892375612e+00
8.002027537265266943e+00
5.598439907514373814e+00
0.000000000000000000e+00
1.460311399780288610e+01
0.000000000000000000e+00
1.466679900970459194e+01
0.000000000000000000e+00
0.000000000000000000e+00
9.779254261099817214e+00
2.755243552850182098e+01
2.256007109388612764e-01
1.950624193124951500e+00
0.000000000000000000e+00
1.184680405123493330e+01
0.000000000000000000e+00
0.000000000000000000e+00
1.365757744336746704e+01
2.655496357030666488e+01
0.000000000000000000e+00
3.055498141196381565e-02
1.273642657348406715e+01
0.000000000000000000e+00
4.036398244072677777e+00
1.755887424879492542e+01
0.000000000000000000e+00
0.000000000000000000e+00
1.327000937633012967e+01
0.000000000000000000e+00
1.098708706522049106e+01
2.981455532233832528e+00
0.000000000000000000e+00
8.593651811304985344e+00
2.974897844525772328e-01
0.000000000000000000e+00
0.000000000000000000e+00
2.727375045725867198e-01
0.000000000000000000e+00
4.009008040709467584e-03
1.323274150025490670e+01
0.000000000000000000e+00
1.365481329484483553e+01
0.000000000000000000e+00
1.950624193124951500e+00
0.000000000000000000e+00
0.000000000000000000e+00
0.000000000000000000e+00
0.000000000000000000e+00
0.000000000000000000e+00
2.708061047439905611e+00
1.195891575007575192e+01
3.852378708881419200e+00
0.000000000000000000e+00
5.011252176147698023e-01
2.155342549560444354e+01
9.045666800931481788e+00
0.000000000000000000e+00
0.000000000000000000e+00
0.000000000000000000e+00
2.110835597665379648e+00
1.417173529950241218e+01
0.000000000000000000e+00
2.947401517603727428e-02
0.000000000000000000e+00
0.000000000000000000e+00
1.956645469660040959e+01
4.006579284872297642e+00
9.775087074678456389e+00
0.000000000000000000e+00
0.000000000000000000e+00
2.188364554268745987e+00
3.055498141196381565e-02
0.000000000000000000e+00
1.421249838171782898e+01
2.055468320411259242e+01
1.540068611015486463e-02
0.000000000000000000e+00
9.121414766638247684e+00
6.905910869067152014e+00
1.828632369071184538e+00
9.426238268553314148e-01
0.000000000000000000e+00
1.859480504808011858e+01
3.913690350897858217e+00
4.062789464768264303e+00
9.353900343153798147e+00
9.032895643972098654e+00
0.000000000000000000e+00
1.365481329484483553e+01
0.000000000000000000e+00
6.437714022049791041e+00
0.000000000000000000e+00
1.855614430513045932e+01
2.544691531310981983e-02
0.000000000000000000e+00
2.189976491411933956e+00
0.000000000000000000e+00
1.514534320649087284e+01
0.000000000000000000e+00
0.000000000000000000e+00
0.000000000000000000e+00
0.000000000000000000e+00
0.000000000000000000e+00
0.000000000000000000e+00
0.000000000000000000e+00
0.000000000000000000e+00
0.000000000000000000e+00
0.000000000000000000e+00
4.465498762193433335e-01
7.935972375576678672e+00
0.000000000000000000e+00
0.000000000000000000e+00
0.000000000000000000e+00
0.000000000000000000e+00
0.000000000000000000e+00
7.698149438576645132e+00
1.111996855123024291e-01
0.000000000000000000e+00
2.146678177645248375e+00
0.000000000000000000e+00
0.000000000000000000e+00
0.000000000000000000e+00
0.000000000000000000e+00
0.000000000000000000e+00
5.672421974763094177e+00
1.091875936333071806e+01
1.247405507503849265e+01
0.000000000000000000e+00
0.000000000000000000e+00
1.336111621482503287e+00
1.155262711307756618e+01
3.019647756519199255e+00
0.000000000000000000e+00
3.366203229742506853e+00
4.043195855185527599e+00
9.711794389052903764e-03
1.558095753326512423e+01
1.858404186377448042e+01
1.500671674841057346e+00
0.000000000000000000e+00
5.531778397396980296e+00
0.000000000000000000e+00
0.000000000000000000e+00
1.566648854682566672e+01
0.000000000000000000e+00
0.000000000000000000e+00
0.000000000000000000e+00
0.000000000000000000e+00
1.562769057564727859e+01
0.000000000000000000e+00
5.711013038839675149e-01
3.319506140892375612e+00
0.000000000000000000e+00
0.000000000000000000e+00
0.000000000000000000e+00
4.366324700055214669e-01
1.150203461611725864e+01
6.466107821005446787e-01
7.032718932308953619e+00
1.144642453903848001e+01
0.000000000000000000e+00
1.417222208847345399e+01
2.342689587107660287e-01
0.000000000000000000e+00
1.069123607108323348e+01
2.655305172095756205e+01
7.506300804361961454e+00
0.000000000000000000e+00
0.000000000000000000e+00
0.000000000000000000e+00
5.346557537937696836e+00
0.000000000000000000e+00
1.514362379031475214e+01
2.454011891833654813e-01
8.372801109564024458e+00
0.000000000000000000e+00
0.000000000000000000e+00
7.532334209803500435e+00
0.000000000000000000e+00
0.000000000000000000e+00
2.616280067836199485e+00
2.256133664349463075e+01
0.000000000000000000e+00
0.000000000000000000e+00
9.709355717274064101e-01
1.199487620904905238e+00
1.424015348076043352e+01
0.000000000000000000e+00
0.000000000000000000e+00
0.000000000000000000e+00
0.000000000000000000e+00
1.514534567184589342e+01
0.000000000000000000e+00
0.000000000000000000e+00
0.000000000000000000e+00
2.174837761811489134e+00
0.000000000000000000e+00
5.187763575247849701e+00
0.000000000000000000e+00
5.336393723219834406e+00
0.000000000000000000e+00
5.548263576177571821e+00
0.000000000000000000e+00
4.401174290384036736e-01
0.000000000000000000e+00
1.514494731198343302e+01
8.288365496463169890e+00
9.857054606383242046e+00
0.000000000000000000e+00
0.000000000000000000e+00
0.000000000000000000e+00
4.746143756317859896e+00
2.555496357030668975e+01
1.232671069059856528e+01
1.144538909373620861e+01
3.149160952793673474e+00
1.417734437142505399e+01
2.519153327391432939e-01
6.268960596703625932e+00
0.000000000000000000e+00
