1.654800000000000182e+01 2.916300000000000026e+01
0.000000000000000000e+00 0.000000000000000000e+00
0.000000000000000000e+00 0.000000000000000000e+00
0.000000000000000000e+00 0.000000000000000000e+00
0.000000000000000000e+00 0.000000000000000000e+00
0.000000000000000000e+00 0.000000000000000000e+00
1.677640000000000242e+01 3.883999999999999897e+00
0.000000000000000000e+00 0.000000000000000000e+00
1.890799999999999770e+01 2.871299999999999741e+01
0.000000000000000000e+00 0.000000000000000000e+00
0.000000000000000000e+00 0.000000000000000000e+00
1.895439999999999969e+01 2.009699999999999775e+01
1.045599999999999197e+00 3.798859999999999815e+01
1.811990000000000123e+01 2.986230000000000118e+01
1.954809999999999803e+01 1.047419999999999973e+01
0.000000000000000000e+00 0.000000000000000000e+00
0.000000000000000000e+00 0.000000000000000000e+00
0.000000000000000000e+00 0.000000000000000000e+00
4.590449999999999875e+01 6.690000000000001501e-01
0.000000000000000000e+00 0.000000000000000000e+00
0.000000000000000000e+00 0.000000000000000000e+00
0.000000000000000000e+00 0.000000000000000000e+00
0.000000000000000000e+00 0.000000000000000000e+00
0.000000000000000000e+00 0.000000000000000000e+00
3.570539999999999736e+01 8.977500000000000924e+00
0.000000000000000000e+00 0.000000000000000000e+00
0.000000000000000000e+00 0.000000000000000000e+00
0.000000000000000000e+00 0.000000000000000000e+00
0.000000000000000000e+00 0.000000000000000000e+00
0.000000000000000000e+00 0.000000000000000000e+00
5.976499999999999702e+00 9.972999999999999643e-01
0.000000000000000000e+00 0.000000000000000000e+00
0.000000000000000000e+00 0.000000000000000000e+00
0.000000000000000000e+00 0.000000000000000000e+00
0.000000000000000000e+00 0.000000000000000000e+00
2.004199999999999537e+00 4.196640000000000015e+01
0.000000000000000000e+00 0.000000000000000000e+00
0.000000000000000000e+00 0.000000000000000000e+00
0.000000000000000000e+00 0.000000000000000000e+00
3.259190000000000254e+01 4.061400000000000787e+00
0.000000000000000000e+00 0.000000000000000000e+00
4.411260000000000048e+01 3.464999999999999858e+00
1.035000000000000142e+01 3.470600000000000307e+01
1.954809999999999803e+01 1.047419999999999973e+01
0.000000000000000000e+00 0.000000000000000000e+00
0.000000000000000000e+00 0.000000000000000000e+00
0.000000000000000000e+00 0.000000000000000000e+00
3.063269999999999982e+01 7.232499999999999929e+00
0.000000000000000000e+00 0.000000000000000000e+00
0.000000000000000000e+00 0.000000000000000000e+00
4.990639999999999787e+01 2.087999999999996525e-01
0.000000000000000000e+00 0.000000000000000000e+00
0.000000000000000000e+00 0.000000000000000000e+00
0.000000000000000000e+00 0.000000000000000000e+00
2.932329999999999970e+01 1.202749999999999986e+01
0.000000000000000000e+00 0.000000000000000000e+00
0.000000000000000000e+00 0.000000000000000000e+00
3.950799999999999557e+01 3.460999999999999410e+00
1.698919999999999675e+01 2.714880000000000138e+01
0.000000000000000000e+00 0.000000000000000000e+00
4.081520000000000437e+01 1.826999999999999957e+00
1.115319999999999823e+01 1.385999999999999943e+01
0.000000000000000000e+00 0.000000000000000000e+00
0.000000000000000000e+00 0.000000000000000000e+00
0.000000000000000000e+00 0.000000000000000000e+00
1.393579999999999863e+01 1.965200000000000058e+00
0.000000000000000000e+00 0.000000000000000000e+00
4.747619999999999862e+01 1.587599999999999012e+00
0.000000000000000000e+00 0.000000000000000000e+00
3.587519999999999953e+01 1.863599999999999923e+00
0.000000000000000000e+00 0.000000000000000000e+00
3.930780000000000030e+01 7.402500000000000746e+00
0.000000000000000000e+00 0.000000000000000000e+00
3.487080000000000268e+01 2.009999999999999787e+00
0.000000000000000000e+00 0.000000000000000000e+00
8.683499999999998664e+00 2.881729999999999947e+01
7.863699999999999690e+00 2.287809999999999988e+01
0.000000000000000000e+00 0.000000000000000000e+00
0.000000000000000000e+00 0.000000000000000000e+00
3.816120000000000800e+01 4.689600000000000435e+00
0.000000000000000000e+00 0.000000000000000000e+00
0.000000000000000000e+00 0.000000000000000000e+00
1.444249999999999901e+01 1.078989999999999938e+01
4.682399999999999807e+01 8.624000000000000554e-01
0.000000000000000000e+00 0.000000000000000000e+00
0.000000000000000000e+00 0.000000000000000000e+00
0.000000000000000000e+00 0.000000000000000000e+00
0.000000000000000000e+00 0.000000000000000000e+00
0.000000000000000000e+00 0.000000000000000000e+00
0.000000000000000000e+00 0.000000000000000000e+00
3.986739999999999640e+01 7.700400000000000134e+00
2.263899999999999935e+01 1.908269999999999911e+01
9.498699999999999477e+00 2.085510000000000019e+01
1.600000000000000000e+01 0.000000000000000000e+00
2.125999999999998114e+00 3.597119999999999607e+01
0.000000000000000000e+00 0.000000000000000000e+00
4.255199999999999960e+01 4.845999999999999197e+00
0.000000000000000000e+00 0.000000000000000000e+00
0.000000000000000000e+00 0.000000000000000000e+00
0.000000000000000000e+00 0.000000000000000000e+00
6.000000000000000000e+00 0.000000000000000000e+00
0.000000000000000000e+00 0.000000000000000000e+00
3.786690000000000111e+01 9.220700000000000784e+00
2.488450000000000273e+01 2.570699999999999985e+00
3.976500000000000146e+00 9.982999999999999652e-01
4.799680000000000035e+01 7.579999999999997851e-02
2.497050000000000125e+01 9.395099999999999341e+00
3.974519999999999698e+01 2.371599999999999930e+00
1.850240000000000151e+01 1.537920000000000087e+01
3.672349999999999426e+01 1.187729999999999819e+01
1.811990000000000123e+01 2.986230000000000118e+01
1.987490000000000023e+01 2.846699999999999786e+00
3.900000000000000000e+01 0.000000000000000000e+00
0.000000000000000000e+00 0.000000000000000000e+00
0.000000000000000000e+00 0.000000000000000000e+00
0.000000000000000000e+00 0.000000000000000000e+00
4.495320000000000249e+01 4.964999999999999414e-01
0.000000000000000000e+00 0.000000000000000000e+00
0.000000000000000000e+00 0.000000000000000000e+00
3.912400000000000233e+01 8.601600000000001245e+00
0.000000000000000000e+00 0.000000000000000000e+00
1.593199999999999861e+01 1.950000000000000000e+01
0.000000000000000000e+00 0.000000000000000000e+00
6.015999999999998238e+00 3.989199999999999591e+01
0.000000000000000000e+00 0.000000000000000000e+00
4.644580000000000553e+01 2.038300000000000001e+00
1.205319999999999858e+01 3.752499999999999858e+01
0.000000000000000000e+00 0.000000000000000000e+00
0.000000000000000000e+00 0.000000000000000000e+00
1.416559999999999953e+01 1.767419999999999902e+01
0.000000000000000000e+00 0.000000000000000000e+00
4.100000000000000000e+01 0.000000000000000000e+00
0.000000000000000000e+00 0.000000000000000000e+00
3.301760000000000161e+01 7.903000000000000469e+00
0.000000000000000000e+00 0.000000000000000000e+00
0.000000000000000000e+00 0.000000000000000000e+00
4.799949999999999761e+01 2.198199999999999488e+00
4.991969999999999885e+01 1.902999999999998026e-01
0.000000000000000000e+00 0.000000000000000000e+00
5.935799999999999521e+00 1.994599999999999929e+00
0.000000000000000000e+00 0.000000000000000000e+00
0.000000000000000000e+00 0.000000000000000000e+00
3.500000000000000000e+01 0.000000000000000000e+00
3.695600000000000307e+01 8.640000000000001013e-01
0.000000000000000000e+00 0.000000000000000000e+00
0.000000000000000000e+00 0.000000000000000000e+00
2.456060000000000088e+01 1.557359999999999900e+01
3.594559999999999889e+01 7.411199999999999122e+00
0.000000000000000000e+00 0.000000000000000000e+00
0.000000000000000000e+00 0.000000000000000000e+00
1.535039999999999871e+01 2.638169999999999860e+01
4.548400000000000176e+01 2.193000000000000060e+00
0.000000000000000000e+00 0.000000000000000000e+00
0.000000000000000000e+00 0.000000000000000000e+00
9.170999999999999375e+00 1.489949999999999974e+01
0.000000000000000000e+00 0.000000000000000000e+00
2.594079999999999941e+01 1.649599999999999955e+00
4.649280000000000257e+01 1.894399999999999196e+00
1.342929999999999957e+01 1.082290000000000063e+01
4.882070000000000221e+01 5.257999999999994900e-01
6.579100000000001280e+00 2.890719999999999956e+01
0.000000000000000000e+00 0.000000000000000000e+00
0.000000000000000000e+00 0.000000000000000000e+00
5.015999999999998238e+00 3.991199999999999903e+01
4.299190000000000111e+01 2.264000000000000457e-01
5.045599999999998531e+00 3.791640000000000299e+01
4.200000000000000000e+01 0.000000000000000000e+00
0.000000000000000000e+00 0.000000000000000000e+00
1.346909999999999918e+01 8.855100000000000193e+00
2.124190000000000111e+01 6.526100000000000456e+00
0.000000000000000000e+00 0.000000000000000000e+00
1.447719999999999985e+01 8.828099999999999170e+00
0.000000000000000000e+00 0.000000000000000000e+00
3.905600000000000449e+01 6.492600000000000371e+00
1.045599999999999197e+00 3.798859999999999815e+01
0.000000000000000000e+00 0.000000000000000000e+00
1.525959999999999894e+01 1.368640000000000079e+01
1.463299999999999912e+01 4.902499999999999858e+00
1.246370000000000111e+01 8.872199999999999420e+00
0.000000000000000000e+00 0.000000000000000000e+00
4.955600000000000449e+01 6.383999999999989683e-01
1.400300000000000011e+01 9.823999999999999844e+00
9.015999999999998238e+00 3.974399999999999977e+01
1.744480000000000075e+01 1.547359999999999935e+01
3.759170000000000300e+01 8.631000000000000227e+00
0.000000000000000000e+00 0.000000000000000000e+00
0.000000000000000000e+00 0.000000000000000000e+00
1.014059999999999917e+01 1.388799999999999990e+01
0.000000000000000000e+00 0.000000000000000000e+00
4.808159999999999457e+01 2.046800000000001507e+00
3.480949999999999989e+01 2.524999999999999911e+00
1.008199999999999097e+00 4.098770000000000380e+01
0.000000000000000000e+00 0.000000000000000000e+00
1.433200000000000074e+01 2.944500000000000028e+01
0.000000000000000000e+00 0.000000000000000000e+00
0.000000000000000000e+00 0.000000000000000000e+00
0.000000000000000000e+00 0.000000000000000000e+00
3.865040000000000475e+01 3.003199999999999648e+00
1.421600000000000108e+01 3.534839999999999804e+01
4.985000000000000142e+01 2.774999999999994138e-01
0.000000000000000000e+00 0.000000000000000000e+00
0.000000000000000000e+00 0.000000000000000000e+00
3.480949999999999989e+01 2.524999999999999911e+00
1.400000000000000000e+01 0.000000000000000000e+00
2.414929999999999666e+01 1.840019999999999811e+01
0.000000000000000000e+00 0.000000000000000000e+00
4.168059999999999832e+01 4.890600000000000946e+00
2.559449999999999648e+01 1.251300000000000168e+01
0.000000000000000000e+00 0.000000000000000000e+00
5.869499999999999496e+00 2.991899999999999782e+00
0.000000000000000000e+00 0.000000000000000000e+00
0.000000000000000000e+00 0.000000000000000000e+00
0.000000000000000000e+00 0.000000000000000000e+00
0.000000000000000000e+00 0.000000000000000000e+00
3.944740000000000180e+01 9.048000000000000043e+00
0.000000000000000000e+00 0.000000000000000000e+00
0.000000000000000000e+00 0.000000000000000000e+00
0.000000000000000000e+00 0.000000000000000000e+00
0.000000000000000000e+00 0.000000000000000000e+00
8.417999999999999261e+00 2.783759999999999835e+01
3.340879999999999939e+01 7.151300000000000878e+00
3.498429999999999751e+01 4.977000000000000313e-01
0.000000000000000000e+00 0.000000000000000000e+00
0.000000000000000000e+00 0.000000000000000000e+00
4.968289999999999651e+01 4.788000000000008916e-01
0.000000000000000000e+00 0.000000000000000000e+00
0.000000000000000000e+00 0.000000000000000000e+00
1.890799999999999770e+01 2.871299999999999741e+01
0.000000000000000000e+00 0.000000000000000000e+00
2.266499999999999915e+01 2.271249999999999858e+01
2.779819999999999780e+01 1.063719999999999999e+01
0.000000000000000000e+00 0.000000000000000000e+00
0.000000000000000000e+00 0.000000000000000000e+00
0.000000000000000000e+00 0.000000000000000000e+00
0.000000000000000000e+00 0.000000000000000000e+00
4.015999999999998238e+00 3.993200000000000216e+01
1.156589999999999918e+01 2.076689999999999969e+01
4.256330000000000524e+01 2.661999999999999922e+00
0.000000000000000000e+00 0.000000000000000000e+00
0.000000000000000000e+00 0.000000000000000000e+00
1.300169999999999959e+01 2.265040000000000120e+01
4.868199999999999505e+01 7.995000000000002105e-01
0.000000000000000000e+00 0.000000000000000000e+00
0.000000000000000000e+00 0.000000000000000000e+00
4.882070000000000221e+01 5.257999999999994900e-01
0.000000000000000000e+00 0.000000000000000000e+00
0.000000000000000000e+00 0.000000000000000000e+00
1.193579999999999863e+01 1.975999999999999979e+00
0.000000000000000000e+00 0.000000000000000000e+00
4.935800000000000409e+00 1.995600000000000041e+00
2.002539999999999765e+01 2.556629999999999825e+01
0.000000000000000000e+00 0.000000000000000000e+00
0.000000000000000000e+00 0.000000000000000000e+00
1.191670000000000051e+01 1.877390000000000114e+01
0.000000000000000000e+00 0.000000000000000000e+00
1.586979999999999968e+01 2.925300000000000011e+00
4.354279999999999973e+01 2.524800000000000377e+00
1.377360000000000007e+01 3.933199999999999807e+00
0.000000000000000000e+00 0.000000000000000000e+00
9.190599999999999881e+00 2.185259999999999891e+01
0.000000000000000000e+00 0.000000000000000000e+00
0.000000000000000000e+00 0.000000000000000000e+00
1.205319999999999858e+01 3.752499999999999858e+01
2.303249999999999886e+01 2.436749999999999972e+01
0.000000000000000000e+00 0.000000000000000000e+00
0.000000000000000000e+00 0.000000000000000000e+00
3.832460000000000377e+01 4.246000000000000441e+00
1.242999999999999972e+01 5.915399999999999991e+00
0.000000000000000000e+00 0.000000000000000000e+00
4.988239999999999696e+01 2.463999999999992863e-01
2.610199999999999676e+01 1.641799999999999926e+01
0.000000000000000000e+00 0.000000000000000000e+00
0.000000000000000000e+00 0.000000000000000000e+00
0.000000000000000000e+00 0.000000000000000000e+00
0.000000000000000000e+00 0.000000000000000000e+00
2.181600000000000250e+01 1.385549999999999926e+01
2.832949999999999946e+01 1.117649999999999899e+01
0.000000000000000000e+00 0.000000000000000000e+00
3.118639999999999901e+01 5.704199999999999271e+00
4.988239999999999696e+01 2.463999999999992863e-01
0.000000000000000000e+00 0.000000000000000000e+00
0.000000000000000000e+00 0.000000000000000000e+00
2.133650000000000091e+01 2.699610000000000198e+01
0.000000000000000000e+00 0.000000000000000000e+00
0.000000000000000000e+00 0.000000000000000000e+00
1.704999999999999716e+01 9.692000000000000171e+00
1.000000000000000000e+00 4.298709999999999809e+01
3.658880000000000621e+01 6.204800000000000537e+00
9.516799999999999926e+00 2.383439999999999870e+01
0.000000000000000000e+00 0.000000000000000000e+00
0.000000000000000000e+00 0.000000000000000000e+00
0.000000000000000000e+00 0.000000000000000000e+00
3.290939999999999799e+01 1.704300000000000148e+00
6.000000000000000000e+00 4.288389999999999702e+01
9.427599999999999980e+00 5.959200000000000053e+00
4.727620000000000289e+01 2.076800000000000868e+00
0.000000000000000000e+00 0.000000000000000000e+00
1.585039999999999871e+01 2.340240000000000009e+01
1.208140000000000036e+01 3.653750000000000142e+01
0.000000000000000000e+00 0.000000000000000000e+00
0.000000000000000000e+00 0.000000000000000000e+00
1.363520000000000110e+01 2.065559999999999974e+01
0.000000000000000000e+00 0.000000000000000000e+00
7.381600000000000605e+00 2.788240000000000052e+01
7.628999999999999559e+00 4.976499999999999702e+00
0.000000000000000000e+00 0.000000000000000000e+00
1.500000000000000000e+01 0.000000000000000000e+00
0.000000000000000000e+00 0.000000000000000000e+00
1.197660000000000124e+01 9.878000000000000114e-01
0.000000000000000000e+00 0.000000000000000000e+00
0.000000000000000000e+00 0.000000000000000000e+00
0.000000000000000000e+00 0.000000000000000000e+00
1.548709999999999809e+01 8.791199999999999903e+00
7.129600000000001714e+00 3.586319999999999908e+01
0.000000000000000000e+00 0.000000000000000000e+00
0.000000000000000000e+00 0.000000000000000000e+00
5.125999999999997669e+00 3.592079999999999984e+01
3.396710000000000207e+01 5.850900000000000212e+00
1.277199999999999847e+01 1.970800000000000196e+01
0.000000000000000000e+00 0.000000000000000000e+00
0.000000000000000000e+00 0.000000000000000000e+00
7.008199999999998653e+00 4.084830000000000183e+01
0.000000000000000000e+00 0.000000000000000000e+00
1.843380000000000152e+01 1.731060000000000088e+01
0.000000000000000000e+00 0.000000000000000000e+00
2.452299999999999969e+01 5.196600000000000108e+00
0.000000000000000000e+00 0.000000000000000000e+00
1.571710000000000207e+01 2.048969999999999914e+01
0.000000000000000000e+00 0.000000000000000000e+00
0.000000000000000000e+00 0.000000000000000000e+00
4.230139999999999390e+01 3.506999999999999229e+00
0.000000000000000000e+00 0.000000000000000000e+00
0.000000000000000000e+00 0.000000000000000000e+00
4.372189999999999799e+01 1.845899999999999430e+00
0.000000000000000000e+00 0.000000000000000000e+00
0.000000000000000000e+00 0.000000000000000000e+00
0.000000000000000000e+00 0.000000000000000000e+00
4.130579999999999785e+01 3.716700000000000337e+00
0.000000000000000000e+00 0.000000000000000000e+00
5.642600000000000726e+00 3.391839999999999833e+01
4.294080000000000297e+01 5.486400000000000610e+00
0.000000000000000000e+00 0.000000000000000000e+00
0.000000000000000000e+00 0.000000000000000000e+00
1.300169999999999959e+01 2.265040000000000120e+01
9.872999999999999332e+00 1.885940000000000083e+01
9.126599999999999824e+00 1.390759999999999863e+01
0.000000000000000000e+00 0.000000000000000000e+00
1.431039999999999957e+01 1.570400000000000063e+01
1.800000000000000000e+01 0.000000000000000000e+00
4.759799999999999898e+01 1.273499999999999632e+00
2.097709999999999653e+01 9.362000000000000322e-01
4.166519999999999868e+01 2.450699999999999878e+00
0.000000000000000000e+00 0.000000000000000000e+00
1.687069999999999936e+01 2.910599999999999632e+00
2.468900000000000006e+01 4.309499999999999886e+00
0.000000000000000000e+00 0.000000000000000000e+00
0.000000000000000000e+00 0.000000000000000000e+00
0.000000000000000000e+00 0.000000000000000000e+00
0.000000000000000000e+00 0.000000000000000000e+00
1.895439999999999969e+01 2.009699999999999775e+01
0.000000000000000000e+00 0.000000000000000000e+00
3.865040000000000475e+01 3.003199999999999648e+00
4.464909999999999712e+01 1.916200000000000347e+00
3.687879999999999825e+01 1.737600000000000033e+00
1.242999999999999972e+01 5.915399999999999991e+00
1.142940000000000111e+01 5.935200000000000031e+00
0.000000000000000000e+00 0.000000000000000000e+00
4.856080000000000041e+01 1.045800000000000729e+00
0.000000000000000000e+00 0.000000000000000000e+00
3.174819999999999709e+01 6.746299999999999741e+00
3.076799999999999713e+01 3.263000000000000345e+00
2.297729999999999961e+01 9.036999999999999478e-01
9.008199999999998653e+00 4.073760000000000048e+01
1.719919999999999760e+01 6.781600000000000072e+00
0.000000000000000000e+00 0.000000000000000000e+00
0.000000000000000000e+00 0.000000000000000000e+00
0.000000000000000000e+00 0.000000000000000000e+00
0.000000000000000000e+00 0.000000000000000000e+00
1.850960000000000250e+01 1.057319999999999993e+01
0.000000000000000000e+00 0.000000000000000000e+00
0.000000000000000000e+00 0.000000000000000000e+00
1.500000000000000000e+01 0.000000000000000000e+00
6.204799999999998761e+00 3.190399999999999991e+01
1.959679999999999822e+01 1.522400000000000020e+01
1.959679999999999822e+01 1.522400000000000020e+01
0.000000000000000000e+00 0.000000000000000000e+00
0.000000000000000000e+00 0.000000000000000000e+00
2.067000000000000171e+01 2.444519999999999982e+01
2.453829999999999956e+01 1.471520000000000117e+01
0.000000000000000000e+00 0.000000000000000000e+00
4.103099999999999881e+01 4.447499999999999787e+00
1.096799999999999997e+01 9.906000000000000583e+00
1.483020000000000138e+01 2.548259999999999792e+01
1.073859999999999992e+01 2.873610000000000042e+01
1.152720000000000056e+01 2.769480000000000075e+01
4.096379999999999910e+01 5.971999999999999531e-01
0.000000000000000000e+00 0.000000000000000000e+00
3.278999999999999915e+01 2.862499999999999822e+00
4.800000000000000000e+01 0.000000000000000000e+00
0.000000000000000000e+00 0.000000000000000000e+00
4.939520000000000266e+01 8.428000000000004377e-01
3.174599999999999866e+01 8.586199999999999832e+00
2.889829999999999899e+01 2.169599999999999973e+00
0.000000000000000000e+00 0.000000000000000000e+00
0.000000000000000000e+00 0.000000000000000000e+00
4.206199999999999761e+01 6.713199999999999612e+00
0.000000000000000000e+00 0.000000000000000000e+00
0.000000000000000000e+00 0.000000000000000000e+00
4.397420000000000329e+01 3.939999999999999059e-01
1.041060000000000052e+01 1.090650000000000119e+01
0.000000000000000000e+00 0.000000000000000000e+00
2.610199999999999676e+01 1.641799999999999926e+01
0.000000000000000000e+00 0.000000000000000000e+00
0.000000000000000000e+00 0.000000000000000000e+00
0.000000000000000000e+00 0.000000000000000000e+00
6.004199999999999093e+00 4.188660000000000139e+01
1.937269999999999825e+01 1.812409999999999854e+01
1.600000000000000000e+01 0.000000000000000000e+00
3.700000000000000000e+01 0.000000000000000000e+00
4.598140000000000072e+01 2.652000000000001023e-01
2.340000000000175273e-02 3.900000000000000000e+01
1.817539999999999978e+01 1.252160000000000117e+01
1.122240000000000038e+01 1.583520000000000039e+01
9.754799999999999471e+00 3.375180000000000291e+01
0.000000000000000000e+00 0.000000000000000000e+00
7.855199999999999960e+00 7.957600000000000229e+00
0.000000000000000000e+00 0.000000000000000000e+00
4.031799999999999606e+00 3.094729999999999848e+01
0.000000000000000000e+00 0.000000000000000000e+00
0.000000000000000000e+00 0.000000000000000000e+00
0.000000000000000000e+00 0.000000000000000000e+00
0.000000000000000000e+00 0.000000000000000000e+00
3.644639999999999702e+01 1.073040000000000127e+01
1.793599999999999994e+01 1.929200000000000026e+00
2.751040000000000063e+01 1.850880000000000081e+01
0.000000000000000000e+00 0.000000000000000000e+00
0.000000000000000000e+00 0.000000000000000000e+00
3.051699999999999946e+01 4.636099999999999888e+00
0.000000000000000000e+00 0.000000000000000000e+00
0.000000000000000000e+00 0.000000000000000000e+00
0.000000000000000000e+00 0.000000000000000000e+00
0.000000000000000000e+00 0.000000000000000000e+00
4.696000000000000085e+01 2.703999999999999737e+00
0.000000000000000000e+00 0.000000000000000000e+00
0.000000000000000000e+00 0.000000000000000000e+00
2.393920000000000314e+01 1.763600000000000056e+00
0.000000000000000000e+00 0.000000000000000000e+00
0.000000000000000000e+00 0.000000000000000000e+00
7.236799999999998789e+00 3.187519999999999953e+01
0.000000000000000000e+00 0.000000000000000000e+00
0.000000000000000000e+00 0.000000000000000000e+00
5.869499999999999496e+00 2.991899999999999782e+00
3.905600000000000449e+01 6.492600000000000371e+00
0.000000000000000000e+00 0.000000000000000000e+00
4.293979999999999819e+01 4.114800000000000679e+00
0.000000000000000000e+00 0.000000000000000000e+00
7.628999999999999559e+00 4.976499999999999702e+00
0.000000000000000000e+00 0.000000000000000000e+00
0.000000000000000000e+00 0.000000000000000000e+00
2.836319999999999908e+01 8.185100000000000264e+00
0.000000000000000000e+00 0.000000000000000000e+00
0.000000000000000000e+00 0.000000000000000000e+00
0.000000000000000000e+00 0.000000000000000000e+00
3.029919999999999547e+01 1.072320000000000029e+01
0.000000000000000000e+00 0.000000000000000000e+00
0.000000000000000000e+00 0.000000000000000000e+00
0.000000000000000000e+00 0.000000000000000000e+00
0.000000000000000000e+00 0.000000000000000000e+00
0.000000000000000000e+00 0.000000000000000000e+00
1.120399999999999885e+01 1.484550000000000125e+01
2.165749999999999886e+01 4.628499999999999837e+00
0.000000000000000000e+00 0.000000000000000000e+00
1.000000000000000000e+00 4.598620000000000374e+01
5.000000000000000000e+00 4.390319999999999823e+01
0.000000000000000000e+00 0.000000000000000000e+00
4.891040000000000276e+01 3.551999999999999602e-01
4.908200000000000074e+01 1.308999999999999275e+00
0.000000000000000000e+00 0.000000000000000000e+00
4.206199999999999761e+01 6.713199999999999612e+00
0.000000000000000000e+00 0.000000000000000000e+00
4.039300000000000068e+01 6.993799999999999351e+00
9.023699999999998056e+00 2.682720000000000127e+01
1.300169999999999959e+01 2.265040000000000120e+01
0.000000000000000000e+00 0.000000000000000000e+00
0.000000000000000000e+00 0.000000000000000000e+00
0.000000000000000000e+00 0.000000000000000000e+00
3.987349999999999994e+01 5.019000000000000128e+00
0.000000000000000000e+00 0.000000000000000000e+00
1.463299999999999912e+01 4.902499999999999858e+00
3.290499999999999314e+00 3.494750000000000512e+01
3.168079999999999785e+01 3.697800000000000420e+00
1.887249999999999872e+01 2.872500000000000053e+00
4.338820000000000476e+01 3.008599999999999497e+00
0.000000000000000000e+00 0.000000000000000000e+00
0.000000000000000000e+00 0.000000000000000000e+00
3.330279999999999774e+01 9.984600000000000364e+00
0.000000000000000000e+00 0.000000000000000000e+00
0.000000000000000000e+00 0.000000000000000000e+00
1.458980000000000032e+01 3.039860000000000184e+01
5.392600000000000726e+00 3.292079999999999984e+01
1.091659999999999897e+01 2.278379999999999939e+01
4.367099999999999937e+01 2.063000000000000611e+00
5.047300000000001674e+00 3.093179999999999907e+01
0.000000000000000000e+00 0.000000000000000000e+00
0.000000000000000000e+00 0.000000000000000000e+00
2.690020000000000167e+01 7.139700000000000379e+00
0.000000000000000000e+00 0.000000000000000000e+00
0.000000000000000000e+00 0.000000000000000000e+00
3.816120000000000800e+01 4.689600000000000435e+00
0.000000000000000000e+00 0.000000000000000000e+00
0.000000000000000000e+00 0.000000000000000000e+00
4.497099999999999653e+01 3.450299999999999923e+00
0.000000000000000000e+00 0.000000000000000000e+00
7.381600000000000605e+00 2.788240000000000052e+01
6.008199999999998653e+00 4.088929999999999865e+01
0.000000000000000000e+00 0.000000000000000000e+00
2.015999999999998238e+00 3.996799999999999642e+01
1.433200000000000074e+01 2.944500000000000028e+01
1.424780000000000157e+01 2.650860000000000127e+01
0.000000000000000000e+00 0.000000000000000000e+00
1.693599999999999994e+01 1.939599999999999991e+00
0.000000000000000000e+00 0.000000000000000000e+00
1.134489999999999910e+01 3.066829999999999856e+01
0.000000000000000000e+00 0.000000000000000000e+00
2.963879999999999981e+01 4.177199999999999136e+00
0.000000000000000000e+00 0.000000000000000000e+00
0.000000000000000000e+00 0.000000000000000000e+00
0.000000000000000000e+00 0.000000000000000000e+00
0.000000000000000000e+00 0.000000000000000000e+00
4.771799999999999642e+01 9.959999999999995524e-01
0.000000000000000000e+00 0.000000000000000000e+00
1.004319999999999879e+01 1.786139999999999972e+01
3.748349999999999937e+01 6.223500000000000476e+00
0.000000000000000000e+00 0.000000000000000000e+00
8.004199999999999093e+00 4.177740000000000009e+01
0.000000000000000000e+00 0.000000000000000000e+00
3.770880000000000365e+01 2.842700000000000227e+00
0.000000000000000000e+00 0.000000000000000000e+00
0.000000000000000000e+00 0.000000000000000000e+00
0.000000000000000000e+00 0.000000000000000000e+00
2.555000000000000071e+01 5.014199999999999768e+00
0.000000000000000000e+00 0.000000000000000000e+00
0.000000000000000000e+00 0.000000000000000000e+00
4.290839999999999321e+01 9.184000000000001052e-01
0.000000000000000000e+00 0.000000000000000000e+00
3.000000000000000000e+00 4.294409999999999883e+01
6.290000000000128821e-02 3.700000000000000000e+01
3.362899999999999778e+00 3.295050000000000523e+01
1.191670000000000051e+01 1.877390000000000114e+01
0.000000000000000000e+00 0.000000000000000000e+00
0.000000000000000000e+00 0.000000000000000000e+00
1.278759999999999941e+01 1.182479999999999976e+01
3.285960000000000036e+01 2.280400000000000205e+00
3.287359999999999616e+01 6.265600000000000058e+00
2.300000000000000000e+01 0.000000000000000000e+00
2.694179999999999708e+01 1.583600000000000119e+00
0.000000000000000000e+00 0.000000000000000000e+00
4.000000000000000000e+00 4.292689999999999628e+01
1.935599999999999987e+00 1.998599999999999932e+00
1.945700000000000074e+01 1.334619999999999962e+01
4.988239999999999696e+01 2.463999999999992863e-01
4.143059999999999832e+01 5.339000000000000412e+00
4.218099999999999739e+01 3.812999999999999723e+00
1.205319999999999858e+01 3.752499999999999858e+01
0.000000000000000000e+00 0.000000000000000000e+00
2.476520000000000010e+01 7.744500000000000384e+00
6.023400000000001420e+00 3.889470000000000027e+01
0.000000000000000000e+00 0.000000000000000000e+00
2.966839999999999833e+01 1.878119999999999834e+01
4.631219999999999715e+01 2.340799999999999770e+00
1.577599999999999980e+01 3.901200000000000223e+00
0.000000000000000000e+00 0.000000000000000000e+00
2.310320000000000107e+01 2.162879999999999825e+01
5.000000000000000000e+00 4.390319999999999823e+01
0.000000000000000000e+00 0.000000000000000000e+00
0.000000000000000000e+00 0.000000000000000000e+00
0.000000000000000000e+00 0.000000000000000000e+00
3.570539999999999736e+01 8.977500000000000924e+00
0.000000000000000000e+00 0.000000000000000000e+00
3.300000000000000000e+01 0.000000000000000000e+00
1.196490000000000009e+01 2.271940000000000026e+01
0.000000000000000000e+00 0.000000000000000000e+00
0.000000000000000000e+00 0.000000000000000000e+00
0.000000000000000000e+00 0.000000000000000000e+00
4.379399999999998627e+00 3.293070000000000164e+01
3.285960000000000036e+01 2.280400000000000205e+00
0.000000000000000000e+00 0.000000000000000000e+00
2.772489999999999810e+01 1.297269999999999968e+01
0.000000000000000000e+00 0.000000000000000000e+00
0.000000000000000000e+00 0.000000000000000000e+00
0.000000000000000000e+00 0.000000000000000000e+00
2.963879999999999981e+01 4.177199999999999136e+00
1.872749999999999915e+01 2.396499999999999986e+01
3.909519999999999840e+01 4.673500000000000654e+00
6.345199999999998397e+00 2.791600000000000037e+01
1.300000000000000000e+01 0.000000000000000000e+00
4.241110000000000468e+01 3.212299999999999933e+00
0.000000000000000000e+00 0.000000000000000000e+00
0.000000000000000000e+00 0.000000000000000000e+00
0.000000000000000000e+00 0.000000000000000000e+00
0.000000000000000000e+00 0.000000000000000000e+00
0.000000000000000000e+00 0.000000000000000000e+00
4.771799999999999642e+01 9.959999999999995524e-01
1.004260000000000019e+01 2.679209999999999781e+01
3.726019999999999754e+01 7.993299999999999628e+00
4.688960000000000150e+01 6.353999999999999648e-01
4.391519999999999868e+01 7.947999999999999510e-01
0.000000000000000000e+00 0.000000000000000000e+00
4.935800000000000409e+00 1.995600000000000041e+00
3.980619999999999692e+01 2.019000000000000128e+00
4.981640000000000157e+01 3.314999999999993507e-01
2.535229999999999961e+01 1.939129999999999754e+01
7.174000000000000377e+00 6.972699999999999676e+00
0.000000000000000000e+00 0.000000000000000000e+00
4.066600000000001103e+00 3.693710000000000093e+01
0.000000000000000000e+00 0.000000000000000000e+00
1.343099999999998628e+00 3.298680000000000234e+01
0.000000000000000000e+00 0.000000000000000000e+00
0.000000000000000000e+00 0.000000000000000000e+00
1.203110000000000035e+01 1.284009999999999962e+01
4.943569999999999709e+01 7.721999999999988873e-01
0.000000000000000000e+00 0.000000000000000000e+00
1.513219999999999921e+01 3.326219999999999999e+01
0.000000000000000000e+00 0.000000000000000000e+00
7.174000000000000377e+00 6.972699999999999676e+00
4.000000000000000000e+00 0.000000000000000000e+00
1.806599999999999895e+01 9.637000000000000455e+00
3.498429999999999751e+01 4.977000000000000313e-01
3.290939999999999799e+01 1.704300000000000148e+00
0.000000000000000000e+00 4.400000000000000000e+01
0.000000000000000000e+00 0.000000000000000000e+00
0.000000000000000000e+00 0.000000000000000000e+00
2.874099999999999966e+01 7.301999999999999602e+00
3.023400000000001420e+00 3.894539999999999935e+01
0.000000000000000000e+00 0.000000000000000000e+00
0.000000000000000000e+00 0.000000000000000000e+00
0.000000000000000000e+00 0.000000000000000000e+00
7.935799999999999521e+00 1.989400000000000057e+00
9.325499999999998124e+00 3.476549999999999585e+01
4.256330000000000524e+01 2.661999999999999922e+00
0.000000000000000000e+00 0.000000000000000000e+00
0.000000000000000000e+00 0.000000000000000000e+00
1.547439999999999927e+01 2.148959999999999937e+01
3.786690000000000111e+01 9.220700000000000784e+00
2.414929999999999666e+01 1.840019999999999811e+01
0.000000000000000000e+00 0.000000000000000000e+00
0.000000000000000000e+00 0.000000000000000000e+00
0.000000000000000000e+00 0.000000000000000000e+00
0.000000000000000000e+00 0.000000000000000000e+00
0.000000000000000000e+00 0.000000000000000000e+00
4.894659999999999656e+01 2.555999999999998273e-01
0.000000000000000000e+00 0.000000000000000000e+00
0.000000000000000000e+00 0.000000000000000000e+00
3.118639999999999901e+01 5.704199999999999271e+00
1.062999999999999901e+01 4.955999999999999517e+00
1.877999999999999758e+01 3.832800000000000207e+00
6.771199999999999442e+00 3.986800000000000122e+00
1.548709999999999809e+01 8.791199999999999903e+00
4.159700000000000131e+01 2.753999999999999559e+00
4.843090000000000117e+01 1.329300000000000370e+00
0.000000000000000000e+00 0.000000000000000000e+00
1.000000000000000000e+00 4.698590000000000089e+01
0.000000000000000000e+00 0.000000000000000000e+00
9.520800000000001262e+00 2.582059999999999889e+01
4.485840000000000316e+01 1.008000000000000229e+00
4.125999999999997669e+00 3.593520000000000181e+01
2.033399999999999608e+01 2.830199999999999960e+01
2.015999999999998238e+00 3.996799999999999642e+01
0.000000000000000000e+00 0.000000000000000000e+00
1.497670000000000101e+01 9.790999999999999703e-01
0.000000000000000000e+00 0.000000000000000000e+00
2.983699999999999974e+01 6.889000000000001123e+00
0.000000000000000000e+00 0.000000000000000000e+00
0.000000000000000000e+00 0.000000000000000000e+00
0.000000000000000000e+00 0.000000000000000000e+00
0.000000000000000000e+00 0.000000000000000000e+00
1.363250000000000028e+01 4.918000000000000149e+00
0.000000000000000000e+00 0.000000000000000000e+00
0.000000000000000000e+00 0.000000000000000000e+00
4.664859999999999474e+01 3.303100000000000147e+00
0.000000000000000000e+00 0.000000000000000000e+00
1.811990000000000123e+01 2.986230000000000118e+01
0.000000000000000000e+00 0.000000000000000000e+00
2.293900000000000006e+01 1.808999999999999941e+00
2.523680000000000234e+01 1.185660000000000025e+01
2.881279999999999575e+01 1.164160000000000039e+01
0.000000000000000000e+00 0.000000000000000000e+00
0.000000000000000000e+00 0.000000000000000000e+00
0.000000000000000000e+00 0.000000000000000000e+00
0.000000000000000000e+00 0.000000000000000000e+00
0.000000000000000000e+00 0.000000000000000000e+00
1.734919999999999973e+01 1.741860000000000142e+01
3.220759999999999934e+01 1.369189999999999863e+01
0.000000000000000000e+00 0.000000000000000000e+00
0.000000000000000000e+00 0.000000000000000000e+00
1.363520000000000110e+01 2.065559999999999974e+01
6.869500000000000384e+00 2.989500000000000046e+00
1.824350000000000094e+01 1.829509999999999792e+01
0.000000000000000000e+00 0.000000000000000000e+00
4.089600000000000080e+01 1.205200000000000049e+00
1.509140000000000015e+01 2.251239999999999952e+01
0.000000000000000000e+00 0.000000000000000000e+00
3.892620000000000147e+01 1.099500000000000144e+00
0.000000000000000000e+00 0.000000000000000000e+00
1.577599999999999980e+01 3.901200000000000223e+00
4.347539999999999338e+01 4.661799999999999500e+00
4.372189999999999799e+01 1.845899999999999430e+00
4.297059999999999746e+01 4.556000000000000050e-01
0.000000000000000000e+00 0.000000000000000000e+00
0.000000000000000000e+00 0.000000000000000000e+00
3.423039999999999594e+01 7.319199999999998596e+00
0.000000000000000000e+00 0.000000000000000000e+00
2.615299999999999869e+01 1.556670000000000087e+01
0.000000000000000000e+00 0.000000000000000000e+00
0.000000000000000000e+00 0.000000000000000000e+00
8.281600000000000961e+00 3.182079999999999842e+01
4.397590000000000288e+01 3.742999999999998995e+00
2.881279999999999575e+01 1.164160000000000039e+01
0.000000000000000000e+00 0.000000000000000000e+00
0.000000000000000000e+00 0.000000000000000000e+00
3.506170000000000186e+01 5.455999999999999517e+00
1.191800000000000104e+01 3.359199999999999875e+01
0.000000000000000000e+00 0.000000000000000000e+00
0.000000000000000000e+00 0.000000000000000000e+00
1.319650000000000034e+01 2.657880000000000109e+01
0.000000000000000000e+00 0.000000000000000000e+00
1.959679999999999822e+01 1.522400000000000020e+01
2.932329999999999970e+01 1.202749999999999986e+01
0.000000000000000000e+00 0.000000000000000000e+00
1.299100000000000144e+01 9.849000000000000199e+00
0.000000000000000000e+00 0.000000000000000000e+00
4.747619999999999862e+01 1.587599999999999012e+00
1.007769999999999833e+01 3.671139999999999759e+01
0.000000000000000000e+00 0.000000000000000000e+00
0.000000000000000000e+00 0.000000000000000000e+00
0.000000000000000000e+00 0.000000000000000000e+00
0.000000000000000000e+00 0.000000000000000000e+00
1.205319999999999858e+01 3.752499999999999858e+01
4.398499999999999943e+01 5.121999999999998998e+00
0.000000000000000000e+00 0.000000000000000000e+00
4.468669999999999476e+01 3.979000000000000981e+00
3.066600000000001103e+00 3.694819999999999993e+01
0.000000000000000000e+00 0.000000000000000000e+00
0.000000000000000000e+00 0.000000000000000000e+00
0.000000000000000000e+00 0.000000000000000000e+00
0.000000000000000000e+00 0.000000000000000000e+00
2.165749999999999886e+01 4.628499999999999837e+00
2.023400000000001864e+00 3.896880000000000166e+01
2.990129999999999910e+01 2.058300000000000018e+00
2.975400000000000134e+01 3.461500000000000021e+00
2.110139999999999816e+01 2.056119999999999948e+01
0.000000000000000000e+00 0.000000000000000000e+00
3.872629999999999484e+01 2.613099999999999756e+00
1.003120000000000012e+01 3.869969999999999999e+01
1.619430000000000192e+01 6.819399999999999906e+00
0.000000000000000000e+00 0.000000000000000000e+00
0.000000000000000000e+00 0.000000000000000000e+00
2.935599999999999987e+00 1.997400000000000064e+00
0.000000000000000000e+00 0.000000000000000000e+00
0.000000000000000000e+00 0.000000000000000000e+00
7.683400000000000674e+00 3.383679999999999666e+01
2.087699999999999889e+01 2.812199999999999811e+00
0.000000000000000000e+00 0.000000000000000000e+00
4.398499999999999943e+01 5.121999999999998998e+00
0.000000000000000000e+00 0.000000000000000000e+00
0.000000000000000000e+00 0.000000000000000000e+00
0.000000000000000000e+00 0.000000000000000000e+00
7.129600000000001714e+00 3.586319999999999908e+01
0.000000000000000000e+00 0.000000000000000000e+00
0.000000000000000000e+00 0.000000000000000000e+00
0.000000000000000000e+00 0.000000000000000000e+00
1.960329999999999728e+01 1.617379999999999995e+01
0.000000000000000000e+00 0.000000000000000000e+00
0.000000000000000000e+00 0.000000000000000000e+00
0.000000000000000000e+00 0.000000000000000000e+00
0.000000000000000000e+00 0.000000000000000000e+00
0.000000000000000000e+00 0.000000000000000000e+00
0.000000000000000000e+00 0.000000000000000000e+00
0.000000000000000000e+00 0.000000000000000000e+00
0.000000000000000000e+00 0.000000000000000000e+00
2.772489999999999810e+01 1.297269999999999968e+01
3.672100000000000364e+01 9.677799999999999514e+00
2.817369999999999663e+01 1.574370000000000047e+01
0.000000000000000000e+00 0.000000000000000000e+00
3.362899999999999778e+00 3.295050000000000523e+01
0.000000000000000000e+00 0.000000000000000000e+00
1.607569999999999766e+01 3.216179999999999950e+01
0.000000000000000000e+00 0.000000000000000000e+00
0.000000000000000000e+00 0.000000000000000000e+00
4.388250000000000028e+01 9.975000000000000533e-01
1.000000000000000000e+00 4.598620000000000374e+01
1.763850000000000051e+01 4.830999999999999517e+00
2.788800000000000168e+01 9.087600000000000122e+00
0.000000000000000000e+00 0.000000000000000000e+00
5.927000000000000490e+00 2.991900000000000048e+01
0.000000000000000000e+00 0.000000000000000000e+00
0.000000000000000000e+00 0.000000000000000000e+00
8.281600000000000961e+00 3.182079999999999842e+01
5.000000000000000000e+00 4.490100000000000335e+01
0.000000000000000000e+00 0.000000000000000000e+00
5.935799999999999521e+00 1.994599999999999929e+00
7.109299999999998398e+00 3.088219999999999743e+01
0.000000000000000000e+00 0.000000000000000000e+00
2.052660000000000196e+01 1.788850000000000051e+01
3.125999999999998114e+00 3.594960000000000377e+01
0.000000000000000000e+00 0.000000000000000000e+00
0.000000000000000000e+00 0.000000000000000000e+00
4.738600000000000279e+01 1.815999999999999837e+00
0.000000000000000000e+00 0.000000000000000000e+00
6.579100000000001280e+00 2.890719999999999956e+01
3.259190000000000254e+01 4.061400000000000787e+00
0.000000000000000000e+00 0.000000000000000000e+00
6.468800000000000772e+00 2.591939999999999955e+01
1.844920000000000115e+01 5.770199999999999996e+00
0.000000000000000000e+00 0.000000000000000000e+00
0.000000000000000000e+00 0.000000000000000000e+00
1.964349999999999952e+01 4.755500000000000504e+00
0.000000000000000000e+00 0.000000000000000000e+00
6.000000000000000000e+00 0.000000000000000000e+00
4.800000000000000000e+01 0.000000000000000000e+00
0.000000000000000000e+00 0.000000000000000000e+00
3.153600000000000847e+00 3.195520000000000138e+01
0.000000000000000000e+00 0.000000000000000000e+00
2.788800000000000168e+01 9.087600000000000122e+00
0.000000000000000000e+00 0.000000000000000000e+00
0.000000000000000000e+00 0.000000000000000000e+00
0.000000000000000000e+00 0.000000000000000000e+00
0.000000000000000000e+00 0.000000000000000000e+00
0.000000000000000000e+00 0.000000000000000000e+00
2.973150000000000048e+01 9.016799999999999926e+00
1.890799999999999770e+01 2.871299999999999741e+01
3.500000000000000000e+01 0.000000000000000000e+00
0.000000000000000000e+00 0.000000000000000000e+00
1.993679999999999808e+01 7.586400000000000254e+00
1.015999999999998238e+00 3.998799999999999955e+01
4.263500000000000512e+01 2.399000000000000021e+00
0.000000000000000000e+00 0.000000000000000000e+00
0.000000000000000000e+00 0.000000000000000000e+00
0.000000000000000000e+00 0.000000000000000000e+00
3.090399999999999991e+01 1.940700000000000092e+00
4.871719999999999828e+01 7.363999999999997215e-01
0.000000000000000000e+00 0.000000000000000000e+00
4.935800000000000409e+00 1.995600000000000041e+00
0.000000000000000000e+00 0.000000000000000000e+00
0.000000000000000000e+00 0.000000000000000000e+00
9.045599999999998531e+00 3.775679999999999836e+01
3.419599999999999795e+01 5.240000000000000213e+00
4.400000000000000000e+01 0.000000000000000000e+00
0.000000000000000000e+00 0.000000000000000000e+00
0.000000000000000000e+00 0.000000000000000000e+00
1.223700000000000010e+01 1.480349999999999966e+01
5.935799999999999521e+00 1.994599999999999929e+00
0.000000000000000000e+00 0.000000000000000000e+00
4.819919999999999760e+01 1.825200000000001044e+00
3.023400000000001420e+00 3.894539999999999935e+01
1.000000000000000000e+01 0.000000000000000000e+00
0.000000000000000000e+00 0.000000000000000000e+00
4.230139999999999390e+01 3.506999999999999229e+00
2.803130000000000166e+01 1.733740000000000236e+01
1.115319999999999823e+01 1.385999999999999943e+01
1.545239999999999903e+01 1.074479999999999968e+01
0.000000000000000000e+00 0.000000000000000000e+00
1.208140000000000036e+01 3.653750000000000142e+01
3.473780000000000001e+01 3.044400000000000439e+00
1.089960000000000129e+01 1.882140000000000057e+01
1.647189999999999799e+01 2.626020000000000110e+01
4.269669999999999987e+01 2.139300000000000423e+00
0.000000000000000000e+00 0.000000000000000000e+00
3.153600000000000847e+00 3.195520000000000138e+01
0.000000000000000000e+00 0.000000000000000000e+00
3.748349999999999937e+01 6.223500000000000476e+00
0.000000000000000000e+00 0.000000000000000000e+00
1.062900000000001288e+00 3.698519999999999897e+01
1.097659999999999947e+01 9.905000000000000471e-01
0.000000000000000000e+00 0.000000000000000000e+00
3.051699999999999946e+01 4.636099999999999888e+00
0.000000000000000000e+00 0.000000000000000000e+00
4.999739999999999895e+01 3.079999999999993854e-02
0.000000000000000000e+00 0.000000000000000000e+00
0.000000000000000000e+00 0.000000000000000000e+00
0.000000000000000000e+00 0.000000000000000000e+00
0.000000000000000000e+00 0.000000000000000000e+00
0.000000000000000000e+00 0.000000000000000000e+00
0.000000000000000000e+00 0.000000000000000000e+00
0.000000000000000000e+00 0.000000000000000000e+00
0.000000000000000000e+00 0.000000000000000000e+00
0.000000000000000000e+00 0.000000000000000000e+00
0.000000000000000000e+00 0.000000000000000000e+00
2.124190000000000111e+01 6.526100000000000456e+00
3.824800000000000466e+01 7.763999999999999346e+00
0.000000000000000000e+00 0.000000000000000000e+00
0.000000000000000000e+00 0.000000000000000000e+00
0.000000000000000000e+00 0.000000000000000000e+00
0.000000000000000000e+00 0.000000000000000000e+00
0.000000000000000000e+00 0.000000000000000000e+00
4.004379999999999740e+01 4.611600000000000144e+00
1.693599999999999994e+01 1.939599999999999991e+00
0.000000000000000000e+00 0.000000000000000000e+00
3.076799999999999713e+01 3.263000000000000345e+00
0.000000000000000000e+00 0.000000000000000000e+00
0.000000000000000000e+00 0.000000000000000000e+00
0.000000000000000000e+00 0.000000000000000000e+00
0.000000000000000000e+00 0.000000000000000000e+00
0.000000000000000000e+00 0.000000000000000000e+00
3.740200000000000102e+01 4.165999999999999481e+00
4.253999999999999204e+01 6.070000000000000284e+00
4.562199999999999989e+01 3.681599999999998651e+00
0.000000000000000000e+00 0.000000000000000000e+00
0.000000000000000000e+00 0.000000000000000000e+00
2.433479999999999777e+01 1.045560000000000045e+01
4.517350000000000421e+01 2.990599999999999703e+00
1.532110000000000127e+01 1.661410000000000053e+01
0.000000000000000000e+00 0.000000000000000000e+00
3.391239999999999810e+01 1.602600000000000025e+00
1.297370000000000090e+01 1.871310000000000073e+01
3.976500000000000146e+00 9.982999999999999652e-01
7.683400000000000674e+00 3.383679999999999666e+01
1.107770000000000010e+01 3.664110000000000156e+01
1.102069999999999972e+01 1.287519999999999953e+01
0.000000000000000000e+00 0.000000000000000000e+00
3.798709999999999809e+01 3.970000000000000195e-01
0.000000000000000000e+00 0.000000000000000000e+00
0.000000000000000000e+00 0.000000000000000000e+00
1.628179999999999694e+01 3.309900000000000375e+01
0.000000000000000000e+00 0.000000000000000000e+00
0.000000000000000000e+00 0.000000000000000000e+00
0.000000000000000000e+00 0.000000000000000000e+00
0.000000000000000000e+00 0.000000000000000000e+00
1.404379999999999917e+01 3.339479999999999649e+01
0.000000000000000000e+00 0.000000000000000000e+00
1.346909999999999918e+01 8.855100000000000193e+00
2.772489999999999810e+01 1.297269999999999968e+01
0.000000000000000000e+00 0.000000000000000000e+00
0.000000000000000000e+00 0.000000000000000000e+00
0.000000000000000000e+00 0.000000000000000000e+00
1.387679999999999936e+01 7.863199999999999967e+00
4.548400000000000176e+01 2.193000000000000060e+00
2.488450000000000273e+01 2.570699999999999985e+00
3.891079999999999472e+01 5.142199999999998994e+00
4.590449999999999875e+01 6.690000000000001501e-01
0.000000000000000000e+00 0.000000000000000000e+00
4.875430000000000064e+01 6.643000000000004457e-01
8.426399999999999224e+00 5.965199999999999392e+00
0.000000000000000000e+00 0.000000000000000000e+00
4.430400000000000205e+01 2.971199999999999619e+00
3.000000000000000000e+00 4.494150000000000489e+01
4.096379999999999910e+01 5.971999999999999531e-01
0.000000000000000000e+00 0.000000000000000000e+00
0.000000000000000000e+00 0.000000000000000000e+00
0.000000000000000000e+00 0.000000000000000000e+00
2.414929999999999666e+01 1.840019999999999811e+01
0.000000000000000000e+00 0.000000000000000000e+00
4.979840000000000089e+01 3.564000000000007162e-01
1.864049999999999940e+01 4.799500000000000099e+00
4.130579999999999785e+01 3.716700000000000337e+00
0.000000000000000000e+00 0.000000000000000000e+00
0.000000000000000000e+00 0.000000000000000000e+00
4.081520000000000437e+01 1.826999999999999957e+00
0.000000000000000000e+00 0.000000000000000000e+00
0.000000000000000000e+00 0.000000000000000000e+00
3.118639999999999901e+01 5.704199999999999271e+00
8.008199999999998653e+00 4.078269999999999840e+01
0.000000000000000000e+00 0.000000000000000000e+00
0.000000000000000000e+00 0.000000000000000000e+00
2.697889999999999944e+01 7.905999999999999694e-01
2.794280000000000186e+01 1.512000000000000011e+00
4.799949999999999761e+01 2.198199999999999488e+00
0.000000000000000000e+00 0.000000000000000000e+00
0.000000000000000000e+00 0.000000000000000000e+00
0.000000000000000000e+00 0.000000000000000000e+00
0.000000000000000000e+00 0.000000000000000000e+00
4.999929999999999808e+01 1.519999999999999130e-02
0.000000000000000000e+00 0.000000000000000000e+00
0.000000000000000000e+00 0.000000000000000000e+00
0.000000000000000000e+00 0.000000000000000000e+00
1.327149999999999963e+01 1.476299999999999990e+01
0.000000000000000000e+00 0.000000000000000000e+00
1.156589999999999918e+01 2.076689999999999969e+01
0.000000000000000000e+00 0.000000000000000000e+00
3.233549999999999613e+01 1.121190000000000175e+01
0.000000000000000000e+00 0.000000000000000000e+00
3.788360000000000127e+01 1.601199999999999957e+00
0.000000000000000000e+00 0.000000000000000000e+00
1.487999999999999901e+01 7.839999999999999858e+00
0.000000000000000000e+00 0.000000000000000000e+00
4.993100000000000449e+01 1.690000000000002611e-01
4.166519999999999868e+01 2.450699999999999878e+00
4.347609999999999530e+01 2.754699999999999704e+00
0.000000000000000000e+00 0.000000000000000000e+00
0.000000000000000000e+00 0.000000000000000000e+00
0.000000000000000000e+00 0.000000000000000000e+00
2.441599999999999682e+01 1.739199999999999946e+01
5.000000000000000000e+00 4.390319999999999823e+01
4.679029999999999490e+01 9.800999999999999712e-01
4.599530000000000030e+01 1.323999999999999622e-01
3.043799999999999883e+01 9.321199999999999264e+00
4.843090000000000117e+01 1.329300000000000370e+00
2.100000000000000000e+01 0.000000000000000000e+00
3.856530000000000058e+01 3.397499999999999520e+00
0.000000000000000000e+00 0.000000000000000000e+00
