0.000000000000000000e+00
0.000000000000000000e+00
0.000000000000000000e+00
0.000000000000000000e+00
3.064906869780967269e-01
3.423399628193268995e+01
0.000000000000000000e+00
0.000000000000000000e+00
0.000000000000000000e+00
-1.342121091077289829e+00
3.323399628193263311e+01
1.022781377494648813e+00
0.000000000000000000e+00
2.046608824260066228e+01
0.000000000000000000e+00
0.000000000000000000e+00
0.000000000000000000e+00
0.000000000000000000e+00
2.427548410586000571e+01
9.508475527277646222e+00
2.278137749464825834e-02
2.022781377494648147e+00
0.000000000000000000e+00
0.000000000000000000e+00
0.000000000000000000e+00
0.000000000000000000e+00
2.232112213898277187e+00
0.000000000000000000e+00
0.000000000000000000e+00
1.050847552727765510e+01
0.000000000000000000e+00
6.363001841805745684e+00
0.000000000000000000e+00
2.755703245172149707e+01
0.000000000000000000e+00
1.446608824260062853e+01
1.119422237974335133e+01
0.000000000000000000e+00
2.127548410585994887e+01
0.000000000000000000e+00
0.000000000000000000e+00
0.000000000000000000e+00
0.000000000000000000e+00
2.232693074673173683e+00
0.000000000000000000e+00
0.000000000000000000e+00
3.123399628193260824e+01
4.508475527277640005e+00
1.127485599371087588e+01
1.827548410585995242e+01
0.000000000000000000e+00
2.873046050713160771e+00
1.527958046656979363e+01
0.000000000000000000e+00
1.723094126215784883e+01
3.523399628193263311e+01
3.323399628193263311e+01
0.000000000000000000e+00
3.323399628193263311e+01
0.000000000000000000e+00
0.000000000000000000e+00
0.000000000000000000e+00
0.000000000000000000e+00
0.000000000000000000e+00
0.000000000000000000e+00
0.000000000000000000e+00
2.227548410585997019e+01
0.000000000000000000e+00
0.000000000000000000e+00
3.323399628193263311e+01
0.000000000000000000e+00
-9.221829538781443958e+00
1.373123216030407079e+01
0.000000000000000000e+00
0.000000000000000000e+00
0.000000000000000000e+00
0.000000000000000000e+00
3.323399628193263311e+01
3.523399628193263311e+01
0.000000000000000000e+00
5.103265772545115375e+00
0.000000000000000000e+00
2.146608824260065163e+01
0.000000000000000000e+00
2.508488981425905706e+00
2.623209196066809668e+01
0.000000000000000000e+00
-6.238438039854848904e-01
-1.136895128088776685e+00
2.823399628193270061e+01
0.000000000000000000e+00
0.000000000000000000e+00
1.546608824260068005e+01
0.000000000000000000e+00
0.000000000000000000e+00
0.000000000000000000e+00
0.000000000000000000e+00
2.146608824260065163e+01
0.000000000000000000e+00
0.000000000000000000e+00
0.000000000000000000e+00
0.000000000000000000e+00
0.000000000000000000e+00
0.000000000000000000e+00
2.022781377494648147e+00
0.000000000000000000e+00
0.000000000000000000e+00
0.000000000000000000e+00
0.000000000000000000e+00
0.000000000000000000e+00
2.046608824260066228e+01
4.376713949810797644e+00
0.000000000000000000e+00
0.000000000000000000e+00
0.000000000000000000e+00
-5.380303842127301728e+00
0.000000000000000000e+00
1.155566969126761379e+01
0.000000000000000000e+00
6.156008681732071608e+00
2.723399628193261535e+01
0.000000000000000000e+00
0.000000000000000000e+00
0.000000000000000000e+00
0.000000000000000000e+00
0.000000000000000000e+00
0.000000000000000000e+00
0.000000000000000000e+00
2.028483785932833783e+01
0.000000000000000000e+00
0.000000000000000000e+00
0.000000000000000000e+00
0.000000000000000000e+00
0.000000000000000000e+00
0.000000000000000000e+00
0.000000000000000000e+00
0.000000000000000000e+00
5.464449639902787759e+00
1.678971751570769300e+01
1.346610169674887203e+01
0.000000000000000000e+00
0.000000000000000000e+00
0.000000000000000000e+00
1.727447924534498469e+01
1.621496546982070441e+01
2.723232740948365560e+01
2.356517002423084506e+01
0.000000000000000000e+00
0.000000000000000000e+00
3.223399628193259758e+01
2.718257633624243397e+01
0.000000000000000000e+00
0.000000000000000000e+00
0.000000000000000000e+00
0.000000000000000000e+00
8.508475527277655104e+00
0.000000000000000000e+00
0.000000000000000000e+00
2.923399628193265087e+01
0.000000000000000000e+00
0.000000000000000000e+00
0.000000000000000000e+00
7.667404994439598553e+00
1.946608824260069781e+01
0.000000000000000000e+00
0.000000000000000000e+00
0.000000000000000000e+00
0.000000000000000000e+00
0.000000000000000000e+00
0.000000000000000000e+00
0.000000000000000000e+00
0.000000000000000000e+00
0.000000000000000000e+00
2.127471469416054717e+01
0.000000000000000000e+00
0.000000000000000000e+00
0.000000000000000000e+00
-1.393243801745628785e+00
0.000000000000000000e+00
0.000000000000000000e+00
0.000000000000000000e+00
0.000000000000000000e+00
0.000000000000000000e+00
-3.081955726513302407e-01
3.023209196066792970e+01
4.191779753125477015e+00
0.000000000000000000e+00
1.143482904515309873e+00
2.923399628193265087e+01
0.000000000000000000e+00
2.278137749464825834e-02
2.046608824260066228e+01
0.000000000000000000e+00
-9.791606750741816967e+00
2.203296049079808583e+00
0.000000000000000000e+00
0.000000000000000000e+00
0.000000000000000000e+00
0.000000000000000000e+00
0.000000000000000000e+00
8.508475527277655104e+00
0.000000000000000000e+00
5.277735353813452157e+00
0.000000000000000000e+00
0.000000000000000000e+00
0.000000000000000000e+00
2.323457535634793913e+01
0.000000000000000000e+00
0.000000000000000000e+00
2.823399628193270061e+01
3.523399628193263311e+01
0.000000000000000000e+00
1.546608824260068005e+01
0.000000000000000000e+00
2.046608824260066228e+01
0.000000000000000000e+00
3.604339214519198009e+01
0.000000000000000000e+00
3.423399628193268995e+01
0.000000000000000000e+00
0.000000000000000000e+00
0.000000000000000000e+00
0.000000000000000000e+00
2.823399628193270061e+01
2.146608824260065163e+01
2.427471469416060401e+01
1.050847552727765510e+01
0.000000000000000000e+00
0.000000000000000000e+00
0.000000000000000000e+00
0.000000000000000000e+00
0.000000000000000000e+00
3.223399628193259758e+01
1.756144698870679122e+01
0.000000000000000000e+00
0.000000000000000000e+00
0.000000000000000000e+00
0.000000000000000000e+00
0.000000000000000000e+00
0.000000000000000000e+00
0.000000000000000000e+00
1.150847552727766399e+01
0.000000000000000000e+00
0.000000000000000000e+00
0.000000000000000000e+00
0.000000000000000000e+00
0.000000000000000000e+00
3.123399628193260824e+01
0.000000000000000000e+00
1.013465773974466577e+00
1.246620169674890555e+01
0.000000000000000000e+00
2.146608824260065163e+01
0.000000000000000000e+00
0.000000000000000000e+00
1.218877757416371210e+01
0.000000000000000000e+00
0.000000000000000000e+00
0.000000000000000000e+00
0.000000000000000000e+00
1.050847552727765510e+01
0.000000000000000000e+00
0.000000000000000000e+00
0.000000000000000000e+00
0.000000000000000000e+00
0.000000000000000000e+00
1.012476142404326751e+01
0.000000000000000000e+00
3.223399628193259758e+01
2.555745253007245310e+01
1.046666731701600206e+01
0.000000000000000000e+00
0.000000000000000000e+00
3.323399628193263311e+01
2.923399628193265087e+01
1.150847552727766399e+01
1.446608824260062853e+01
0.000000000000000000e+00
0.000000000000000000e+00
0.000000000000000000e+00
0.000000000000000000e+00
0.000000000000000000e+00
0.000000000000000000e+00
0.000000000000000000e+00
0.000000000000000000e+00
3.523399628193263311e+01
1.827471469416055072e+01
1.523172309998988005e+01
0.000000000000000000e+00
0.000000000000000000e+00
0.000000000000000000e+00
0.000000000000000000e+00
3.423399628193268995e+01
1.150847552727766399e+01
0.000000000000000000e+00
1.646608824260066939e+01
1.346610169674887203e+01
0.000000000000000000e+00
1.746608824260067649e+01
0.000000000000000000e+00
1.499650467920117158e+01
4.252095332735804090e-01
0.000000000000000000e+00
3.123232740948348152e+01
0.000000000000000000e+00
0.000000000000000000e+00
5.393624397646493485e+00
0.000000000000000000e+00
0.000000000000000000e+00
3.423399628193268995e+01
2.246608824260066939e+01
5.232693074673166578e+00
0.000000000000000000e+00
0.000000000000000000e+00
0.000000000000000000e+00
0.000000000000000000e+00
-4.924051468303163315e-01
2.146608824260065163e+01
4.508475527277640005e+00
4.508475527277640005e+00
0.000000000000000000e+00
0.000000000000000000e+00
0.000000000000000000e+00
3.223399628193259758e+01
0.000000000000000000e+00
0.000000000000000000e+00
-1.221679868739186992e+00
0.000000000000000000e+00
0.000000000000000000e+00
0.000000000000000000e+00
0.000000000000000000e+00
2.246608824260066939e+01
0.000000000000000000e+00
0.000000000000000000e+00
4.508475527277640005e+00
0.000000000000000000e+00
0.000000000000000000e+00
2.223238246061836421e+01
0.000000000000000000e+00
0.000000000000000000e+00
9.508475527277646222e+00
2.323457535634793913e+01
0.000000000000000000e+00
0.000000000000000000e+00
0.000000000000000000e+00
0.000000000000000000e+00
1.027875213735979365e+01
0.000000000000000000e+00
-1.636049117071152637e+01
0.000000000000000000e+00
3.523399628193263311e+01
0.000000000000000000e+00
0.000000000000000000e+00
0.000000000000000000e+00
3.211111614344563381e-01
3.323399628193263311e+01
9.151983016875041343e+00
0.000000000000000000e+00
3.523399628193263311e+01
0.000000000000000000e+00
7.873509436967544017e-01
1.827471469416055072e+01
1.050847552727765510e+01
0.000000000000000000e+00
0.000000000000000000e+00
5.508475527277631123e+00
0.000000000000000000e+00
3.623209196066784443e+01
1.179020244900643632e+01
2.555706341616400579e+01
3.323399628193263311e+01
0.000000000000000000e+00
-2.434148342613749738e-01
-9.772186225053505204e-01
0.000000000000000000e+00
1.478902054437747893e+01
-1.977218622505346080e+00
0.000000000000000000e+00
0.000000000000000000e+00
2.227471469416056848e+01
5.261328215455000290e+00
1.227510500934043591e+01
2.146608824260065163e+01
0.000000000000000000e+00
2.804605502570347042e+01
2.823232740948361297e+01
0.000000000000000000e+00
3.623209196066784443e+01
2.246608824260066939e+01
0.000000000000000000e+00
-1.684956637321477269e+00
3.623209196066784443e+01
4.835135525939675105e+00
0.000000000000000000e+00
3.223399628193259758e+01
3.423399628193268995e+01
0.000000000000000000e+00
0.000000000000000000e+00
0.000000000000000000e+00
0.000000000000000000e+00
0.000000000000000000e+00
0.000000000000000000e+00
3.523399628193263311e+01
1.646608824260066939e+01
0.000000000000000000e+00
0.000000000000000000e+00
8.508475527277655104e+00
0.000000000000000000e+00
2.246608824260066939e+01
0.000000000000000000e+00
0.000000000000000000e+00
3.523399628193263311e+01
0.000000000000000000e+00
0.000000000000000000e+00
0.000000000000000000e+00
0.000000000000000000e+00
1.279245283658844023e+01
0.000000000000000000e+00
7.508475527277656880e+00
0.000000000000000000e+00
0.000000000000000000e+00
0.000000000000000000e+00
0.000000000000000000e+00
0.000000000000000000e+00
0.000000000000000000e+00
2.046608824260066228e+01
0.000000000000000000e+00
5.087546016929624937e-01
1.050847552727765510e+01
0.000000000000000000e+00
0.000000000000000000e+00
1.746608824260067649e+01
6.463444779387821804e+00
0.000000000000000000e+00
2.146608824260065163e+01
0.000000000000000000e+00
1.046666731701600206e+01
0.000000000000000000e+00
1.364348279939227249e+00
0.000000000000000000e+00
1.730918503328144453e+01
0.000000000000000000e+00
0.000000000000000000e+00
2.323457535634793913e+01
0.000000000000000000e+00
7.789789956076968558e+00
0.000000000000000000e+00
-4.909453983070371508e-01
4.464449639902774436e+00
3.423399628193268995e+01
4.252095332735804090e-01
0.000000000000000000e+00
0.000000000000000000e+00
0.000000000000000000e+00
0.000000000000000000e+00
2.427447924534503443e+01
0.000000000000000000e+00
0.000000000000000000e+00
0.000000000000000000e+00
0.000000000000000000e+00
2.223493050256425718e+01
0.000000000000000000e+00
0.000000000000000000e+00
0.000000000000000000e+00
3.023399628193264377e+01
0.000000000000000000e+00
2.523410973608084973e+01
0.000000000000000000e+00
0.000000000000000000e+00
0.000000000000000000e+00
0.000000000000000000e+00
-2.105766729173821072e-01
-1.951199575677607934e+00
0.000000000000000000e+00
0.000000000000000000e+00
0.000000000000000000e+00
2.655803339084735981e+01
3.123399628193260824e+01
1.063100874384222649e+01
1.327471469416049743e+01
0.000000000000000000e+00
0.000000000000000000e+00
2.022781377494648147e+00
2.146608824260065163e+01
0.000000000000000000e+00
3.272049176237459989e+01
0.000000000000000000e+00
0.000000000000000000e+00
0.000000000000000000e+00
9.792452836588427800e+00
8.789020544377544653e+00
2.555706341616400579e+01
1.715462752313699113e+01
0.000000000000000000e+00
3.523399628193263311e+01
0.000000000000000000e+00
2.427447924534503443e+01
0.000000000000000000e+00
2.623400973608084641e+01
0.000000000000000000e+00
9.194222379743383300e+00
0.000000000000000000e+00
0.000000000000000000e+00
0.000000000000000000e+00
2.523410973608084973e+01
0.000000000000000000e+00
3.223232740948346020e+01
-7.540993810249497109e+00
6.768523861863688040e+00
2.146608824260065163e+01
0.000000000000000000e+00
-2.977218622505334533e+00
0.000000000000000000e+00
0.000000000000000000e+00
2.146608824260065163e+01
0.000000000000000000e+00
2.246608824260066939e+01
0.000000000000000000e+00
0.000000000000000000e+00
0.000000000000000000e+00
3.323399628193263311e+01
0.000000000000000000e+00
3.323399628193263311e+01
1.150847552727766399e+01
0.000000000000000000e+00
7.129783261042732967e+00
2.527471469416058625e+01
1.946608824260069781e+01
1.050847552727765510e+01
0.000000000000000000e+00
3.423399628193268995e+01
0.000000000000000000e+00
1.246620169674890555e+01
0.000000000000000000e+00
2.046608824260066228e+01
0.000000000000000000e+00
0.000000000000000000e+00
0.000000000000000000e+00
1.046666731701600206e+01
2.127447924534497758e+01
0.000000000000000000e+00
1.132037771936663262e+01
3.223399628193259758e+01
5.508475527277631123e+00
0.000000000000000000e+00
0.000000000000000000e+00
2.022781377494648147e+00
0.000000000000000000e+00
9.467022463232323659e+00
0.000000000000000000e+00
0.000000000000000000e+00
0.000000000000000000e+00
1.746608824260067649e+01
0.000000000000000000e+00
3.523399628193263311e+01
1.303602694097128634e+01
4.791748444380678151e+00
0.000000000000000000e+00
1.150847552727766399e+01
5.601052352932868850e+00
-5.530724648510523700e+00
0.000000000000000000e+00
2.527471469416058625e+01
0.000000000000000000e+00
0.000000000000000000e+00
-1.407407061301014339e+00
3.023232740948349218e+01
3.123399628193260824e+01
1.946608824260069781e+01
6.905460006533570727e+00
0.000000000000000000e+00
0.000000000000000000e+00
2.246608824260066939e+01
5.166886769081688868e+00
-5.366504387565808054e-01
5.508475527277631123e+00
0.000000000000000000e+00
2.246608824260066939e+01
0.000000000000000000e+00
3.504339214519198009e+01
2.623400973608084641e+01
0.000000000000000000e+00
0.000000000000000000e+00
1.424176674400966647e+01
0.000000000000000000e+00
0.000000000000000000e+00
0.000000000000000000e+00
3.123399628193260824e+01
0.000000000000000000e+00
1.946608824260069781e+01
0.000000000000000000e+00
0.000000000000000000e+00
-2.977218622505334533e+00
0.000000000000000000e+00
0.000000000000000000e+00
0.000000000000000000e+00
-3.023244819482397983e+00
2.321016213670434780e+01
4.789020544377582844e+00
1.846608824260069071e+01
5.508475527277631123e+00
0.000000000000000000e+00
0.000000000000000000e+00
-9.890775932211012034e+00
0.000000000000000000e+00
0.000000000000000000e+00
0.000000000000000000e+00
-7.374500389634513375e+00
0.000000000000000000e+00
0.000000000000000000e+00
0.000000000000000000e+00
0.000000000000000000e+00
0.000000000000000000e+00
0.000000000000000000e+00
2.923399628193265087e+01
1.527471469416052585e+01
0.000000000000000000e+00
0.000000000000000000e+00
2.655803339084735981e+01
1.150847552727766399e+01
0.000000000000000000e+00
0.000000000000000000e+00
1.578878509556195553e+01
0.000000000000000000e+00
0.000000000000000000e+00
0.000000000000000000e+00
0.000000000000000000e+00
0.000000000000000000e+00
1.246620169674890555e+01
0.000000000000000000e+00
1.150847552727766399e+01
0.000000000000000000e+00
1.546608824260068005e+01
0.000000000000000000e+00
2.823399628193270061e+01
2.023273019218870772e+01
0.000000000000000000e+00
0.000000000000000000e+00
3.423399628193268995e+01
0.000000000000000000e+00
3.223399628193259758e+01
0.000000000000000000e+00
8.788897292743447665e+00
3.423399628193268995e+01
0.000000000000000000e+00
0.000000000000000000e+00
0.000000000000000000e+00
-6.439331959307412756e-01
0.000000000000000000e+00
3.323399628193263311e+01
3.523399628193263311e+01
0.000000000000000000e+00
0.000000000000000000e+00
0.000000000000000000e+00
0.000000000000000000e+00
2.823399628193270061e+01
0.000000000000000000e+00
0.000000000000000000e+00
1.946608824260069781e+01
-8.238328789900663196e+00
0.000000000000000000e+00
0.000000000000000000e+00
2.156027953222877258e+01
1.150847552727766399e+01
0.000000000000000000e+00
2.853779351347558091e+01
0.000000000000000000e+00
2.127548410585994887e+01
3.831549128604833765e+00
0.000000000000000000e+00
0.000000000000000000e+00
0.000000000000000000e+00
0.000000000000000000e+00
3.523399628193263311e+01
1.050847552727765510e+01
2.255864356881468780e+01
0.000000000000000000e+00
6.508475527277626682e+00
0.000000000000000000e+00
0.000000000000000000e+00
0.000000000000000000e+00
2.046608824260066228e+01
1.050847552727765510e+01
0.000000000000000000e+00
0.000000000000000000e+00
3.423399628193268995e+01
6.372886506471085788e+00
1.417523255342343802e+01
0.000000000000000000e+00
0.000000000000000000e+00
-4.966939717357901074e+00
0.000000000000000000e+00
0.000000000000000000e+00
3.523399628193263311e+01
0.000000000000000000e+00
3.223232740948346020e+01
0.000000000000000000e+00
0.000000000000000000e+00
0.000000000000000000e+00
3.023399628193264377e+01
0.000000000000000000e+00
9.508475527277646222e+00
0.000000000000000000e+00
3.217845321118832924e+00
2.527471469416058625e+01
0.000000000000000000e+00
0.000000000000000000e+00
0.000000000000000000e+00
2.723399628193261535e+01
1.828996885129889804e+01
0.000000000000000000e+00
6.185005123572191010e+00
2.623232740948366626e+01
0.000000000000000000e+00
3.423399628193268995e+01
-1.538245816033488422e+00
2.027471469416053296e+01
2.508488981425905706e+00
1.427471469416049032e+01
0.000000000000000000e+00
1.478878509556191645e+01
0.000000000000000000e+00
3.223209196066789417e+01
0.000000000000000000e+00
0.000000000000000000e+00
-3.360421055892033326e+00
2.508488981425905706e+00
0.000000000000000000e+00
3.023399628193264377e+01
9.235859097341888813e+00
-1.977218622505346080e+00
0.000000000000000000e+00
0.000000000000000000e+00
1.516779603912611485e+01
0.000000000000000000e+00
0.000000000000000000e+00
6.320696698149095738e+00
0.000000000000000000e+00
0.000000000000000000e+00
0.000000000000000000e+00
2.227814698637146051e+01
0.000000000000000000e+00
3.523399628193263311e+01
0.000000000000000000e+00
0.000000000000000000e+00
2.823399628193270061e+01
0.000000000000000000e+00
0.000000000000000000e+00
0.000000000000000000e+00
3.023399628193264377e+01
0.000000000000000000e+00
0.000000000000000000e+00
1.025043166896415769e+01
0.000000000000000000e+00
1.278978995607694280e+01
2.755669313489395833e+01
0.000000000000000000e+00
0.000000000000000000e+00
0.000000000000000000e+00
0.000000000000000000e+00
0.000000000000000000e+00
0.000000000000000000e+00
0.000000000000000000e+00
0.000000000000000000e+00
0.000000000000000000e+00
0.000000000000000000e+00
2.623400973608084641e+01
0.000000000000000000e+00
0.000000000000000000e+00
1.378878509556193954e+01
0.000000000000000000e+00
0.000000000000000000e+00
8.919936250874744843e+00
0.000000000000000000e+00
0.000000000000000000e+00
0.000000000000000000e+00
1.578902054437752156e+01
1.846608824260069071e+01
0.000000000000000000e+00
0.000000000000000000e+00
0.000000000000000000e+00
0.000000000000000000e+00
-2.643881376055913890e+00
0.000000000000000000e+00
0.000000000000000000e+00
1.646608824260066939e+01
-1.079502914116910439e+01
0.000000000000000000e+00
0.000000000000000000e+00
0.000000000000000000e+00
0.000000000000000000e+00
0.000000000000000000e+00
0.000000000000000000e+00
0.000000000000000000e+00
0.000000000000000000e+00
0.000000000000000000e+00
1.355803339084736692e+01
0.000000000000000000e+00
3.123399628193260824e+01
0.000000000000000000e+00
1.946608824260069781e+01
0.000000000000000000e+00
0.000000000000000000e+00
3.123399628193260824e+01
0.000000000000000000e+00
0.000000000000000000e+00
0.000000000000000000e+00
1.746608824260067649e+01
0.000000000000000000e+00
1.515049483911297834e+01
0.000000000000000000e+00
0.000000000000000000e+00
3.551797359124343956e+01
0.000000000000000000e+00
0.000000000000000000e+00
0.000000000000000000e+00
0.000000000000000000e+00
-1.977218622505346080e+00
0.000000000000000000e+00
0.000000000000000000e+00
9.467022463232323659e+00
1.298808431317859302e+01
3.704262273349258550e+01
0.000000000000000000e+00
0.000000000000000000e+00
3.523399628193263311e+01
0.000000000000000000e+00
5.508475527277631123e+00
0.000000000000000000e+00
0.000000000000000000e+00
0.000000000000000000e+00
0.000000000000000000e+00
3.423399628193268995e+01
-1.529543638156979357e+00
1.022781377494648813e+00
0.000000000000000000e+00
-2.305458058700085022e+00
-2.197732475630870042e+00
1.546608824260068005e+01
0.000000000000000000e+00
1.355745253007247264e+01
3.223232740948346020e+01
2.278137749464825834e-02
0.000000000000000000e+00
0.000000000000000000e+00
2.527447924534501666e+01
0.000000000000000000e+00
0.000000000000000000e+00
9.508475527277646222e+00
1.050847552727765510e+01
1.378902054437750735e+01
0.000000000000000000e+00
0.000000000000000000e+00
2.508488981425905706e+00
1.217590338157515717e+01
2.723209196066808602e+01
0.000000000000000000e+00
3.923873253245848680e+00
0.000000000000000000e+00
0.000000000000000000e+00
0.000000000000000000e+00
7.788785095561998162e+00
-1.977218622505346080e+00
0.000000000000000000e+00
0.000000000000000000e+00
9.508475527277646222e+00
0.000000000000000000e+00
0.000000000000000000e+00
0.000000000000000000e+00
0.000000000000000000e+00
0.000000000000000000e+00
2.146608824260065163e+01
0.000000000000000000e+00
0.000000000000000000e+00
0.000000000000000000e+00
1.646608824260066939e+01
0.000000000000000000e+00
0.000000000000000000e+00
0.000000000000000000e+00
6.856119198932587366e+00
0.000000000000000000e+00
0.000000000000000000e+00
1.126198218888599456e+01
2.619430925116508391e+01
0.000000000000000000e+00
3.523399628193263311e+01
-9.772186225053505204e-01
6.476681656084317673e+00
1.546608824260068005e+01
0.000000000000000000e+00
2.803510461689677213e-01
0.000000000000000000e+00
0.000000000000000000e+00
3.023209196066792970e+01
0.000000000000000000e+00
3.623232740948343178e+01
0.000000000000000000e+00
-5.210838156072147065e+00
0.000000000000000000e+00
2.923399628193265087e+01
0.000000000000000000e+00
2.723399628193261535e+01
-1.456371902885993108e-01
3.523399628193263311e+01
8.508475527277655104e+00
0.000000000000000000e+00
0.000000000000000000e+00
3.318597986889587625e-01
-3.977218622505340306e+00
0.000000000000000000e+00
1.022781377494648813e+00
0.000000000000000000e+00
1.723172309998984630e+01
1.346610169674887203e+01
-9.772186225053505204e-01
3.123232740948348152e+01
0.000000000000000000e+00
0.000000000000000000e+00
3.942662793864303072e+00
0.000000000000000000e+00
1.846608824260069071e+01
3.523399628193263311e+01
3.123399628193260824e+01
6.463444779387821804e+00
0.000000000000000000e+00
0.000000000000000000e+00
0.000000000000000000e+00
0.000000000000000000e+00
0.000000000000000000e+00
1.146636731701597611e+01
4.193252405060028387e+00
0.000000000000000000e+00
2.022781377494648147e+00
3.440421987436274587e-01
1.046666731701600206e+01
0.000000000000000000e+00
0.000000000000000000e+00
0.000000000000000000e+00
2.224601911577765989e+01
-6.030608316902940302e+00
0.000000000000000000e+00
3.423399628193268995e+01
0.000000000000000000e+00
0.000000000000000000e+00
3.423399628193268995e+01
0.000000000000000000e+00
0.000000000000000000e+00
2.355911787009018266e+00
1.050847552727765510e+01
0.000000000000000000e+00
3.523399628193263311e+01
0.000000000000000000e+00
0.000000000000000000e+00
0.000000000000000000e+00
2.246608824260066939e+01
2.859841054852652054e+00
7.379151301373753746e+00
0.000000000000000000e+00
0.000000000000000000e+00
0.000000000000000000e+00
4.463680228203370959e+00
1.022781377494648813e+00
-3.977218622505340306e+00
2.127814698637143564e+01
0.000000000000000000e+00
0.000000000000000000e+00
0.000000000000000000e+00
0.000000000000000000e+00
0.000000000000000000e+00
0.000000000000000000e+00
0.000000000000000000e+00
2.423427535634794339e+01
0.000000000000000000e+00
0.000000000000000000e+00
3.491318392216859579e+00
0.000000000000000000e+00
3.523399628193263311e+01
0.000000000000000000e+00
0.000000000000000000e+00
-1.137386371454934597e+00
2.527471469416058625e+01
2.455669313489394057e+01
0.000000000000000000e+00
0.000000000000000000e+00
3.123399628193260824e+01
0.000000000000000000e+00
2.146608824260065163e+01
1.946608824260069781e+01
0.000000000000000000e+00
0.000000000000000000e+00
1.194182314258138966e+01
0.000000000000000000e+00
3.504339214519198009e+01
0.000000000000000000e+00
2.146608824260065163e+01
0.000000000000000000e+00
0.000000000000000000e+00
0.000000000000000000e+00
1.317616277789489843e+01
0.000000000000000000e+00
