0.000000000000000000e+00
0.000000000000000000e+00
0.000000000000000000e+00
0.000000000000000000e+00
3.720566546289296173e-01
3.423399628193268995e+01
0.000000000000000000e+00
0.000000000000000000e+00
0.000000000000000000e+00
0.000000000000000000e+00
3.323399628193263311e+01
0.000000000000000000e+00
0.000000000000000000e+00
2.046608824260066228e+01
0.000000000000000000e+00
0.000000000000000000e+00
0.000000000000000000e+00
0.000000000000000000e+00
2.427548410586000571e+01
9.508475527277646222e+00
2.278137749464825834e-02
2.022781377494648147e+00
0.000000000000000000e+00
0.000000000000000000e+00
1.050847552727765510e+01
0.000000000000000000e+00
2.232023099989820736e+00
0.000000000000000000e+00
0.000000000000000000e+00
1.179914370954534597e+01
0.000000000000000000e+00
6.394690815404048934e+00
0.000000000000000000e+00
2.755676341616400293e+01
0.000000000000000000e+00
1.446608824260062853e+01
1.119393255771070805e+01
0.000000000000000000e+00
2.127548410585994887e+01
0.000000000000000000e+00
0.000000000000000000e+00
0.000000000000000000e+00
0.000000000000000000e+00
2.232403252640532187e+00
0.000000000000000000e+00
0.000000000000000000e+00
3.123399628193260824e+01
4.508475527277640005e+00
1.127485599371087588e+01
1.827548410585995242e+01
0.000000000000000000e+00
2.891761526628618295e+00
1.727814698637144275e+01
0.000000000000000000e+00
1.723135281871980240e+01
3.523399628193263311e+01
3.323399628193263311e+01
0.000000000000000000e+00
3.323399628193263311e+01
0.000000000000000000e+00
0.000000000000000000e+00
0.000000000000000000e+00
0.000000000000000000e+00
0.000000000000000000e+00
0.000000000000000000e+00
0.000000000000000000e+00
2.227548410585997019e+01
0.000000000000000000e+00
0.000000000000000000e+00
3.323399628193263311e+01
0.000000000000000000e+00
0.000000000000000000e+00
1.415185051089282275e+01
0.000000000000000000e+00
0.000000000000000000e+00
0.000000000000000000e+00
0.000000000000000000e+00
3.323399628193263311e+01
3.523399628193263311e+01
0.000000000000000000e+00
5.669399374291400839e+00
0.000000000000000000e+00
2.146608824260065163e+01
0.000000000000000000e+00
2.812227809955321511e+00
2.423427372947251257e+01
0.000000000000000000e+00
0.000000000000000000e+00
1.378902054437750735e+01
2.823399628193270061e+01
0.000000000000000000e+00
0.000000000000000000e+00
1.546608824260068005e+01
0.000000000000000000e+00
0.000000000000000000e+00
0.000000000000000000e+00
0.000000000000000000e+00
2.146608824260065163e+01
0.000000000000000000e+00
0.000000000000000000e+00
0.000000000000000000e+00
0.000000000000000000e+00
0.000000000000000000e+00
0.000000000000000000e+00
2.022781377494648147e+00
0.000000000000000000e+00
0.000000000000000000e+00
0.000000000000000000e+00
0.000000000000000000e+00
0.000000000000000000e+00
1.955946306950655966e+01
0.000000000000000000e+00
0.000000000000000000e+00
0.000000000000000000e+00
0.000000000000000000e+00
0.000000000000000000e+00
0.000000000000000000e+00
1.161098517782166795e+01
0.000000000000000000e+00
3.840205094976003597e+00
2.705129147206612927e+01
0.000000000000000000e+00
0.000000000000000000e+00
0.000000000000000000e+00
0.000000000000000000e+00
0.000000000000000000e+00
0.000000000000000000e+00
0.000000000000000000e+00
2.028483785932833783e+01
0.000000000000000000e+00
0.000000000000000000e+00
0.000000000000000000e+00
0.000000000000000000e+00
0.000000000000000000e+00
0.000000000000000000e+00
0.000000000000000000e+00
0.000000000000000000e+00
0.000000000000000000e+00
1.678971751570769300e+01
8.620069944167292775e+00
0.000000000000000000e+00
0.000000000000000000e+00
0.000000000000000000e+00
1.727447924534498469e+01
1.406920306440638591e+01
2.623400973608084641e+01
2.355896799312996492e+01
0.000000000000000000e+00
0.000000000000000000e+00
3.223399628193259758e+01
2.719032120582260958e+01
0.000000000000000000e+00
0.000000000000000000e+00
0.000000000000000000e+00
0.000000000000000000e+00
8.508475527277655104e+00
0.000000000000000000e+00
0.000000000000000000e+00
2.923399628193265087e+01
0.000000000000000000e+00
0.000000000000000000e+00
0.000000000000000000e+00
8.732263901939344208e+00
1.946608824260069781e+01
0.000000000000000000e+00
0.000000000000000000e+00
0.000000000000000000e+00
0.000000000000000000e+00
0.000000000000000000e+00
0.000000000000000000e+00
0.000000000000000000e+00
0.000000000000000000e+00
0.000000000000000000e+00
2.127471469416054717e+01
0.000000000000000000e+00
0.000000000000000000e+00
0.000000000000000000e+00
0.000000000000000000e+00
0.000000000000000000e+00
0.000000000000000000e+00
0.000000000000000000e+00
0.000000000000000000e+00
0.000000000000000000e+00
-1.304292519010593066e-01
2.823399628193270061e+01
1.344528518490206492e+00
0.000000000000000000e+00
1.781508553751379509e+00
2.923399628193265087e+01
0.000000000000000000e+00
2.278137749464825834e-02
2.064959482363694931e+01
0.000000000000000000e+00
0.000000000000000000e+00
2.200756982026002451e+00
0.000000000000000000e+00
0.000000000000000000e+00
0.000000000000000000e+00
0.000000000000000000e+00
0.000000000000000000e+00
8.508475527277655104e+00
0.000000000000000000e+00
5.277719134775199272e+00
0.000000000000000000e+00
0.000000000000000000e+00
0.000000000000000000e+00
2.323457415114788915e+01
0.000000000000000000e+00
0.000000000000000000e+00
2.823399628193270061e+01
3.523399628193263311e+01
0.000000000000000000e+00
1.656044356881471913e+01
0.000000000000000000e+00
2.227548410585997019e+01
0.000000000000000000e+00
3.423399628193268995e+01
0.000000000000000000e+00
3.423399628193268995e+01
0.000000000000000000e+00
0.000000000000000000e+00
0.000000000000000000e+00
0.000000000000000000e+00
3.151445628413771161e+01
2.064859482363695165e+01
2.427471469416060401e+01
1.050847552727765510e+01
0.000000000000000000e+00
0.000000000000000000e+00
0.000000000000000000e+00
0.000000000000000000e+00
0.000000000000000000e+00
3.223399628193259758e+01
1.756164391613133802e+01
0.000000000000000000e+00
0.000000000000000000e+00
0.000000000000000000e+00
0.000000000000000000e+00
0.000000000000000000e+00
0.000000000000000000e+00
0.000000000000000000e+00
1.139513757972052410e+01
0.000000000000000000e+00
0.000000000000000000e+00
0.000000000000000000e+00
0.000000000000000000e+00
0.000000000000000000e+00
3.123399628193260824e+01
0.000000000000000000e+00
2.003156033492994315e+00
1.246620169674890555e+01
0.000000000000000000e+00
2.146608824260065163e+01
0.000000000000000000e+00
0.000000000000000000e+00
1.264130612615060301e+01
0.000000000000000000e+00
0.000000000000000000e+00
0.000000000000000000e+00
0.000000000000000000e+00
1.050847552727765510e+01
0.000000000000000000e+00
0.000000000000000000e+00
0.000000000000000000e+00
0.000000000000000000e+00
0.000000000000000000e+00
1.015305016423540785e+01
0.000000000000000000e+00
3.223399628193259758e+01
2.555736341616400509e+01
1.046665826770989582e+01
0.000000000000000000e+00
0.000000000000000000e+00
2.973178252904031993e+01
2.923399628193265087e+01
1.150847552727766399e+01
1.446608824260062853e+01
0.000000000000000000e+00
0.000000000000000000e+00
0.000000000000000000e+00
0.000000000000000000e+00
0.000000000000000000e+00
0.000000000000000000e+00
0.000000000000000000e+00
0.000000000000000000e+00
3.523399628193263311e+01
1.827471469416055072e+01
1.523172309998988005e+01
0.000000000000000000e+00
0.000000000000000000e+00
0.000000000000000000e+00
0.000000000000000000e+00
3.423399628193268995e+01
1.150847552727766399e+01
0.000000000000000000e+00
2.018896553404272609e+01
1.346610169674887203e+01
0.000000000000000000e+00
1.746608824260067649e+01
0.000000000000000000e+00
1.527737313096546323e+01
4.252095332735804090e-01
0.000000000000000000e+00
3.023399628193264377e+01
0.000000000000000000e+00
0.000000000000000000e+00
5.395140033947766867e+00
0.000000000000000000e+00
0.000000000000000000e+00
3.423399628193268995e+01
2.246608824260066939e+01
5.232403252640525082e+00
0.000000000000000000e+00
0.000000000000000000e+00
0.000000000000000000e+00
0.000000000000000000e+00
0.000000000000000000e+00
2.146608824260065163e+01
4.508475527277640005e+00
4.508475527277640005e+00
0.000000000000000000e+00
0.000000000000000000e+00
0.000000000000000000e+00
3.223399628193259758e+01
0.000000000000000000e+00
0.000000000000000000e+00
1.428952137148767232e+00
0.000000000000000000e+00
0.000000000000000000e+00
0.000000000000000000e+00
0.000000000000000000e+00
2.246608824260066939e+01
0.000000000000000000e+00
0.000000000000000000e+00
4.508475527277640005e+00
0.000000000000000000e+00
0.000000000000000000e+00
2.123540282681592117e+01
0.000000000000000000e+00
0.000000000000000000e+00
9.508475527277646222e+00
2.323457359480102724e+01
0.000000000000000000e+00
0.000000000000000000e+00
0.000000000000000000e+00
0.000000000000000000e+00
1.227548410585989735e+01
0.000000000000000000e+00
0.000000000000000000e+00
0.000000000000000000e+00
3.523399628193263311e+01
0.000000000000000000e+00
0.000000000000000000e+00
0.000000000000000000e+00
0.000000000000000000e+00
3.323399628193263311e+01
9.152650164235396346e+00
0.000000000000000000e+00
3.523399628193263311e+01
0.000000000000000000e+00
0.000000000000000000e+00
1.827471469416055072e+01
1.050847552727765510e+01
0.000000000000000000e+00
0.000000000000000000e+00
5.508475527277631123e+00
0.000000000000000000e+00
3.423399628193268995e+01
1.179041751570770735e+01
2.555706341616400579e+01
3.323399628193263311e+01
0.000000000000000000e+00
0.000000000000000000e+00
0.000000000000000000e+00
0.000000000000000000e+00
1.478902054437747893e+01
0.000000000000000000e+00
0.000000000000000000e+00
0.000000000000000000e+00
2.227471469416056848e+01
5.018186605701791869e+00
1.227697313096549969e+01
2.146608824260065163e+01
0.000000000000000000e+00
2.723399628193261535e+01
2.723399628193261535e+01
0.000000000000000000e+00
3.623209196066784443e+01
2.246608824260066939e+01
0.000000000000000000e+00
0.000000000000000000e+00
3.423399628193268995e+01
0.000000000000000000e+00
0.000000000000000000e+00
3.223399628193259758e+01
3.423399628193268995e+01
0.000000000000000000e+00
0.000000000000000000e+00
0.000000000000000000e+00
0.000000000000000000e+00
0.000000000000000000e+00
0.000000000000000000e+00
3.523399628193263311e+01
1.646608824260066939e+01
0.000000000000000000e+00
0.000000000000000000e+00
8.508475527277655104e+00
0.000000000000000000e+00
2.246608824260066939e+01
0.000000000000000000e+00
0.000000000000000000e+00
3.523399628193263311e+01
0.000000000000000000e+00
0.000000000000000000e+00
0.000000000000000000e+00
0.000000000000000000e+00
1.279245283658844023e+01
0.000000000000000000e+00
7.508475527277656880e+00
0.000000000000000000e+00
0.000000000000000000e+00
0.000000000000000000e+00
0.000000000000000000e+00
0.000000000000000000e+00
0.000000000000000000e+00
2.066417196033216186e+01
0.000000000000000000e+00
1.356700404967164264e+00
1.415175051089282121e+01
0.000000000000000000e+00
0.000000000000000000e+00
1.746608824260067649e+01
6.463444779387821804e+00
0.000000000000000000e+00
1.864055473982745781e+01
0.000000000000000000e+00
1.046666650169142443e+01
0.000000000000000000e+00
1.375379298050322996e+00
0.000000000000000000e+00
2.604339214519194812e+01
0.000000000000000000e+00
0.000000000000000000e+00
2.323455629557707880e+01
0.000000000000000000e+00
7.789789956076968558e+00
0.000000000000000000e+00
-4.909471598539389414e-01
4.464449639902774436e+00
3.423399628193268995e+01
4.252095332735804090e-01
0.000000000000000000e+00
0.000000000000000000e+00
0.000000000000000000e+00
0.000000000000000000e+00
2.427447924534503443e+01
0.000000000000000000e+00
0.000000000000000000e+00
0.000000000000000000e+00
0.000000000000000000e+00
2.223492806843754721e+01
0.000000000000000000e+00
0.000000000000000000e+00
0.000000000000000000e+00
3.023399628193264377e+01
0.000000000000000000e+00
2.523410973608084973e+01
0.000000000000000000e+00
0.000000000000000000e+00
0.000000000000000000e+00
0.000000000000000000e+00
0.000000000000000000e+00
0.000000000000000000e+00
0.000000000000000000e+00
0.000000000000000000e+00
0.000000000000000000e+00
2.655774356881472187e+01
3.123399628193260824e+01
1.068767300857366287e+01
1.327471469416049743e+01
0.000000000000000000e+00
0.000000000000000000e+00
0.000000000000000000e+00
2.146608824260065163e+01
0.000000000000000000e+00
3.223399628193259758e+01
0.000000000000000000e+00
0.000000000000000000e+00
0.000000000000000000e+00
9.792452836588427800e+00
8.789020544377544653e+00
2.555706341616400579e+01
1.715477087074897256e+01
0.000000000000000000e+00
3.523399628193263311e+01
0.000000000000000000e+00
2.427447924534503443e+01
0.000000000000000000e+00
2.623400973608084641e+01
0.000000000000000000e+00
9.193932557710740028e+00
0.000000000000000000e+00
0.000000000000000000e+00
0.000000000000000000e+00
2.523410973608084973e+01
0.000000000000000000e+00
3.123399628193260824e+01
0.000000000000000000e+00
6.866090266817019838e+00
2.146608824260065163e+01
0.000000000000000000e+00
-2.977218622505334533e+00
0.000000000000000000e+00
0.000000000000000000e+00
2.146608824260065163e+01
0.000000000000000000e+00
2.364110612615058926e+01
0.000000000000000000e+00
0.000000000000000000e+00
0.000000000000000000e+00
3.323399628193263311e+01
0.000000000000000000e+00
3.323399628193263311e+01
1.150847552727766399e+01
0.000000000000000000e+00
7.233223099989794846e+00
2.527471469416058625e+01
1.946608824260069781e+01
1.050847552727765510e+01
0.000000000000000000e+00
3.423399628193268995e+01
0.000000000000000000e+00
1.246620169674890555e+01
0.000000000000000000e+00
2.046608824260066228e+01
0.000000000000000000e+00
0.000000000000000000e+00
0.000000000000000000e+00
1.046666632275883302e+01
2.127447924534497758e+01
0.000000000000000000e+00
1.823912844869871108e+01
3.223399628193259758e+01
5.508475527277631123e+00
0.000000000000000000e+00
-3.977218622505340306e+00
0.000000000000000000e+00
0.000000000000000000e+00
9.467020430892295835e+00
0.000000000000000000e+00
0.000000000000000000e+00
0.000000000000000000e+00
1.746608824260067649e+01
0.000000000000000000e+00
3.523399628193263311e+01
1.300270508934005242e+01
6.789789956076994315e+00
0.000000000000000000e+00
1.150847552727766399e+01
5.770673421361546929e+00
0.000000000000000000e+00
0.000000000000000000e+00
2.527471469416058625e+01
0.000000000000000000e+00
0.000000000000000000e+00
0.000000000000000000e+00
2.923399628193265087e+01
3.123399628193260824e+01
1.946608824260069781e+01
6.894202600922127111e+00
0.000000000000000000e+00
0.000000000000000000e+00
2.246608824260066939e+01
5.232023099989813630e+00
0.000000000000000000e+00
5.508475527277631123e+00
0.000000000000000000e+00
2.246608824260066939e+01
0.000000000000000000e+00
3.504312697764645890e+01
2.623400973608084641e+01
0.000000000000000000e+00
0.000000000000000000e+00
1.423922767695585279e+01
0.000000000000000000e+00
0.000000000000000000e+00
0.000000000000000000e+00
3.123399628193260824e+01
0.000000000000000000e+00
1.946608824260069781e+01
0.000000000000000000e+00
0.000000000000000000e+00
-5.261966066288075172e-01
0.000000000000000000e+00
0.000000000000000000e+00
0.000000000000000000e+00
0.000000000000000000e+00
2.455784391613132200e+01
4.789020544377582844e+00
1.846608824260069071e+01
3.869877465344940148e+00
0.000000000000000000e+00
0.000000000000000000e+00
-9.890775932211012034e+00
0.000000000000000000e+00
0.000000000000000000e+00
0.000000000000000000e+00
0.000000000000000000e+00
0.000000000000000000e+00
0.000000000000000000e+00
0.000000000000000000e+00
0.000000000000000000e+00
0.000000000000000000e+00
0.000000000000000000e+00
2.923399628193265087e+01
1.527471469416052585e+01
0.000000000000000000e+00
0.000000000000000000e+00
2.655774356881472187e+01
1.150847552727766399e+01
0.000000000000000000e+00
0.000000000000000000e+00
1.578878509556195553e+01
0.000000000000000000e+00
0.000000000000000000e+00
0.000000000000000000e+00
0.000000000000000000e+00
0.000000000000000000e+00
1.246620169674890555e+01
0.000000000000000000e+00
1.150847552727766399e+01
0.000000000000000000e+00
1.546608824260068005e+01
0.000000000000000000e+00
2.823399628193270061e+01
1.923749804647283312e+01
0.000000000000000000e+00
0.000000000000000000e+00
3.423399628193268995e+01
0.000000000000000000e+00
3.223399628193259758e+01
0.000000000000000000e+00
8.789161843927880469e+00
3.306442052134143239e+01
0.000000000000000000e+00
0.000000000000000000e+00
0.000000000000000000e+00
-6.399351071417949122e-01
0.000000000000000000e+00
3.323399628193263311e+01
3.523399628193263311e+01
0.000000000000000000e+00
0.000000000000000000e+00
0.000000000000000000e+00
0.000000000000000000e+00
2.823399628193270061e+01
0.000000000000000000e+00
0.000000000000000000e+00
1.946608824260069781e+01
0.000000000000000000e+00
0.000000000000000000e+00
0.000000000000000000e+00
2.155974391613130692e+01
1.150847552727766399e+01
0.000000000000000000e+00
2.823399628193270061e+01
0.000000000000000000e+00
2.127548410585994887e+01
3.831549128604833765e+00
0.000000000000000000e+00
0.000000000000000000e+00
0.000000000000000000e+00
0.000000000000000000e+00
3.523399628193263311e+01
1.050847552727765510e+01
2.255864356881468780e+01
0.000000000000000000e+00
6.508475527277626682e+00
0.000000000000000000e+00
0.000000000000000000e+00
0.000000000000000000e+00
2.046608824260066228e+01
1.050847552727765510e+01
0.000000000000000000e+00
0.000000000000000000e+00
3.423399628193268995e+01
6.377834623172730311e+00
1.423820400555825039e+01
0.000000000000000000e+00
0.000000000000000000e+00
7.250201640457601959e-01
0.000000000000000000e+00
0.000000000000000000e+00
3.523399628193263311e+01
0.000000000000000000e+00
3.123399628193260824e+01
0.000000000000000000e+00
0.000000000000000000e+00
0.000000000000000000e+00
3.023399628193264377e+01
0.000000000000000000e+00
9.508475527277646222e+00
0.000000000000000000e+00
3.217860099268397445e+00
2.527471469416058625e+01
0.000000000000000000e+00
0.000000000000000000e+00
0.000000000000000000e+00
2.723399628193261535e+01
1.829093855954593906e+01
0.000000000000000000e+00
6.197532557710761836e+00
2.623232740948366626e+01
0.000000000000000000e+00
3.423399628193268995e+01
0.000000000000000000e+00
2.027471469416053296e+01
2.508488981425905706e+00
1.427471469416049032e+01
0.000000000000000000e+00
1.478878509556191645e+01
0.000000000000000000e+00
3.223209196066789417e+01
0.000000000000000000e+00
0.000000000000000000e+00
0.000000000000000000e+00
2.508488981425905706e+00
0.000000000000000000e+00
3.023399628193264377e+01
9.274855993710858115e+00
-1.977218622505346080e+00
0.000000000000000000e+00
0.000000000000000000e+00
1.523232309998988043e+01
0.000000000000000000e+00
0.000000000000000000e+00
6.378978471436586695e+00
0.000000000000000000e+00
0.000000000000000000e+00
0.000000000000000000e+00
2.227814698637146051e+01
0.000000000000000000e+00
3.523399628193263311e+01
0.000000000000000000e+00
0.000000000000000000e+00
2.823399628193270061e+01
0.000000000000000000e+00
0.000000000000000000e+00
0.000000000000000000e+00
3.023399628193264377e+01
0.000000000000000000e+00
0.000000000000000000e+00
1.025043166896415769e+01
0.000000000000000000e+00
1.278978995607694280e+01
2.755669313489395833e+01
0.000000000000000000e+00
0.000000000000000000e+00
0.000000000000000000e+00
0.000000000000000000e+00
0.000000000000000000e+00
0.000000000000000000e+00
0.000000000000000000e+00
0.000000000000000000e+00
0.000000000000000000e+00
0.000000000000000000e+00
2.623400973608084641e+01
0.000000000000000000e+00
0.000000000000000000e+00
1.378878509556193954e+01
0.000000000000000000e+00
0.000000000000000000e+00
8.918406440076548591e+00
0.000000000000000000e+00
0.000000000000000000e+00
0.000000000000000000e+00
1.578902054437752156e+01
1.846608824260069071e+01
0.000000000000000000e+00
0.000000000000000000e+00
0.000000000000000000e+00
0.000000000000000000e+00
0.000000000000000000e+00
0.000000000000000000e+00
0.000000000000000000e+00
1.827548410585995242e+01
0.000000000000000000e+00
0.000000000000000000e+00
0.000000000000000000e+00
0.000000000000000000e+00
0.000000000000000000e+00
0.000000000000000000e+00
0.000000000000000000e+00
0.000000000000000000e+00
0.000000000000000000e+00
0.000000000000000000e+00
1.355774356881472897e+01
0.000000000000000000e+00
3.123399628193260824e+01
0.000000000000000000e+00
2.127548410585994887e+01
0.000000000000000000e+00
0.000000000000000000e+00
3.123399628193260824e+01
0.000000000000000000e+00
0.000000000000000000e+00
0.000000000000000000e+00
1.746608824260067649e+01
0.000000000000000000e+00
1.515049483911297834e+01
0.000000000000000000e+00
0.000000000000000000e+00
3.323399628193263311e+01
0.000000000000000000e+00
0.000000000000000000e+00
0.000000000000000000e+00
0.000000000000000000e+00
-1.977218622505346080e+00
0.000000000000000000e+00
0.000000000000000000e+00
4.194620859165186566e+00
1.323412275333239307e+01
3.704262273349258550e+01
0.000000000000000000e+00
0.000000000000000000e+00
3.523399628193263311e+01
0.000000000000000000e+00
5.508475527277631123e+00
0.000000000000000000e+00
0.000000000000000000e+00
0.000000000000000000e+00
0.000000000000000000e+00
3.423399628193268995e+01
0.000000000000000000e+00
1.022781377494648813e+00
0.000000000000000000e+00
0.000000000000000000e+00
0.000000000000000000e+00
1.619222085916516818e+01
0.000000000000000000e+00
1.355736341616401397e+01
3.223232740948346020e+01
2.278137749464825834e-02
0.000000000000000000e+00
0.000000000000000000e+00
2.527447924534501666e+01
0.000000000000000000e+00
0.000000000000000000e+00
1.389050976814503402e+00
1.050847552727765510e+01
1.378902054437750735e+01
0.000000000000000000e+00
0.000000000000000000e+00
2.508488981425905706e+00
1.231197510528278372e+01
2.723209196066808602e+01
0.000000000000000000e+00
4.239603252640531394e+00
0.000000000000000000e+00
0.000000000000000000e+00
0.000000000000000000e+00
7.788785095561998162e+00
-1.977218622505346080e+00
0.000000000000000000e+00
0.000000000000000000e+00
9.508475527277646222e+00
0.000000000000000000e+00
0.000000000000000000e+00
0.000000000000000000e+00
0.000000000000000000e+00
0.000000000000000000e+00
2.146608824260065163e+01
0.000000000000000000e+00
0.000000000000000000e+00
0.000000000000000000e+00
2.263830647280800790e+01
0.000000000000000000e+00
0.000000000000000000e+00
0.000000000000000000e+00
7.501025814728824237e+00
0.000000000000000000e+00
0.000000000000000000e+00
1.129583688328425062e+01
2.655669313489396544e+01
0.000000000000000000e+00
3.523399628193263311e+01
0.000000000000000000e+00
6.476655339779411769e+00
1.546608824260068005e+01
0.000000000000000000e+00
1.022781377494648813e+00
0.000000000000000000e+00
0.000000000000000000e+00
3.023209196066792970e+01
0.000000000000000000e+00
3.523399628193263311e+01
0.000000000000000000e+00
0.000000000000000000e+00
0.000000000000000000e+00
2.923399628193265087e+01
0.000000000000000000e+00
2.723399628193261535e+01
0.000000000000000000e+00
3.523399628193263311e+01
8.508475527277655104e+00
0.000000000000000000e+00
0.000000000000000000e+00
0.000000000000000000e+00
-3.977218622505340306e+00
0.000000000000000000e+00
5.445371491707351463e-01
0.000000000000000000e+00
1.723172309998984630e+01
1.346610169674887203e+01
0.000000000000000000e+00
3.123232740948348152e+01
0.000000000000000000e+00
0.000000000000000000e+00
3.923864801367453747e+00
0.000000000000000000e+00
1.846608824260069071e+01
3.523399628193263311e+01
3.123399628193260824e+01
6.463444779387821804e+00
0.000000000000000000e+00
0.000000000000000000e+00
0.000000000000000000e+00
0.000000000000000000e+00
0.000000000000000000e+00
1.263683673982822064e+01
4.193252405060028387e+00
0.000000000000000000e+00
2.022781377494648147e+00
0.000000000000000000e+00
1.046666416642719533e+01
0.000000000000000000e+00
0.000000000000000000e+00
0.000000000000000000e+00
2.206920306440627400e+01
0.000000000000000000e+00
0.000000000000000000e+00
3.423399628193268995e+01
0.000000000000000000e+00
0.000000000000000000e+00
3.423399628193268995e+01
0.000000000000000000e+00
0.000000000000000000e+00
2.348475877100928866e+00
1.050847552727765510e+01
0.000000000000000000e+00
3.523399628193263311e+01
0.000000000000000000e+00
0.000000000000000000e+00
0.000000000000000000e+00
2.246608824260066939e+01
2.860520233456602224e+00
7.380455329686244959e+00
0.000000000000000000e+00
0.000000000000000000e+00
0.000000000000000000e+00
4.463680228203370959e+00
1.022781377494648813e+00
-3.977218622505340306e+00
2.127814698637143564e+01
0.000000000000000000e+00
0.000000000000000000e+00
0.000000000000000000e+00
0.000000000000000000e+00
0.000000000000000000e+00
0.000000000000000000e+00
0.000000000000000000e+00
2.423427491397517031e+01
0.000000000000000000e+00
0.000000000000000000e+00
3.504930957586919416e+00
0.000000000000000000e+00
3.523399628193263311e+01
0.000000000000000000e+00
0.000000000000000000e+00
0.000000000000000000e+00
2.527471469416058625e+01
2.455669313489394057e+01
0.000000000000000000e+00
0.000000000000000000e+00
3.123399628193260824e+01
0.000000000000000000e+00
2.146608824260065163e+01
1.946608824260069781e+01
0.000000000000000000e+00
0.000000000000000000e+00
1.975050297863609572e+01
0.000000000000000000e+00
3.504339214519198009e+01
0.000000000000000000e+00
2.146608824260065163e+01
0.000000000000000000e+00
0.000000000000000000e+00
0.000000000000000000e+00
1.278902054437753577e+01
0.000000000000000000e+00
