0.000000000000000000e+00
0.000000000000000000e+00
0.000000000000000000e+00
0.000000000000000000e+00
0.000000000000000000e+00
3.423399628193268995e+01
0.000000000000000000e+00
0.000000000000000000e+00
0.000000000000000000e+00
0.000000000000000000e+00
3.323399628193263311e+01
0.000000000000000000e+00
0.000000000000000000e+00
2.046608824260066228e+01
0.000000000000000000e+00
0.000000000000000000e+00
0.000000000000000000e+00
0.000000000000000000e+00
2.246608824260066939e+01
9.508475527277646222e+00
2.278137749464825834e-02
2.022781377494648147e+00
0.000000000000000000e+00
0.000000000000000000e+00
1.050847552727765510e+01
0.000000000000000000e+00
0.000000000000000000e+00
0.000000000000000000e+00
0.000000000000000000e+00
1.050847552727765510e+01
0.000000000000000000e+00
0.000000000000000000e+00
0.000000000000000000e+00
2.374852235511389864e+01
0.000000000000000000e+00
1.446608824260062853e+01
0.000000000000000000e+00
0.000000000000000000e+00
1.946608824260069781e+01
0.000000000000000000e+00
0.000000000000000000e+00
0.000000000000000000e+00
0.000000000000000000e+00
0.000000000000000000e+00
0.000000000000000000e+00
0.000000000000000000e+00
3.123399628193260824e+01
4.508475527277640005e+00
0.000000000000000000e+00
1.646608824260066939e+01
0.000000000000000000e+00
0.000000000000000000e+00
1.646608824260066939e+01
0.000000000000000000e+00
-1.299716185619690823e+00
3.523399628193263311e+01
3.323399628193263311e+01
0.000000000000000000e+00
3.323399628193263311e+01
0.000000000000000000e+00
0.000000000000000000e+00
0.000000000000000000e+00
0.000000000000000000e+00
0.000000000000000000e+00
0.000000000000000000e+00
0.000000000000000000e+00
2.046608824260066228e+01
0.000000000000000000e+00
0.000000000000000000e+00
3.323399628193263311e+01
0.000000000000000000e+00
0.000000000000000000e+00
-1.071068896796527753e-01
0.000000000000000000e+00
0.000000000000000000e+00
0.000000000000000000e+00
0.000000000000000000e+00
3.323399628193263311e+01
3.523399628193263311e+01
0.000000000000000000e+00
0.000000000000000000e+00
0.000000000000000000e+00
2.146608824260065163e+01
0.000000000000000000e+00
0.000000000000000000e+00
2.623209196066809668e+01
0.000000000000000000e+00
0.000000000000000000e+00
9.980579483327483459e+00
2.823399628193270061e+01
0.000000000000000000e+00
0.000000000000000000e+00
1.546608824260068005e+01
0.000000000000000000e+00
0.000000000000000000e+00
0.000000000000000000e+00
0.000000000000000000e+00
2.146608824260065163e+01
0.000000000000000000e+00
0.000000000000000000e+00
0.000000000000000000e+00
0.000000000000000000e+00
0.000000000000000000e+00
0.000000000000000000e+00
2.022781377494648147e+00
0.000000000000000000e+00
0.000000000000000000e+00
0.000000000000000000e+00
0.000000000000000000e+00
0.000000000000000000e+00
2.046608824260066228e+01
0.000000000000000000e+00
0.000000000000000000e+00
0.000000000000000000e+00
0.000000000000000000e+00
0.000000000000000000e+00
0.000000000000000000e+00
4.083786559474607891e+00
0.000000000000000000e+00
0.000000000000000000e+00
2.723399628193261535e+01
0.000000000000000000e+00
0.000000000000000000e+00
0.000000000000000000e+00
0.000000000000000000e+00
0.000000000000000000e+00
0.000000000000000000e+00
0.000000000000000000e+00
2.046608824260066228e+01
0.000000000000000000e+00
0.000000000000000000e+00
0.000000000000000000e+00
0.000000000000000000e+00
0.000000000000000000e+00
0.000000000000000000e+00
0.000000000000000000e+00
0.000000000000000000e+00
1.022781377494648813e+00
-6.788538110159414440e-01
1.346610169674887203e+01
0.000000000000000000e+00
0.000000000000000000e+00
0.000000000000000000e+00
1.346610169674887203e+01
1.546608824260068005e+01
2.623400973608084641e+01
2.146608824260065163e+01
0.000000000000000000e+00
0.000000000000000000e+00
3.223399628193259758e+01
2.192356223552806682e+01
0.000000000000000000e+00
0.000000000000000000e+00
0.000000000000000000e+00
0.000000000000000000e+00
8.508475527277655104e+00
0.000000000000000000e+00
0.000000000000000000e+00
2.923399628193265087e+01
0.000000000000000000e+00
0.000000000000000000e+00
0.000000000000000000e+00
1.616030272761842967e+00
1.946608824260069781e+01
0.000000000000000000e+00
0.000000000000000000e+00
0.000000000000000000e+00
0.000000000000000000e+00
0.000000000000000000e+00
0.000000000000000000e+00
0.000000000000000000e+00
0.000000000000000000e+00
0.000000000000000000e+00
1.846608824260069071e+01
0.000000000000000000e+00
0.000000000000000000e+00
0.000000000000000000e+00
0.000000000000000000e+00
0.000000000000000000e+00
0.000000000000000000e+00
0.000000000000000000e+00
0.000000000000000000e+00
0.000000000000000000e+00
5.958366948924300743e-01
3.023209196066792970e+01
1.264083317458777111e+00
0.000000000000000000e+00
0.000000000000000000e+00
2.923399628193265087e+01
0.000000000000000000e+00
2.278137749464825834e-02
2.046608824260066228e+01
0.000000000000000000e+00
0.000000000000000000e+00
0.000000000000000000e+00
0.000000000000000000e+00
0.000000000000000000e+00
0.000000000000000000e+00
0.000000000000000000e+00
0.000000000000000000e+00
0.000000000000000000e+00
0.000000000000000000e+00
2.517538267371724814e+00
0.000000000000000000e+00
0.000000000000000000e+00
0.000000000000000000e+00
2.323457535634793913e+01
0.000000000000000000e+00
0.000000000000000000e+00
2.823399628193270061e+01
3.523399628193263311e+01
0.000000000000000000e+00
1.546608824260068005e+01
0.000000000000000000e+00
2.046608824260066228e+01
0.000000000000000000e+00
3.423399628193268995e+01
0.000000000000000000e+00
3.423399628193268995e+01
0.000000000000000000e+00
0.000000000000000000e+00
0.000000000000000000e+00
0.000000000000000000e+00
2.823399628193270061e+01
2.146608824260065163e+01
2.146608824260065163e+01
1.050847552727765510e+01
0.000000000000000000e+00
0.000000000000000000e+00
0.000000000000000000e+00
0.000000000000000000e+00
0.000000000000000000e+00
3.223399628193259758e+01
1.546608824260068005e+01
0.000000000000000000e+00
0.000000000000000000e+00
0.000000000000000000e+00
0.000000000000000000e+00
0.000000000000000000e+00
0.000000000000000000e+00
0.000000000000000000e+00
-2.611020037134717420e+00
0.000000000000000000e+00
0.000000000000000000e+00
0.000000000000000000e+00
0.000000000000000000e+00
0.000000000000000000e+00
3.123399628193260824e+01
0.000000000000000000e+00
0.000000000000000000e+00
1.246620169674890555e+01
0.000000000000000000e+00
2.146608824260065163e+01
0.000000000000000000e+00
0.000000000000000000e+00
1.246620169674890555e+01
0.000000000000000000e+00
0.000000000000000000e+00
0.000000000000000000e+00
0.000000000000000000e+00
1.050847552727765510e+01
0.000000000000000000e+00
0.000000000000000000e+00
0.000000000000000000e+00
0.000000000000000000e+00
0.000000000000000000e+00
0.000000000000000000e+00
0.000000000000000000e+00
3.223399628193259758e+01
2.146608824260065163e+01
1.046666731701600206e+01
0.000000000000000000e+00
0.000000000000000000e+00
3.323399628193263311e+01
2.923399628193265087e+01
1.150847552727766399e+01
1.446608824260062853e+01
0.000000000000000000e+00
0.000000000000000000e+00
0.000000000000000000e+00
0.000000000000000000e+00
0.000000000000000000e+00
0.000000000000000000e+00
0.000000000000000000e+00
0.000000000000000000e+00
3.523399628193263311e+01
1.546608824260068005e+01
0.000000000000000000e+00
0.000000000000000000e+00
0.000000000000000000e+00
0.000000000000000000e+00
0.000000000000000000e+00
3.423399628193268995e+01
1.150847552727766399e+01
0.000000000000000000e+00
1.646608824260066939e+01
1.346610169674887203e+01
0.000000000000000000e+00
1.746608824260067649e+01
0.000000000000000000e+00
-2.588778032999067058e+00
0.000000000000000000e+00
0.000000000000000000e+00
3.023399628193264377e+01
0.000000000000000000e+00
0.000000000000000000e+00
0.000000000000000000e+00
0.000000000000000000e+00
0.000000000000000000e+00
3.423399628193268995e+01
2.246608824260066939e+01
0.000000000000000000e+00
0.000000000000000000e+00
0.000000000000000000e+00
0.000000000000000000e+00
0.000000000000000000e+00
0.000000000000000000e+00
2.146608824260065163e+01
4.508475527277640005e+00
4.508475527277640005e+00
0.000000000000000000e+00
0.000000000000000000e+00
0.000000000000000000e+00
3.223399628193259758e+01
0.000000000000000000e+00
0.000000000000000000e+00
3.944719841247228197e-04
0.000000000000000000e+00
0.000000000000000000e+00
0.000000000000000000e+00
0.000000000000000000e+00
2.246608824260066939e+01
0.000000000000000000e+00
0.000000000000000000e+00
4.508475527277640005e+00
0.000000000000000000e+00
0.000000000000000000e+00
2.123541927927705331e+01
0.000000000000000000e+00
0.000000000000000000e+00
9.508475527277646222e+00
2.323457535634793913e+01
0.000000000000000000e+00
0.000000000000000000e+00
0.000000000000000000e+00
0.000000000000000000e+00
1.046666731701600206e+01
0.000000000000000000e+00
0.000000000000000000e+00
0.000000000000000000e+00
3.523399628193263311e+01
0.000000000000000000e+00
0.000000000000000000e+00
0.000000000000000000e+00
0.000000000000000000e+00
3.323399628193263311e+01
0.000000000000000000e+00
0.000000000000000000e+00
3.523399628193263311e+01
0.000000000000000000e+00
0.000000000000000000e+00
1.546608824260068005e+01
1.050847552727765510e+01
0.000000000000000000e+00
0.000000000000000000e+00
5.508475527277631123e+00
0.000000000000000000e+00
3.423399628193268995e+01
0.000000000000000000e+00
2.046608824260066228e+01
3.323399628193263311e+01
0.000000000000000000e+00
0.000000000000000000e+00
0.000000000000000000e+00
0.000000000000000000e+00
1.098057948332748879e+01
0.000000000000000000e+00
0.000000000000000000e+00
0.000000000000000000e+00
1.946608824260069781e+01
0.000000000000000000e+00
0.000000000000000000e+00
2.146608824260065163e+01
0.000000000000000000e+00
2.723399628193261535e+01
2.823232740948361297e+01
0.000000000000000000e+00
3.623209196066784443e+01
2.246608824260066939e+01
0.000000000000000000e+00
0.000000000000000000e+00
3.623209196066784443e+01
-2.247304642202811564e+00
0.000000000000000000e+00
3.223399628193259758e+01
3.423399628193268995e+01
0.000000000000000000e+00
0.000000000000000000e+00
0.000000000000000000e+00
0.000000000000000000e+00
0.000000000000000000e+00
0.000000000000000000e+00
3.523399628193263311e+01
1.646608824260066939e+01
0.000000000000000000e+00
0.000000000000000000e+00
0.000000000000000000e+00
0.000000000000000000e+00
2.246608824260066939e+01
0.000000000000000000e+00
0.000000000000000000e+00
3.523399628193263311e+01
0.000000000000000000e+00
0.000000000000000000e+00
0.000000000000000000e+00
0.000000000000000000e+00
8.985904311040208370e+00
0.000000000000000000e+00
7.508475527277656880e+00
0.000000000000000000e+00
0.000000000000000000e+00
0.000000000000000000e+00
0.000000000000000000e+00
0.000000000000000000e+00
0.000000000000000000e+00
2.046608824260066228e+01
0.000000000000000000e+00
0.000000000000000000e+00
-2.578486390400859474e+00
0.000000000000000000e+00
0.000000000000000000e+00
1.746608824260067649e+01
0.000000000000000000e+00
0.000000000000000000e+00
2.146608824260065163e+01
0.000000000000000000e+00
1.046666731701600206e+01
0.000000000000000000e+00
0.000000000000000000e+00
0.000000000000000000e+00
2.423427535634794339e+01
0.000000000000000000e+00
0.000000000000000000e+00
2.323457535634793913e+01
0.000000000000000000e+00
0.000000000000000000e+00
0.000000000000000000e+00
-4.909453983070371508e-01
0.000000000000000000e+00
3.423399628193268995e+01
0.000000000000000000e+00
0.000000000000000000e+00
0.000000000000000000e+00
0.000000000000000000e+00
0.000000000000000000e+00
2.046608824260066228e+01
0.000000000000000000e+00
0.000000000000000000e+00
0.000000000000000000e+00
0.000000000000000000e+00
2.223493050256425718e+01
0.000000000000000000e+00
0.000000000000000000e+00
0.000000000000000000e+00
3.023399628193264377e+01
0.000000000000000000e+00
2.523410973608084973e+01
0.000000000000000000e+00
0.000000000000000000e+00
0.000000000000000000e+00
0.000000000000000000e+00
0.000000000000000000e+00
0.000000000000000000e+00
0.000000000000000000e+00
0.000000000000000000e+00
0.000000000000000000e+00
2.246608824260066939e+01
3.123399628193260824e+01
-1.221524801825484285e+00
1.046666731701600206e+01
0.000000000000000000e+00
0.000000000000000000e+00
0.000000000000000000e+00
2.146608824260065163e+01
0.000000000000000000e+00
3.223399628193259758e+01
0.000000000000000000e+00
0.000000000000000000e+00
0.000000000000000000e+00
1.002046488385035072e+00
0.000000000000000000e+00
2.046608824260066228e+01
-2.508834395675812345e+00
0.000000000000000000e+00
3.523399628193263311e+01
0.000000000000000000e+00
2.046608824260066228e+01
0.000000000000000000e+00
2.623400973608084641e+01
0.000000000000000000e+00
0.000000000000000000e+00
0.000000000000000000e+00
0.000000000000000000e+00
0.000000000000000000e+00
2.523410973608084973e+01
0.000000000000000000e+00
3.123399628193260824e+01
0.000000000000000000e+00
0.000000000000000000e+00
2.146608824260065163e+01
0.000000000000000000e+00
0.000000000000000000e+00
0.000000000000000000e+00
0.000000000000000000e+00
2.146608824260065163e+01
0.000000000000000000e+00
2.246608824260066939e+01
0.000000000000000000e+00
0.000000000000000000e+00
0.000000000000000000e+00
3.423232740948343178e+01
0.000000000000000000e+00
3.323399628193263311e+01
1.150847552727766399e+01
0.000000000000000000e+00
0.000000000000000000e+00
2.246608824260066939e+01
1.946608824260069781e+01
1.050847552727765510e+01
0.000000000000000000e+00
3.423399628193268995e+01
0.000000000000000000e+00
1.246620169674890555e+01
0.000000000000000000e+00
2.046608824260066228e+01
0.000000000000000000e+00
0.000000000000000000e+00
0.000000000000000000e+00
1.046666731701600206e+01
1.746608824260067649e+01
0.000000000000000000e+00
1.823934253408937778e+01
3.223399628193259758e+01
5.508475527277631123e+00
0.000000000000000000e+00
-3.977218622505340306e+00
0.000000000000000000e+00
0.000000000000000000e+00
9.467022171564284605e+00
0.000000000000000000e+00
0.000000000000000000e+00
0.000000000000000000e+00
1.746608824260067649e+01
0.000000000000000000e+00
3.523399628193263311e+01
2.121877076511759608e+00
7.713625575061332507e-01
0.000000000000000000e+00
-2.920993898889325369e+00
0.000000000000000000e+00
0.000000000000000000e+00
0.000000000000000000e+00
2.246608824260066939e+01
0.000000000000000000e+00
0.000000000000000000e+00
0.000000000000000000e+00
2.923399628193265087e+01
3.123399628193260824e+01
1.946608824260069781e+01
0.000000000000000000e+00
0.000000000000000000e+00
0.000000000000000000e+00
2.246608824260066939e+01
0.000000000000000000e+00
0.000000000000000000e+00
5.508475527277631123e+00
0.000000000000000000e+00
2.246608824260066939e+01
0.000000000000000000e+00
3.423232740948343178e+01
2.623400973608084641e+01
0.000000000000000000e+00
0.000000000000000000e+00
0.000000000000000000e+00
0.000000000000000000e+00
0.000000000000000000e+00
0.000000000000000000e+00
3.123399628193260824e+01
0.000000000000000000e+00
1.946608824260069781e+01
0.000000000000000000e+00
0.000000000000000000e+00
-2.977218622505334533e+00
0.000000000000000000e+00
0.000000000000000000e+00
0.000000000000000000e+00
0.000000000000000000e+00
2.046608824260066228e+01
9.811585577427944793e-01
1.846608824260069071e+01
5.508475527277631123e+00
0.000000000000000000e+00
0.000000000000000000e+00
-1.367174342852071511e+01
0.000000000000000000e+00
0.000000000000000000e+00
0.000000000000000000e+00
0.000000000000000000e+00
0.000000000000000000e+00
0.000000000000000000e+00
0.000000000000000000e+00
0.000000000000000000e+00
0.000000000000000000e+00
0.000000000000000000e+00
2.923399628193265087e+01
1.246620169674890555e+01
0.000000000000000000e+00
0.000000000000000000e+00
2.246608824260066939e+01
0.000000000000000000e+00
0.000000000000000000e+00
0.000000000000000000e+00
-6.970990935569950642e-01
0.000000000000000000e+00
0.000000000000000000e+00
0.000000000000000000e+00
0.000000000000000000e+00
0.000000000000000000e+00
1.246620169674890555e+01
0.000000000000000000e+00
1.150847552727766399e+01
0.000000000000000000e+00
1.546608824260068005e+01
0.000000000000000000e+00
2.823399628193270061e+01
1.923758691271126864e+01
0.000000000000000000e+00
0.000000000000000000e+00
3.423399628193268995e+01
0.000000000000000000e+00
3.223399628193259758e+01
0.000000000000000000e+00
0.000000000000000000e+00
3.423399628193268995e+01
0.000000000000000000e+00
0.000000000000000000e+00
0.000000000000000000e+00
0.000000000000000000e+00
0.000000000000000000e+00
3.323399628193263311e+01
3.523399628193263311e+01
0.000000000000000000e+00
0.000000000000000000e+00
0.000000000000000000e+00
0.000000000000000000e+00
2.823399628193270061e+01
0.000000000000000000e+00
0.000000000000000000e+00
1.946608824260069781e+01
0.000000000000000000e+00
0.000000000000000000e+00
0.000000000000000000e+00
1.846608824260069071e+01
1.150847552727766399e+01
0.000000000000000000e+00
2.823399628193270061e+01
0.000000000000000000e+00
1.946608824260069781e+01
2.315812586048716232e-02
0.000000000000000000e+00
0.000000000000000000e+00
0.000000000000000000e+00
0.000000000000000000e+00
3.523399628193263311e+01
1.050847552727765510e+01
1.946608824260069781e+01
0.000000000000000000e+00
6.508475527277626682e+00
0.000000000000000000e+00
0.000000000000000000e+00
0.000000000000000000e+00
2.046608824260066228e+01
1.050847552727765510e+01
0.000000000000000000e+00
0.000000000000000000e+00
3.423399628193268995e+01
0.000000000000000000e+00
-3.392872769511767750e+00
0.000000000000000000e+00
0.000000000000000000e+00
0.000000000000000000e+00
0.000000000000000000e+00
0.000000000000000000e+00
3.523399628193263311e+01
0.000000000000000000e+00
3.223232740948346020e+01
0.000000000000000000e+00
0.000000000000000000e+00
0.000000000000000000e+00
3.023399628193264377e+01
0.000000000000000000e+00
9.508475527277646222e+00
0.000000000000000000e+00
0.000000000000000000e+00
2.246608824260066939e+01
0.000000000000000000e+00
0.000000000000000000e+00
0.000000000000000000e+00
2.723399628193261535e+01
1.601994232848210853e+00
0.000000000000000000e+00
0.000000000000000000e+00
2.623232740948366626e+01
0.000000000000000000e+00
3.423399628193268995e+01
0.000000000000000000e+00
1.746608824260067649e+01
2.508488981425905706e+00
1.146636731701597611e+01
0.000000000000000000e+00
1.098039409281769885e+01
0.000000000000000000e+00
3.223209196066789417e+01
0.000000000000000000e+00
0.000000000000000000e+00
0.000000000000000000e+00
0.000000000000000000e+00
0.000000000000000000e+00
3.023399628193264377e+01
0.000000000000000000e+00
-1.977218622505346080e+00
0.000000000000000000e+00
0.000000000000000000e+00
-3.028010867045069165e+00
0.000000000000000000e+00
0.000000000000000000e+00
-8.740523313406416417e-01
0.000000000000000000e+00
0.000000000000000000e+00
0.000000000000000000e+00
2.146608824260065163e+01
0.000000000000000000e+00
3.523399628193263311e+01
0.000000000000000000e+00
0.000000000000000000e+00
2.823399628193270061e+01
0.000000000000000000e+00
0.000000000000000000e+00
0.000000000000000000e+00
3.023399628193264377e+01
0.000000000000000000e+00
0.000000000000000000e+00
0.000000000000000000e+00
0.000000000000000000e+00
8.981519690532852707e+00
2.246608824260066939e+01
0.000000000000000000e+00
0.000000000000000000e+00
0.000000000000000000e+00
0.000000000000000000e+00
0.000000000000000000e+00
0.000000000000000000e+00
0.000000000000000000e+00
0.000000000000000000e+00
0.000000000000000000e+00
0.000000000000000000e+00
2.623400973608084641e+01
0.000000000000000000e+00
0.000000000000000000e+00
9.980394092817693519e+00
0.000000000000000000e+00
0.000000000000000000e+00
0.000000000000000000e+00
0.000000000000000000e+00
0.000000000000000000e+00
0.000000000000000000e+00
0.000000000000000000e+00
1.846608824260069071e+01
0.000000000000000000e+00
0.000000000000000000e+00
0.000000000000000000e+00
0.000000000000000000e+00
0.000000000000000000e+00
0.000000000000000000e+00
0.000000000000000000e+00
1.646608824260066939e+01
0.000000000000000000e+00
0.000000000000000000e+00
0.000000000000000000e+00
0.000000000000000000e+00
0.000000000000000000e+00
0.000000000000000000e+00
0.000000000000000000e+00
0.000000000000000000e+00
0.000000000000000000e+00
0.000000000000000000e+00
9.467022328357950656e+00
0.000000000000000000e+00
3.123399628193260824e+01
0.000000000000000000e+00
1.946608824260069781e+01
0.000000000000000000e+00
0.000000000000000000e+00
3.123399628193260824e+01
0.000000000000000000e+00
0.000000000000000000e+00
0.000000000000000000e+00
1.746608824260067649e+01
0.000000000000000000e+00
0.000000000000000000e+00
0.000000000000000000e+00
0.000000000000000000e+00
3.323399628193263311e+01
0.000000000000000000e+00
0.000000000000000000e+00
0.000000000000000000e+00
0.000000000000000000e+00
-1.977218622505346080e+00
0.000000000000000000e+00
0.000000000000000000e+00
9.467022049572424436e+00
6.410115085538063973e+00
3.423399628193268995e+01
0.000000000000000000e+00
0.000000000000000000e+00
3.523399628193263311e+01
0.000000000000000000e+00
5.508475527277631123e+00
0.000000000000000000e+00
0.000000000000000000e+00
0.000000000000000000e+00
0.000000000000000000e+00
3.423399628193268995e+01
0.000000000000000000e+00
0.000000000000000000e+00
0.000000000000000000e+00
0.000000000000000000e+00
0.000000000000000000e+00
1.546608824260068005e+01
0.000000000000000000e+00
6.178334114117435050e+00
3.223232740948346020e+01
0.000000000000000000e+00
0.000000000000000000e+00
0.000000000000000000e+00
2.146608824260065163e+01
0.000000000000000000e+00
0.000000000000000000e+00
0.000000000000000000e+00
1.050847552727765510e+01
0.000000000000000000e+00
0.000000000000000000e+00
0.000000000000000000e+00
2.508488981425905706e+00
-3.698956390729135069e-01
2.723209196066808602e+01
0.000000000000000000e+00
0.000000000000000000e+00
0.000000000000000000e+00
0.000000000000000000e+00
0.000000000000000000e+00
0.000000000000000000e+00
0.000000000000000000e+00
0.000000000000000000e+00
0.000000000000000000e+00
9.508475527277646222e+00
0.000000000000000000e+00
0.000000000000000000e+00
0.000000000000000000e+00
0.000000000000000000e+00
0.000000000000000000e+00
2.146608824260065163e+01
0.000000000000000000e+00
0.000000000000000000e+00
0.000000000000000000e+00
1.141516924331674687e+01
0.000000000000000000e+00
0.000000000000000000e+00
0.000000000000000000e+00
3.482441427122481503e+00
0.000000000000000000e+00
0.000000000000000000e+00
7.351513175054367188e-01
2.146608824260065163e+01
0.000000000000000000e+00
3.523399628193263311e+01
0.000000000000000000e+00
6.476681242424420226e+00
1.546608824260068005e+01
0.000000000000000000e+00
0.000000000000000000e+00
0.000000000000000000e+00
0.000000000000000000e+00
3.023209196066792970e+01
0.000000000000000000e+00
3.523399628193263311e+01
0.000000000000000000e+00
0.000000000000000000e+00
0.000000000000000000e+00
2.923399628193265087e+01
0.000000000000000000e+00
2.723399628193261535e+01
0.000000000000000000e+00
3.523399628193263311e+01
8.508475527277655104e+00
0.000000000000000000e+00
0.000000000000000000e+00
0.000000000000000000e+00
0.000000000000000000e+00
0.000000000000000000e+00
0.000000000000000000e+00
0.000000000000000000e+00
1.342328203893969985e+01
1.346610169674887203e+01
0.000000000000000000e+00
3.123232740948348152e+01
0.000000000000000000e+00
0.000000000000000000e+00
0.000000000000000000e+00
0.000000000000000000e+00
1.846608824260069071e+01
3.523399628193263311e+01
3.123399628193260824e+01
2.655053776643468755e+00
0.000000000000000000e+00
0.000000000000000000e+00
0.000000000000000000e+00
0.000000000000000000e+00
0.000000000000000000e+00
8.078703882000628056e+00
0.000000000000000000e+00
0.000000000000000000e+00
2.022781377494648147e+00
0.000000000000000000e+00
1.046666731701600206e+01
0.000000000000000000e+00
0.000000000000000000e+00
0.000000000000000000e+00
1.065113659163755422e+01
0.000000000000000000e+00
0.000000000000000000e+00
3.423399628193268995e+01
0.000000000000000000e+00
0.000000000000000000e+00
3.423399628193268995e+01
0.000000000000000000e+00
0.000000000000000000e+00
0.000000000000000000e+00
1.050847552727765510e+01
0.000000000000000000e+00
3.523399628193263311e+01
0.000000000000000000e+00
0.000000000000000000e+00
0.000000000000000000e+00
2.246608824260066939e+01
0.000000000000000000e+00
0.000000000000000000e+00
0.000000000000000000e+00
0.000000000000000000e+00
0.000000000000000000e+00
0.000000000000000000e+00
1.022781377494648813e+00
-3.977218622505340306e+00
2.046608824260066228e+01
0.000000000000000000e+00
0.000000000000000000e+00
0.000000000000000000e+00
0.000000000000000000e+00
0.000000000000000000e+00
0.000000000000000000e+00
0.000000000000000000e+00
2.423427535634794339e+01
0.000000000000000000e+00
0.000000000000000000e+00
0.000000000000000000e+00
0.000000000000000000e+00
3.523399628193263311e+01
0.000000000000000000e+00
0.000000000000000000e+00
0.000000000000000000e+00
2.246608824260066939e+01
2.074843696460407472e+01
0.000000000000000000e+00
0.000000000000000000e+00
3.123399628193260824e+01
0.000000000000000000e+00
2.146608824260065163e+01
1.946608824260069781e+01
0.000000000000000000e+00
0.000000000000000000e+00
2.023636345875564047e+01
0.000000000000000000e+00
3.323399628193263311e+01
0.000000000000000000e+00
2.146608824260065163e+01
0.000000000000000000e+00
0.000000000000000000e+00
0.000000000000000000e+00
-3.337004286869123426e+00
0.000000000000000000e+00
