0.000000000000000000e+00
0.000000000000000000e+00
1.848087477271046808e+01
0.000000000000000000e+00
0.000000000000000000e+00
2.145117711488821755e+01
-1.073781959401318153e-01
0.000000000000000000e+00
0.000000000000000000e+00
2.145441721404841928e+01
0.000000000000000000e+00
1.975375783884410907e+01
1.424426681285047103e+01
0.000000000000000000e+00
0.000000000000000000e+00
0.000000000000000000e+00
1.420792131464732755e+01
0.000000000000000000e+00
1.746941082751314056e+01
0.000000000000000000e+00
0.000000000000000000e+00
0.000000000000000000e+00
3.046941082751305174e+01
0.000000000000000000e+00
0.000000000000000000e+00
0.000000000000000000e+00
1.954641079336655540e+00
0.000000000000000000e+00
0.000000000000000000e+00
5.908719000461227111e+00
0.000000000000000000e+00
0.000000000000000000e+00
0.000000000000000000e+00
0.000000000000000000e+00
0.000000000000000000e+00
4.910927886076314586e+00
0.000000000000000000e+00
0.000000000000000000e+00
6.904572222551556671e+00
1.747094171065983659e+01
0.000000000000000000e+00
-2.414387588921928174e+00
0.000000000000000000e+00
0.000000000000000000e+00
9.212258933127960958e+00
0.000000000000000000e+00
4.907163734756192497e+00
5.111050997272283070e+00
2.987504303311224074e+00
0.000000000000000000e+00
-3.530362745324110429e-01
2.443795466030431385e+01
1.088562235051269589e+01
0.000000000000000000e+00
2.543516139503844187e+01
0.000000000000000000e+00
1.041616548242573437e+01
6.020929361542905589e+00
0.000000000000000000e+00
0.000000000000000000e+00
2.446941082751310148e+01
0.000000000000000000e+00
0.000000000000000000e+00
0.000000000000000000e+00
9.216713341822808658e+00
2.920587942401280390e+00
6.907161031552062624e+00
0.000000000000000000e+00
0.000000000000000000e+00
0.000000000000000000e+00
0.000000000000000000e+00
0.000000000000000000e+00
0.000000000000000000e+00
0.000000000000000000e+00
-2.342487292543778743e+00
0.000000000000000000e+00
0.000000000000000000e+00
0.000000000000000000e+00
0.000000000000000000e+00
0.000000000000000000e+00
4.642031654889369641e+00
0.000000000000000000e+00
1.977678824778048039e+01
2.875375783884418368e+01
0.000000000000000000e+00
0.000000000000000000e+00
1.021671334182280866e+01
1.017124261326083579e+00
0.000000000000000000e+00
0.000000000000000000e+00
4.367865431067736282e+00
0.000000000000000000e+00
0.000000000000000000e+00
0.000000000000000000e+00
4.193935885655779572e+00
3.897570025835128238e+00
0.000000000000000000e+00
7.046723761873297853e+00
0.000000000000000000e+00
0.000000000000000000e+00
0.000000000000000000e+00
0.000000000000000000e+00
0.000000000000000000e+00
0.000000000000000000e+00
0.000000000000000000e+00
1.487755421267962452e+00
0.000000000000000000e+00
1.773878587021144426e+01
0.000000000000000000e+00
1.847094171065983659e+01
0.000000000000000000e+00
0.000000000000000000e+00
3.912354419382105153e+00
0.000000000000000000e+00
0.000000000000000000e+00
0.000000000000000000e+00
0.000000000000000000e+00
0.000000000000000000e+00
1.290923489798142398e+01
2.145117711488821755e+01
0.000000000000000000e+00
0.000000000000000000e+00
0.000000000000000000e+00
2.477678824778050881e+01
0.000000000000000000e+00
0.000000000000000000e+00
1.927031194850930973e+01
0.000000000000000000e+00
2.144822487307910919e+01
2.344151705856322465e+01
0.000000000000000000e+00
2.347826521679515466e+01
0.000000000000000000e+00
-1.589931510771553369e-01
1.220819669772450489e+01
0.000000000000000000e+00
1.698124111378011136e+01
0.000000000000000000e+00
2.473997900817444062e+01
0.000000000000000000e+00
0.000000000000000000e+00
0.000000000000000000e+00
1.456889211917890137e+01
0.000000000000000000e+00
5.596897113142361491e+00
7.207921314647335542e+00
3.103777640882181998e+00
0.000000000000000000e+00
2.121629238150546470e+01
0.000000000000000000e+00
1.191834349888433664e+01
0.000000000000000000e+00
0.000000000000000000e+00
3.022909605281393297e+01
-4.972475084527833822e+00
0.000000000000000000e+00
2.343775306887881626e+01
1.651443835227378543e+01
0.000000000000000000e+00
2.774263829607110665e+01
-4.071553591046927600e+00
1.360566951277568037e+01
-4.880759600850668317e-02
-4.050284421759207554e+00
0.000000000000000000e+00
0.000000000000000000e+00
1.366723842825677693e+01
0.000000000000000000e+00
0.000000000000000000e+00
0.000000000000000000e+00
0.000000000000000000e+00
0.000000000000000000e+00
0.000000000000000000e+00
0.000000000000000000e+00
0.000000000000000000e+00
8.232686337312712155e+00
0.000000000000000000e+00
2.244038051339490636e+01
-8.360169540710023384e+00
0.000000000000000000e+00
1.547397747951658609e+01
0.000000000000000000e+00
2.920587942401280390e+00
3.496846112095643999e+00
0.000000000000000000e+00
9.207858952540775022e+00
2.343750456396068316e+01
2.543516139503844187e+01
0.000000000000000000e+00
0.000000000000000000e+00
0.000000000000000000e+00
0.000000000000000000e+00
1.528154793476226914e+01
0.000000000000000000e+00
1.847826521679519374e+01
0.000000000000000000e+00
0.000000000000000000e+00
1.291575315764728593e+01
2.140388383822009644e+01
1.946854828905091139e+01
3.369058569030715322e+00
9.035783308057809826e-01
1.454627020417385808e+01
0.000000000000000000e+00
0.000000000000000000e+00
0.000000000000000000e+00
8.902589006336254940e+00
0.000000000000000000e+00
6.904572222551556671e+00
1.231563931262089906e-01
9.881876637535812691e+00
0.000000000000000000e+00
2.443795466030431385e+01
-6.741206935669356859e-02
5.056993166235657533e+00
0.000000000000000000e+00
0.000000000000000000e+00
0.000000000000000000e+00
0.000000000000000000e+00
0.000000000000000000e+00
0.000000000000000000e+00
-4.820327339946064882e+00
0.000000000000000000e+00
-1.077858765342455172e+00
0.000000000000000000e+00
0.000000000000000000e+00
6.249344521086826809e+00
2.894482932731657687e+00
1.496670979740612673e+01
0.000000000000000000e+00
0.000000000000000000e+00
0.000000000000000000e+00
2.723636531891216350e+01
0.000000000000000000e+00
0.000000000000000000e+00
1.579496834087536605e+01
0.000000000000000000e+00
0.000000000000000000e+00
0.000000000000000000e+00
0.000000000000000000e+00
0.000000000000000000e+00
9.005805392250425534e-01
0.000000000000000000e+00
0.000000000000000000e+00
1.646953986103592626e+01
0.000000000000000000e+00
0.000000000000000000e+00
0.000000000000000000e+00
2.175028292955988363e+01
0.000000000000000000e+00
-2.584490388205336941e+00
0.000000000000000000e+00
0.000000000000000000e+00
1.946881486222254054e+01
0.000000000000000000e+00
6.166446736835063724e+00
0.000000000000000000e+00
0.000000000000000000e+00
2.543516139503844187e+01
2.244564982390218333e+01
0.000000000000000000e+00
3.216713341822864614e+00
0.000000000000000000e+00
0.000000000000000000e+00
0.000000000000000000e+00
2.244564982390218333e+01
0.000000000000000000e+00
0.000000000000000000e+00
1.320938983568748526e+01
0.000000000000000000e+00
5.928033060489362960e+00
1.490937389106189226e+00
0.000000000000000000e+00
0.000000000000000000e+00
0.000000000000000000e+00
1.118512531162777179e+01
0.000000000000000000e+00
0.000000000000000000e+00
2.138099690981928092e+01
0.000000000000000000e+00
1.489863043723156188e+01
0.000000000000000000e+00
0.000000000000000000e+00
3.218446739721675698e+01
0.000000000000000000e+00
0.000000000000000000e+00
0.000000000000000000e+00
0.000000000000000000e+00
0.000000000000000000e+00
0.000000000000000000e+00
0.000000000000000000e+00
1.189857695069827237e+01
1.247960646224452930e+01
0.000000000000000000e+00
0.000000000000000000e+00
0.000000000000000000e+00
0.000000000000000000e+00
1.813347716545812727e+00
2.180501731137956867e+01
0.000000000000000000e+00
6.907937047150778831e+00
3.968282895069310534e+00
0.000000000000000000e+00
0.000000000000000000e+00
2.343299651603119926e+01
0.000000000000000000e+00
0.000000000000000000e+00
2.010049143514717862e+00
0.000000000000000000e+00
0.000000000000000000e+00
2.213284658213914291e+00
0.000000000000000000e+00
1.706775233042724693e+01
1.746974857269685799e+01
3.398874374752792082e+00
8.318150826123391628e-01
0.000000000000000000e+00
0.000000000000000000e+00
0.000000000000000000e+00
0.000000000000000000e+00
0.000000000000000000e+00
0.000000000000000000e+00
2.946941082751301622e+01
5.907276745790064787e+00
0.000000000000000000e+00
0.000000000000000000e+00
2.045563086695781507e+01
0.000000000000000000e+00
2.317262082737628504e+01
3.991424719181210001e+00
1.654608831686404358e+01
1.363993155319786510e+01
-4.315066704428229816e-01
0.000000000000000000e+00
0.000000000000000000e+00
5.586497634873441420e+00
2.145117711488821755e+01
2.101699412108899523e+01
0.000000000000000000e+00
0.000000000000000000e+00
3.017805595346417391e+01
0.000000000000000000e+00
2.543516139503844187e+01
0.000000000000000000e+00
0.000000000000000000e+00
4.367527685884017075e+00
0.000000000000000000e+00
-3.934508317008023948e+00
2.062530781827881299e+01
2.546974857269679404e+01
2.543516139503844187e+01
2.646947318961960960e+01
0.000000000000000000e+00
1.594360014013930993e+01
0.000000000000000000e+00
0.000000000000000000e+00
0.000000000000000000e+00
0.000000000000000000e+00
0.000000000000000000e+00
0.000000000000000000e+00
2.482343132117734719e+00
0.000000000000000000e+00
1.690491776159269932e+01
0.000000000000000000e+00
0.000000000000000000e+00
0.000000000000000000e+00
-1.033881836849820157e+00
0.000000000000000000e+00
7.216713341822852179e+00
0.000000000000000000e+00
0.000000000000000000e+00
-6.995432673153760383e+00
0.000000000000000000e+00
0.000000000000000000e+00
1.065229387216286572e+00
1.022316866635715549e+01
0.000000000000000000e+00
0.000000000000000000e+00
0.000000000000000000e+00
0.000000000000000000e+00
-1.509470110463171366e+01
0.000000000000000000e+00
0.000000000000000000e+00
0.000000000000000000e+00
1.160977571907734207e+00
0.000000000000000000e+00
0.000000000000000000e+00
0.000000000000000000e+00
0.000000000000000000e+00
9.259681186115392038e+00
0.000000000000000000e+00
1.131993355641857590e+01
9.661962185455899021e-01
0.000000000000000000e+00
0.000000000000000000e+00
2.964786144068649598e+00
1.900610819234505033e+00
-5.681488703715379396e-01
0.000000000000000000e+00
1.247516551974484145e+01
1.991529526757243218e+01
0.000000000000000000e+00
-3.813726534152989123e-02
1.848087477271046808e+01
-2.198586528385638506e+00
0.000000000000000000e+00
-9.745600478463382066e-01
5.900255629147046044e+00
0.000000000000000000e+00
3.505766875505337499e+00
0.000000000000000000e+00
0.000000000000000000e+00
1.020938983568746572e+01
4.367527685884017075e+00
0.000000000000000000e+00
0.000000000000000000e+00
0.000000000000000000e+00
1.670318045989461098e+01
-1.426888844073034956e+00
1.420819669772452976e+01
0.000000000000000000e+00
0.000000000000000000e+00
-4.459004014492002455e+00
2.846941082751297358e+01
0.000000000000000000e+00
0.000000000000000000e+00
0.000000000000000000e+00
0.000000000000000000e+00
0.000000000000000000e+00
0.000000000000000000e+00
0.000000000000000000e+00
0.000000000000000000e+00
0.000000000000000000e+00
0.000000000000000000e+00
0.000000000000000000e+00
0.000000000000000000e+00
0.000000000000000000e+00
0.000000000000000000e+00
2.244564982390218333e+01
0.000000000000000000e+00
0.000000000000000000e+00
0.000000000000000000e+00
3.774134704700548237e+00
0.000000000000000000e+00
0.000000000000000000e+00
8.610172298187428908e+00
-1.081458473137139276e+00
1.021225893312796451e+01
0.000000000000000000e+00
0.000000000000000000e+00
2.231455398665370904e+00
0.000000000000000000e+00
0.000000000000000000e+00
0.000000000000000000e+00
1.651511434623844465e+01
1.096627651713910190e+01
2.447094171065979396e+01
2.773879078572790036e+01
0.000000000000000000e+00
2.915785783002192932e+00
2.047381080810032472e+01
0.000000000000000000e+00
0.000000000000000000e+00
0.000000000000000000e+00
5.725915822475551309e+00
0.000000000000000000e+00
0.000000000000000000e+00
0.000000000000000000e+00
2.846941082751297358e+01
1.944551699895114893e+01
0.000000000000000000e+00
6.216713341822864614e+00
0.000000000000000000e+00
1.946881486222254054e+01
1.977678824778048039e+01
6.910320128193002454e+00
0.000000000000000000e+00
0.000000000000000000e+00
0.000000000000000000e+00
0.000000000000000000e+00
0.000000000000000000e+00
3.878232443752574810e+00
0.000000000000000000e+00
0.000000000000000000e+00
0.000000000000000000e+00
0.000000000000000000e+00
2.543516139503844187e+01
1.086927513007519508e+01
2.376327550979970482e+01
-1.453337883633351924e+00
0.000000000000000000e+00
0.000000000000000000e+00
0.000000000000000000e+00
0.000000000000000000e+00
-8.791923027221804077e+00
0.000000000000000000e+00
1.147204123031793799e+01
0.000000000000000000e+00
1.276330813515464158e+01
0.000000000000000000e+00
-7.112742051479689076e-01
0.000000000000000000e+00
0.000000000000000000e+00
0.000000000000000000e+00
0.000000000000000000e+00
0.000000000000000000e+00
0.000000000000000000e+00
1.360432261983903679e+01
-1.244271194923155965e+00
0.000000000000000000e+00
5.894176798795858652e+00
0.000000000000000000e+00
0.000000000000000000e+00
0.000000000000000000e+00
0.000000000000000000e+00
0.000000000000000000e+00
0.000000000000000000e+00
5.037280582506739712e+00
0.000000000000000000e+00
1.589811685837096000e+01
0.000000000000000000e+00
1.148845084575637054e+00
2.045881372308647173e+01
-1.903426970891298708e+01
0.000000000000000000e+00
0.000000000000000000e+00
0.000000000000000000e+00
2.033273232937477459e+01
3.117754090349940199e+01
-3.304248685213696302e+00
1.456869158445156032e+01
0.000000000000000000e+00
4.910927886076314586e+00
0.000000000000000000e+00
0.000000000000000000e+00
0.000000000000000000e+00
6.927116454836909298e+00
0.000000000000000000e+00
0.000000000000000000e+00
2.274284810561493586e+01
1.360432261983903679e+01
1.837075838528402016e+01
-1.738665428230827370e+00
-5.332452419032745361e+00
0.000000000000000000e+00
0.000000000000000000e+00
7.232686337312759228e+00
0.000000000000000000e+00
2.746947318961955631e+01
0.000000000000000000e+00
9.377891213301076334e+00
-4.713543147895444818e+00
0.000000000000000000e+00
0.000000000000000000e+00
0.000000000000000000e+00
0.000000000000000000e+00
0.000000000000000000e+00
1.946941082751313346e+01
0.000000000000000000e+00
0.000000000000000000e+00
0.000000000000000000e+00
0.000000000000000000e+00
5.340086129068874143e+00
5.491615543431354496e+00
2.244564982390218333e+01
0.000000000000000000e+00
0.000000000000000000e+00
0.000000000000000000e+00
9.972354272601190672e+00
1.169172487859017906e+01
-4.081433694765821407e-01
0.000000000000000000e+00
2.189863043723153879e+01
1.121671334182278734e+01
-2.575952098268313506e+00
0.000000000000000000e+00
0.000000000000000000e+00
0.000000000000000000e+00
0.000000000000000000e+00
1.196650709500134013e+01
0.000000000000000000e+00
0.000000000000000000e+00
2.337424189610921488e+01
2.559092289983669222e+00
0.000000000000000000e+00
0.000000000000000000e+00
3.965123379261508152e+00
0.000000000000000000e+00
4.288107675249830386e+00
0.000000000000000000e+00
0.000000000000000000e+00
0.000000000000000000e+00
0.000000000000000000e+00
0.000000000000000000e+00
0.000000000000000000e+00
0.000000000000000000e+00
2.127701647881256708e+00
2.045881372308647173e+01
1.946815830412448989e+01
2.320319903876041323e+01
0.000000000000000000e+00
0.000000000000000000e+00
0.000000000000000000e+00
0.000000000000000000e+00
0.000000000000000000e+00
0.000000000000000000e+00
0.000000000000000000e+00
1.186013011674951878e+00
0.000000000000000000e+00
1.553821282001319837e+01
0.000000000000000000e+00
1.675375783884409842e+01
0.000000000000000000e+00
0.000000000000000000e+00
-1.518584778653035761e+00
1.360722522791363609e+01
0.000000000000000000e+00
2.627425403034449047e+00
0.000000000000000000e+00
1.000881241290478618e+00
0.000000000000000000e+00
-6.526430088931689522e-01
0.000000000000000000e+00
-3.749481762128719087e-01
0.000000000000000000e+00
0.000000000000000000e+00
0.000000000000000000e+00
0.000000000000000000e+00
0.000000000000000000e+00
1.360432261983903679e+01
2.263238888364917489e+00
2.547381080810026788e+01
1.749538666476948379e+01
-6.731386463121767250e+00
0.000000000000000000e+00
1.946881486222254054e+01
0.000000000000000000e+00
0.000000000000000000e+00
1.360598680712162434e+01
0.000000000000000000e+00
0.000000000000000000e+00
-9.596380152536047037e-01
0.000000000000000000e+00
1.673879078572777246e+01
0.000000000000000000e+00
2.062530781827881299e+01
1.947094171065982238e+01
0.000000000000000000e+00
0.000000000000000000e+00
0.000000000000000000e+00
2.443795466030431385e+01
0.000000000000000000e+00
1.553821282001319837e+01
0.000000000000000000e+00
2.836760579624468370e+00
0.000000000000000000e+00
0.000000000000000000e+00
2.874871813721220093e+01
0.000000000000000000e+00
1.848087477271046808e+01
0.000000000000000000e+00
0.000000000000000000e+00
0.000000000000000000e+00
0.000000000000000000e+00
3.982954227334293495e+00
1.848087477271046808e+01
0.000000000000000000e+00
9.606514905423008344e+00
0.000000000000000000e+00
4.893942831239076696e+00
0.000000000000000000e+00
8.172526094698215005e+00
0.000000000000000000e+00
0.000000000000000000e+00
0.000000000000000000e+00
1.000012201363645126e+01
0.000000000000000000e+00
0.000000000000000000e+00
0.000000000000000000e+00
0.000000000000000000e+00
0.000000000000000000e+00
1.220938983568747815e+01
0.000000000000000000e+00
0.000000000000000000e+00
-2.340668829264419326e+00
0.000000000000000000e+00
6.693962382902433284e+00
0.000000000000000000e+00
9.214108192345021875e-01
1.360263266018609229e+01
2.546947318961959539e+01
6.904572222551556671e+00
0.000000000000000000e+00
4.356070460586687898e-01
0.000000000000000000e+00
0.000000000000000000e+00
1.216522232019088001e+01
8.991975897570307907e+00
0.000000000000000000e+00
1.074515752455014450e+01
-4.102773122997446009e+00
-7.771143222818426288e-01
1.780601441326012946e+01
3.050252815971504550e+00
0.000000000000000000e+00
0.000000000000000000e+00
0.000000000000000000e+00
0.000000000000000000e+00
0.000000000000000000e+00
0.000000000000000000e+00
2.415910973350963076e+01
1.458944789223028415e+01
0.000000000000000000e+00
0.000000000000000000e+00
0.000000000000000000e+00
0.000000000000000000e+00
0.000000000000000000e+00
0.000000000000000000e+00
0.000000000000000000e+00
0.000000000000000000e+00
6.471305661517336993e-01
0.000000000000000000e+00
0.000000000000000000e+00
0.000000000000000000e+00
2.176327550979969061e+01
0.000000000000000000e+00
1.874284810561490389e+01
0.000000000000000000e+00
0.000000000000000000e+00
0.000000000000000000e+00
-2.573228878524572938e+00
0.000000000000000000e+00
0.000000000000000000e+00
2.089811685837098310e+01
0.000000000000000000e+00
0.000000000000000000e+00
6.376235730358379428e+00
0.000000000000000000e+00
5.561950708270675392e+00
0.000000000000000000e+00
0.000000000000000000e+00
0.000000000000000000e+00
2.058256955446573500e+00
4.907163896391902647e+00
0.000000000000000000e+00
0.000000000000000000e+00
0.000000000000000000e+00
0.000000000000000000e+00
1.848021791780858081e+01
2.209456507103781941e+00
2.047381080810032472e+01
0.000000000000000000e+00
1.546963986103592070e+01
0.000000000000000000e+00
0.000000000000000000e+00
7.207858952540815878e+00
0.000000000000000000e+00
0.000000000000000000e+00
2.646974857269680470e+01
0.000000000000000000e+00
0.000000000000000000e+00
0.000000000000000000e+00
0.000000000000000000e+00
4.048901465576667746e+00
3.173851048713424206e+01
0.000000000000000000e+00
8.900294800312360977e+00
0.000000000000000000e+00
5.888391037600714917e+00
1.898743736212215927e+00
0.000000000000000000e+00
7.898197156964501531e+00
0.000000000000000000e+00
0.000000000000000000e+00
2.176327550979969061e+01
0.000000000000000000e+00
0.000000000000000000e+00
0.000000000000000000e+00
0.000000000000000000e+00
1.196619621854558702e+01
1.096005115284815190e+01
2.846941082751297358e+01
2.424931214015361380e+00
0.000000000000000000e+00
0.000000000000000000e+00
2.774730251430987948e+01
5.870273035855682942e+00
0.000000000000000000e+00
0.000000000000000000e+00
0.000000000000000000e+00
0.000000000000000000e+00
2.543516139503844187e+01
1.627219630199568812e+01
0.000000000000000000e+00
0.000000000000000000e+00
0.000000000000000000e+00
0.000000000000000000e+00
0.000000000000000000e+00
-1.477117677423162467e+00
0.000000000000000000e+00
2.547381080810026788e+01
0.000000000000000000e+00
0.000000000000000000e+00
0.000000000000000000e+00
6.904572222551556671e+00
0.000000000000000000e+00
0.000000000000000000e+00
0.000000000000000000e+00
1.390818484905597252e+01
0.000000000000000000e+00
0.000000000000000000e+00
2.004909765416951117e+01
3.316034058823649655e+00
0.000000000000000000e+00
1.196486662882958285e+01
0.000000000000000000e+00
0.000000000000000000e+00
-2.009463229190133315e+00
0.000000000000000000e+00
0.000000000000000000e+00
0.000000000000000000e+00
0.000000000000000000e+00
0.000000000000000000e+00
0.000000000000000000e+00
0.000000000000000000e+00
0.000000000000000000e+00
-2.135241997069970754e+00
0.000000000000000000e+00
2.443795466030431385e+01
0.000000000000000000e+00
0.000000000000000000e+00
7.037530327733306779e-01
1.121671334182278734e+01
0.000000000000000000e+00
8.116289449755162977e+00
0.000000000000000000e+00
1.520785895254079989e+01
0.000000000000000000e+00
1.290585263490076429e+01
6.904572222551556671e+00
0.000000000000000000e+00
0.000000000000000000e+00
1.233812906598324410e+01
4.400711180842609593e+00
1.005585270972234291e+01
0.000000000000000000e+00
1.292672547074971234e+01
9.173385480360915167e+00
8.207921314647292022e+00
0.000000000000000000e+00
0.000000000000000000e+00
1.573879078572776358e+01
0.000000000000000000e+00
0.000000000000000000e+00
0.000000000000000000e+00
9.294913718806229852e+00
0.000000000000000000e+00
2.346941082751311924e+01
1.532601699669216977e+01
0.000000000000000000e+00
0.000000000000000000e+00
-1.944037492109206511e+00
2.443795466030431385e+01
0.000000000000000000e+00
1.928224550599551446e+00
-9.592046578852386318e+00
0.000000000000000000e+00
1.517506909762145284e+01
0.000000000000000000e+00
0.000000000000000000e+00
6.904572222551556671e+00
1.873474990096255732e+00
0.000000000000000000e+00
7.212258933128004479e+00
2.975623544095921336e+00
1.746974857269685799e+01
1.654564445196827549e+01
0.000000000000000000e+00
-4.449189787325793510e+00
6.688216511357524929e+00
0.000000000000000000e+00
0.000000000000000000e+00
0.000000000000000000e+00
-3.188802295439124634e+00
2.089863043723154945e+01
2.846974857269669457e+01
0.000000000000000000e+00
0.000000000000000000e+00
0.000000000000000000e+00
0.000000000000000000e+00
0.000000000000000000e+00
0.000000000000000000e+00
1.848087477271046808e+01
0.000000000000000000e+00
5.212903746831693219e+00
0.000000000000000000e+00
1.553821282001319837e+01
0.000000000000000000e+00
0.000000000000000000e+00
0.000000000000000000e+00
3.966196218545584795e+00
0.000000000000000000e+00
0.000000000000000000e+00
0.000000000000000000e+00
0.000000000000000000e+00
-3.266190649196985873e+00
2.747094171065972645e+01
0.000000000000000000e+00
0.000000000000000000e+00
0.000000000000000000e+00
1.870905516260789270e+00
0.000000000000000000e+00
0.000000000000000000e+00
0.000000000000000000e+00
1.088612609636174078e+01
1.456756981148672914e+01
0.000000000000000000e+00
0.000000000000000000e+00
0.000000000000000000e+00
2.443795466030431385e+01
0.000000000000000000e+00
0.000000000000000000e+00
0.000000000000000000e+00
0.000000000000000000e+00
1.367527685884031730e+00
0.000000000000000000e+00
0.000000000000000000e+00
0.000000000000000000e+00
-9.022262362393826396e-02
0.000000000000000000e+00
1.843448062256490516e+01
0.000000000000000000e+00
1.347044247474195089e+01
0.000000000000000000e+00
0.000000000000000000e+00
5.212258933128025795e+00
5.942887591490641164e+00
0.000000000000000000e+00
8.290540677337277842e+00
1.690818484905597074e+01
0.000000000000000000e+00
0.000000000000000000e+00
1.547110838207608552e+01
0.000000000000000000e+00
0.000000000000000000e+00
0.000000000000000000e+00
0.000000000000000000e+00
0.000000000000000000e+00
5.367527685884022404e+00
1.126084640442523899e+01
1.030510278533211022e+01
0.000000000000000000e+00
1.030510278533211022e+01
2.547381080810026788e+01
0.000000000000000000e+00
0.000000000000000000e+00
2.543516139503844187e+01
0.000000000000000000e+00
1.646947749892940394e+01
0.000000000000000000e+00
3.666132072129712594e+00
0.000000000000000000e+00
1.515979808898042336e+01
0.000000000000000000e+00
1.089823405160958103e+01
0.000000000000000000e+00
6.907166342605008502e+00
1.166382380866802393e+01
1.749538666476948379e+01
0.000000000000000000e+00
9.221477172150299495e+00
0.000000000000000000e+00
0.000000000000000000e+00
0.000000000000000000e+00
1.975375783884410907e+01
2.543516139503844187e+01
0.000000000000000000e+00
6.017124261326092238e+00
0.000000000000000000e+00
-3.375736528999728758e+00
0.000000000000000000e+00
0.000000000000000000e+00
0.000000000000000000e+00
0.000000000000000000e+00
5.966196218545602115e+00
0.000000000000000000e+00
0.000000000000000000e+00
0.000000000000000000e+00
0.000000000000000000e+00
-3.035155590164053674e+00
-2.337418290883350291e+00
1.789811685837093691e+01
0.000000000000000000e+00
0.000000000000000000e+00
0.000000000000000000e+00
0.000000000000000000e+00
2.343775306887881626e+01
9.777433672458357705e-01
1.590022998981938862e+01
0.000000000000000000e+00
