0.000000000000000000e+00
0.000000000000000000e+00
1.848441452211055491e+01
0.000000000000000000e+00
0.000000000000000000e+00
2.145305623965413133e+01
2.192045947182169052e-01
0.000000000000000000e+00
0.000000000000000000e+00
2.147826521679517597e+01
0.000000000000000000e+00
1.975240905559816085e+01
1.423851540590267106e+01
0.000000000000000000e+00
0.000000000000000000e+00
0.000000000000000000e+00
1.420792131464732755e+01
0.000000000000000000e+00
1.746941062543397649e+01
0.000000000000000000e+00
0.000000000000000000e+00
0.000000000000000000e+00
3.046941082751305174e+01
0.000000000000000000e+00
0.000000000000000000e+00
0.000000000000000000e+00
2.933781622772490216e+00
0.000000000000000000e+00
0.000000000000000000e+00
5.907076221426344809e+00
0.000000000000000000e+00
0.000000000000000000e+00
0.000000000000000000e+00
0.000000000000000000e+00
0.000000000000000000e+00
4.911513897293774633e+00
0.000000000000000000e+00
0.000000000000000000e+00
6.904549887225353011e+00
1.747094171065983659e+01
0.000000000000000000e+00
0.000000000000000000e+00
0.000000000000000000e+00
0.000000000000000000e+00
9.212258933127960958e+00
0.000000000000000000e+00
4.912212867172458530e+00
5.038873932561355851e+00
2.986509702383933984e+00
0.000000000000000000e+00
4.952483261327366715e-01
2.444526669996077572e+01
1.095601281015769501e+01
0.000000000000000000e+00
2.543510426671145197e+01
0.000000000000000000e+00
1.040760386222191869e+01
1.685201125137487566e+01
0.000000000000000000e+00
0.000000000000000000e+00
2.446941082751310148e+01
-8.885225634910898616e-09
0.000000000000000000e+00
0.000000000000000000e+00
9.216713341822808658e+00
2.921156284723303020e+00
6.905986034809237673e+00
0.000000000000000000e+00
0.000000000000000000e+00
0.000000000000000000e+00
0.000000000000000000e+00
0.000000000000000000e+00
0.000000000000000000e+00
0.000000000000000000e+00
3.768866804703129600e-04
0.000000000000000000e+00
0.000000000000000000e+00
0.000000000000000000e+00
0.000000000000000000e+00
0.000000000000000000e+00
5.912514077218494535e+00
0.000000000000000000e+00
1.976868929449330992e+01
2.946947318961953144e+01
0.000000000000000000e+00
0.000000000000000000e+00
1.021671334182280866e+01
1.015961833654273283e+00
0.000000000000000000e+00
0.000000000000000000e+00
4.367865431067736282e+00
0.000000000000000000e+00
0.000000000000000000e+00
0.000000000000000000e+00
4.912460632886411993e+00
3.817545575900596955e+00
0.000000000000000000e+00
7.045526663651438426e+00
0.000000000000000000e+00
0.000000000000000000e+00
0.000000000000000000e+00
0.000000000000000000e+00
0.000000000000000000e+00
0.000000000000000000e+00
0.000000000000000000e+00
2.754968804835820517e+00
0.000000000000000000e+00
1.773903708696549586e+01
0.000000000000000000e+00
1.847094158902354266e+01
0.000000000000000000e+00
0.000000000000000000e+00
3.917098232088403797e+00
0.000000000000000000e+00
0.000000000000000000e+00
0.000000000000000000e+00
0.000000000000000000e+00
0.000000000000000000e+00
1.290953026863192754e+01
2.145328892869071069e+01
0.000000000000000000e+00
0.000000000000000000e+00
0.000000000000000000e+00
2.477345972321592171e+01
0.000000000000000000e+00
0.000000000000000000e+00
1.927021330642762820e+01
0.000000000000000000e+00
2.145354823333209993e+01
2.344277720320784297e+01
0.000000000000000000e+00
2.347826521679515466e+01
0.000000000000000000e+00
3.630952957416231364e-01
1.220819669772450489e+01
0.000000000000000000e+00
2.580444130153621529e+01
0.000000000000000000e+00
2.473997900817444062e+01
0.000000000000000000e+00
0.000000000000000000e+00
0.000000000000000000e+00
1.459177863984527690e+01
0.000000000000000000e+00
1.881869684773669249e+01
7.207921314647335542e+00
3.548178463194170185e+00
0.000000000000000000e+00
2.122909605281387257e+01
0.000000000000000000e+00
1.191713034220934553e+01
0.000000000000000000e+00
0.000000000000000000e+00
3.022909605281393297e+01
0.000000000000000000e+00
0.000000000000000000e+00
2.344919718447867041e+01
1.651462467281633195e+01
0.000000000000000000e+00
2.774192341830233488e+01
0.000000000000000000e+00
1.361187182760537873e+01
1.081458492169844909e+00
-8.885225634910898616e-09
0.000000000000000000e+00
0.000000000000000000e+00
1.381964033702553429e+01
0.000000000000000000e+00
0.000000000000000000e+00
0.000000000000000000e+00
0.000000000000000000e+00
0.000000000000000000e+00
0.000000000000000000e+00
0.000000000000000000e+00
0.000000000000000000e+00
8.232686337312712155e+00
0.000000000000000000e+00
2.244750852887579740e+01
1.314939035772369369e+00
0.000000000000000000e+00
1.547397681898767985e+01
0.000000000000000000e+00
2.921774269823321557e+00
3.510459814558997582e+00
0.000000000000000000e+00
9.207858952540775022e+00
2.365366520937470796e+01
2.543507146295644006e+01
0.000000000000000000e+00
0.000000000000000000e+00
0.000000000000000000e+00
0.000000000000000000e+00
1.527831330642760754e+01
0.000000000000000000e+00
1.847826495266560443e+01
0.000000000000000000e+00
0.000000000000000000e+00
1.291225124968681470e+01
2.145968825965594107e+01
1.947163179496932273e+01
3.369058569030715322e+00
9.389209939113299930e-01
1.448192992337190432e+01
0.000000000000000000e+00
0.000000000000000000e+00
0.000000000000000000e+00
9.312005758887154983e+00
0.000000000000000000e+00
6.904539277402330200e+00
-2.020791690858872318e-07
9.884740951601585834e+00
0.000000000000000000e+00
2.444370306188019626e+01
1.075007834983521038e+00
5.371462192137405722e+00
0.000000000000000000e+00
0.000000000000000000e+00
0.000000000000000000e+00
0.000000000000000000e+00
0.000000000000000000e+00
0.000000000000000000e+00
-8.504096095591827372e-07
0.000000000000000000e+00
2.555370286594974699e-03
0.000000000000000000e+00
0.000000000000000000e+00
6.250839968361364463e+00
2.898661721324081064e+00
1.496670979740612673e+01
0.000000000000000000e+00
0.000000000000000000e+00
0.000000000000000000e+00
2.723607178491163694e+01
0.000000000000000000e+00
0.000000000000000000e+00
1.579163950173037634e+01
0.000000000000000000e+00
0.000000000000000000e+00
0.000000000000000000e+00
0.000000000000000000e+00
0.000000000000000000e+00
3.943727433446754249e-01
0.000000000000000000e+00
0.000000000000000000e+00
1.646953927986302091e+01
0.000000000000000000e+00
0.000000000000000000e+00
0.000000000000000000e+00
2.146941082751314056e+01
0.000000000000000000e+00
5.610193637463362082e-01
0.000000000000000000e+00
0.000000000000000000e+00
1.946981538764130093e+01
0.000000000000000000e+00
6.075487489963987464e+00
0.000000000000000000e+00
0.000000000000000000e+00
2.543508049258607073e+01
2.244818164458418508e+01
0.000000000000000000e+00
3.216712681293955267e+00
0.000000000000000000e+00
0.000000000000000000e+00
0.000000000000000000e+00
2.241787571920720268e+01
0.000000000000000000e+00
0.000000000000000000e+00
1.320938983568748526e+01
0.000000000000000000e+00
5.924080559757150866e+00
1.704033794443230665e+00
0.000000000000000000e+00
0.000000000000000000e+00
0.000000000000000000e+00
1.094162763383152281e+01
0.000000000000000000e+00
0.000000000000000000e+00
2.145638541190234960e+01
0.000000000000000000e+00
1.489863043723156188e+01
0.000000000000000000e+00
0.000000000000000000e+00
3.217752459802391485e+01
0.000000000000000000e+00
0.000000000000000000e+00
0.000000000000000000e+00
0.000000000000000000e+00
0.000000000000000000e+00
0.000000000000000000e+00
0.000000000000000000e+00
1.189863043723158142e+01
1.247956288844349615e+01
0.000000000000000000e+00
0.000000000000000000e+00
0.000000000000000000e+00
0.000000000000000000e+00
1.646355201208526076e+00
2.344555578199945600e+01
0.000000000000000000e+00
6.969209349994015312e+00
0.000000000000000000e+00
0.000000000000000000e+00
0.000000000000000000e+00
2.344266844104556569e+01
0.000000000000000000e+00
0.000000000000000000e+00
1.677410202733769617e+00
0.000000000000000000e+00
0.000000000000000000e+00
2.564465859958898974e+00
0.000000000000000000e+00
2.047227749503968042e+01
1.746974829968204901e+01
3.916742025561552154e+00
7.627895050281630063e-01
0.000000000000000000e+00
0.000000000000000000e+00
0.000000000000000000e+00
0.000000000000000000e+00
0.000000000000000000e+00
0.000000000000000000e+00
2.946941082751301622e+01
5.911316395824432135e+00
0.000000000000000000e+00
0.000000000000000000e+00
2.046573039645775438e+01
0.000000000000000000e+00
2.444250149625197110e+01
3.991459141967624635e+00
1.656684525421845322e+01
1.378073699677580422e+01
3.947531425560898422e-01
0.000000000000000000e+00
0.000000000000000000e+00
5.521898382645451520e+00
2.145268822553732235e+01
2.145343656545420430e+01
0.000000000000000000e+00
0.000000000000000000e+00
3.017255882623695484e+01
0.000000000000000000e+00
2.543513559122314405e+01
0.000000000000000000e+00
0.000000000000000000e+00
4.367527685884017075e+00
0.000000000000000000e+00
0.000000000000000000e+00
2.145343751798626997e+01
2.546974857269679404e+01
2.543844469003502695e+01
2.646947318961960960e+01
0.000000000000000000e+00
1.589819715696448910e+01
0.000000000000000000e+00
0.000000000000000000e+00
0.000000000000000000e+00
0.000000000000000000e+00
0.000000000000000000e+00
0.000000000000000000e+00
2.794303424213090192e+00
0.000000000000000000e+00
1.690497622142633460e+01
0.000000000000000000e+00
0.000000000000000000e+00
0.000000000000000000e+00
0.000000000000000000e+00
0.000000000000000000e+00
7.216713341822852179e+00
0.000000000000000000e+00
0.000000000000000000e+00
-8.885225634910898616e-09
0.000000000000000000e+00
0.000000000000000000e+00
1.353934019236359143e+00
1.022316866635715549e+01
0.000000000000000000e+00
0.000000000000000000e+00
0.000000000000000000e+00
0.000000000000000000e+00
-1.983362406278129431e+00
0.000000000000000000e+00
0.000000000000000000e+00
0.000000000000000000e+00
1.106250095685564760e+00
0.000000000000000000e+00
0.000000000000000000e+00
0.000000000000000000e+00
0.000000000000000000e+00
9.898630437231561885e+00
0.000000000000000000e+00
2.227146490484854269e+01
0.000000000000000000e+00
0.000000000000000000e+00
0.000000000000000000e+00
4.344707959583849366e+00
1.929329765309445444e+00
5.688023510874647970e-01
0.000000000000000000e+00
1.247512167928663196e+01
1.990995124968676322e+01
0.000000000000000000e+00
-8.885225634910898616e-09
1.842113552759514761e+01
0.000000000000000000e+00
0.000000000000000000e+00
5.951567887781795685e-01
5.900529989819379928e+00
0.000000000000000000e+00
3.533079071523583803e+00
0.000000000000000000e+00
0.000000000000000000e+00
1.020938983568746572e+01
4.367527685884017075e+00
0.000000000000000000e+00
0.000000000000000000e+00
0.000000000000000000e+00
2.075995089606437816e+01
-8.504096095591827372e-07
1.420819669772452976e+01
0.000000000000000000e+00
0.000000000000000000e+00
3.953276729252095389e-01
2.846941082751297358e+01
0.000000000000000000e+00
0.000000000000000000e+00
0.000000000000000000e+00
0.000000000000000000e+00
0.000000000000000000e+00
0.000000000000000000e+00
0.000000000000000000e+00
0.000000000000000000e+00
0.000000000000000000e+00
0.000000000000000000e+00
0.000000000000000000e+00
0.000000000000000000e+00
0.000000000000000000e+00
0.000000000000000000e+00
2.244838206144362758e+01
0.000000000000000000e+00
0.000000000000000000e+00
0.000000000000000000e+00
1.252096825605808039e+00
0.000000000000000000e+00
0.000000000000000000e+00
8.451731141441893413e+00
3.648902445997930233e-01
1.021225893312796451e+01
0.000000000000000000e+00
0.000000000000000000e+00
2.687749815498805539e+00
0.000000000000000000e+00
0.000000000000000000e+00
1.332446557431700707e-01
1.651438756792794393e+01
1.096627651713910190e+01
2.447094171065979396e+01
2.773903708696562731e+01
0.000000000000000000e+00
2.912265088101378741e+00
2.047381080810032472e+01
0.000000000000000000e+00
0.000000000000000000e+00
0.000000000000000000e+00
1.949283824740026461e+01
0.000000000000000000e+00
0.000000000000000000e+00
0.000000000000000000e+00
2.846941082751297358e+01
1.947421929173770039e+01
0.000000000000000000e+00
6.216713341822864614e+00
0.000000000000000000e+00
1.947009507445548948e+01
1.849103371008600050e+01
5.991892633791216838e+00
0.000000000000000000e+00
0.000000000000000000e+00
0.000000000000000000e+00
0.000000000000000000e+00
0.000000000000000000e+00
3.922779173620884130e+00
0.000000000000000000e+00
0.000000000000000000e+00
0.000000000000000000e+00
0.000000000000000000e+00
2.543511915126929424e+01
1.048673009019043256e+01
2.376325580839323592e+01
6.542993593314158085e-01
0.000000000000000000e+00
0.000000000000000000e+00
0.000000000000000000e+00
0.000000000000000000e+00
0.000000000000000000e+00
0.000000000000000000e+00
1.147203951715882475e+01
0.000000000000000000e+00
1.276322635963441776e+01
0.000000000000000000e+00
-4.929794156134527372e-02
0.000000000000000000e+00
0.000000000000000000e+00
0.000000000000000000e+00
0.000000000000000000e+00
0.000000000000000000e+00
0.000000000000000000e+00
1.380073905688709957e+01
1.295809539055889692e+00
0.000000000000000000e+00
5.910907019102566551e+00
0.000000000000000000e+00
0.000000000000000000e+00
0.000000000000000000e+00
0.000000000000000000e+00
0.000000000000000000e+00
0.000000000000000000e+00
5.014926355921952350e+00
0.000000000000000000e+00
1.589811685837096000e+01
0.000000000000000000e+00
2.543861682935061808e+01
2.046067724000642229e+01
3.857192129878842662e-02
0.000000000000000000e+00
0.000000000000000000e+00
0.000000000000000000e+00
2.244830982524763741e+01
3.117081572972831083e+01
0.000000000000000000e+00
1.457126668059051688e+01
0.000000000000000000e+00
4.912451783017471207e+00
0.000000000000000000e+00
0.000000000000000000e+00
0.000000000000000000e+00
6.982162014307507825e+00
0.000000000000000000e+00
0.000000000000000000e+00
2.274292840420846318e+01
1.366406295990306319e+01
1.848131589284105658e+01
0.000000000000000000e+00
0.000000000000000000e+00
0.000000000000000000e+00
0.000000000000000000e+00
7.232686337312759228e+00
0.000000000000000000e+00
2.746947318961955631e+01
0.000000000000000000e+00
9.374835233899577958e+00
0.000000000000000000e+00
0.000000000000000000e+00
0.000000000000000000e+00
0.000000000000000000e+00
0.000000000000000000e+00
0.000000000000000000e+00
1.946941082751313346e+01
0.000000000000000000e+00
0.000000000000000000e+00
0.000000000000000000e+00
0.000000000000000000e+00
5.347706244845816137e+00
6.291222609213614092e+00
2.244714439364202363e+01
0.000000000000000000e+00
0.000000000000000000e+00
0.000000000000000000e+00
9.927244824038108817e+00
1.165283791411172842e+01
9.036510647781808014e-01
0.000000000000000000e+00
2.189863043723153879e+01
1.121671334182278734e+01
0.000000000000000000e+00
0.000000000000000000e+00
0.000000000000000000e+00
0.000000000000000000e+00
0.000000000000000000e+00
1.849501257779256846e+01
0.000000000000000000e+00
0.000000000000000000e+00
2.344344614964128581e+01
2.898652371472022260e+00
0.000000000000000000e+00
0.000000000000000000e+00
1.279407133825327669e+00
0.000000000000000000e+00
4.288106460916130125e+00
0.000000000000000000e+00
0.000000000000000000e+00
0.000000000000000000e+00
0.000000000000000000e+00
0.000000000000000000e+00
0.000000000000000000e+00
0.000000000000000000e+00
2.126011004816444228e+00
2.046009014541259319e+01
1.947648068689850120e+01
2.318351072768981780e+01
0.000000000000000000e+00
0.000000000000000000e+00
0.000000000000000000e+00
0.000000000000000000e+00
0.000000000000000000e+00
0.000000000000000000e+00
0.000000000000000000e+00
1.272029530860768087e+00
0.000000000000000000e+00
1.554372964685414971e+01
0.000000000000000000e+00
1.675375783884409842e+01
0.000000000000000000e+00
0.000000000000000000e+00
-8.504096095591827372e-07
1.368873133700738265e+01
0.000000000000000000e+00
2.597557791059884380e+00
0.000000000000000000e+00
1.946946579161644308e+01
0.000000000000000000e+00
3.305132964919793026e-01
0.000000000000000000e+00
6.446544239221225769e-01
0.000000000000000000e+00
0.000000000000000000e+00
0.000000000000000000e+00
0.000000000000000000e+00
0.000000000000000000e+00
1.360629004503421058e+01
3.450127297512184388e+00
2.443844505313052906e+01
1.749567291366973265e+01
0.000000000000000000e+00
0.000000000000000000e+00
1.946950095702758787e+01
0.000000000000000000e+00
0.000000000000000000e+00
1.433966653115306400e+01
0.000000000000000000e+00
0.000000000000000000e+00
5.415789609496788337e-01
0.000000000000000000e+00
1.673903708696549586e+01
0.000000000000000000e+00
2.154548157177786649e+01
1.947094171065982238e+01
0.000000000000000000e+00
0.000000000000000000e+00
0.000000000000000000e+00
2.444016041546655771e+01
0.000000000000000000e+00
1.556823022148039293e+01
0.000000000000000000e+00
3.418243129630343713e+00
0.000000000000000000e+00
0.000000000000000000e+00
2.874671353745219449e+01
0.000000000000000000e+00
1.848277434208867831e+01
0.000000000000000000e+00
0.000000000000000000e+00
0.000000000000000000e+00
0.000000000000000000e+00
3.981614105072531107e+00
1.848109584012128792e+01
0.000000000000000000e+00
9.588807714400452653e+00
0.000000000000000000e+00
4.901129989819382970e+00
0.000000000000000000e+00
8.232691789443617125e+00
0.000000000000000000e+00
0.000000000000000000e+00
0.000000000000000000e+00
1.076948170582383391e+01
0.000000000000000000e+00
0.000000000000000000e+00
0.000000000000000000e+00
0.000000000000000000e+00
0.000000000000000000e+00
1.220938983568747815e+01
0.000000000000000000e+00
0.000000000000000000e+00
8.863803741446260043e-01
0.000000000000000000e+00
6.660251179733180038e+00
0.000000000000000000e+00
5.411565958515462960e-01
1.365593034359817182e+01
2.546947318961959539e+01
6.904522093610769851e+00
0.000000000000000000e+00
4.356070460586687898e-01
0.000000000000000000e+00
0.000000000000000000e+00
1.347159615276093270e+01
9.082932894486095421e+00
0.000000000000000000e+00
1.074677406345013964e+01
0.000000000000000000e+00
1.499661960037814490e+00
1.779844303983745490e+01
2.635511754355533753e+00
0.000000000000000000e+00
0.000000000000000000e+00
0.000000000000000000e+00
0.000000000000000000e+00
0.000000000000000000e+00
0.000000000000000000e+00
2.422909605281388679e+01
1.460279703252849792e+01
0.000000000000000000e+00
0.000000000000000000e+00
0.000000000000000000e+00
0.000000000000000000e+00
0.000000000000000000e+00
0.000000000000000000e+00
0.000000000000000000e+00
0.000000000000000000e+00
1.426559147397342908e+00
0.000000000000000000e+00
0.000000000000000000e+00
0.000000000000000000e+00
2.176325580839322171e+01
0.000000000000000000e+00
1.874192341830219632e+01
0.000000000000000000e+00
0.000000000000000000e+00
0.000000000000000000e+00
-1.018517741906649343e+00
0.000000000000000000e+00
0.000000000000000000e+00
2.089811685837098310e+01
0.000000000000000000e+00
0.000000000000000000e+00
6.366393816593985733e+00
0.000000000000000000e+00
1.340130928420535383e+01
0.000000000000000000e+00
0.000000000000000000e+00
0.000000000000000000e+00
3.919396829064039078e+00
4.914108428558728647e+00
0.000000000000000000e+00
0.000000000000000000e+00
0.000000000000000000e+00
0.000000000000000000e+00
1.865789054873818031e+01
3.218426691247497362e-02
2.047381080810032472e+01
0.000000000000000000e+00
1.546963981032996394e+01
0.000000000000000000e+00
0.000000000000000000e+00
7.207858952540815878e+00
0.000000000000000000e+00
0.000000000000000000e+00
2.646974857269680470e+01
0.000000000000000000e+00
0.000000000000000000e+00
0.000000000000000000e+00
0.000000000000000000e+00
4.245488453886015812e+00
3.173851048713424206e+01
0.000000000000000000e+00
8.900329989819420362e+00
0.000000000000000000e+00
5.908786160887820493e+00
1.355037586530405846e+00
0.000000000000000000e+00
7.898197156964501531e+00
0.000000000000000000e+00
0.000000000000000000e+00
2.176325580839322171e+01
0.000000000000000000e+00
0.000000000000000000e+00
0.000000000000000000e+00
0.000000000000000000e+00
1.196619621854558702e+01
1.095982337926153782e+01
2.846941082751297358e+01
3.105337244684271525e+00
0.000000000000000000e+00
0.000000000000000000e+00
2.774635373106393388e+01
1.025258249525567678e+01
0.000000000000000000e+00
0.000000000000000000e+00
0.000000000000000000e+00
0.000000000000000000e+00
2.543506176174684441e+01
1.624887393645636990e+01
0.000000000000000000e+00
0.000000000000000000e+00
0.000000000000000000e+00
0.000000000000000000e+00
0.000000000000000000e+00
7.227582402098455816e-01
0.000000000000000000e+00
2.444035995874227396e+01
0.000000000000000000e+00
0.000000000000000000e+00
0.000000000000000000e+00
6.904567809644824194e+00
0.000000000000000000e+00
0.000000000000000000e+00
0.000000000000000000e+00
1.390712844027302353e+01
0.000000000000000000e+00
0.000000000000000000e+00
2.154520562804682626e+01
3.656162917766324849e+00
0.000000000000000000e+00
1.881208523794452603e+01
0.000000000000000000e+00
0.000000000000000000e+00
1.412250404254548286e+00
0.000000000000000000e+00
0.000000000000000000e+00
0.000000000000000000e+00
0.000000000000000000e+00
0.000000000000000000e+00
0.000000000000000000e+00
0.000000000000000000e+00
0.000000000000000000e+00
1.043567827179799457e+00
0.000000000000000000e+00
2.444208981580066364e+01
0.000000000000000000e+00
0.000000000000000000e+00
0.000000000000000000e+00
1.121671334182278734e+01
0.000000000000000000e+00
8.434074625868328567e+00
0.000000000000000000e+00
1.520785895254079989e+01
0.000000000000000000e+00
1.290567622142639870e+01
6.904532822687094118e+00
0.000000000000000000e+00
0.000000000000000000e+00
1.231441522831909907e+01
4.406525301201484446e+00
9.988423853656650309e+00
0.000000000000000000e+00
1.291727588989228614e+01
9.157708481497319752e+00
8.478628536881409161e+00
0.000000000000000000e+00
0.000000000000000000e+00
1.573903708696548343e+01
0.000000000000000000e+00
0.000000000000000000e+00
0.000000000000000000e+00
9.470932239425669863e+00
0.000000000000000000e+00
2.346941082751311924e+01
1.525249787754165354e+01
0.000000000000000000e+00
0.000000000000000000e+00
-8.504096095591827372e-07
2.443854491296080766e+01
0.000000000000000000e+00
1.929168083940273615e+00
9.381006721012867811e-01
0.000000000000000000e+00
2.249423821228506881e+01
0.000000000000000000e+00
0.000000000000000000e+00
6.904544916531372145e+00
2.489811587086527389e+00
0.000000000000000000e+00
5.501397392248783547e+00
0.000000000000000000e+00
1.746974837061769392e+01
1.689808274005656585e+01
0.000000000000000000e+00
9.177621407730103265e-01
6.762487549640670892e+00
0.000000000000000000e+00
0.000000000000000000e+00
0.000000000000000000e+00
2.213309306173995017e-01
2.089863043723154945e+01
2.846974857269669457e+01
0.000000000000000000e+00
0.000000000000000000e+00
0.000000000000000000e+00
0.000000000000000000e+00
0.000000000000000000e+00
0.000000000000000000e+00
1.849476804468262259e+01
0.000000000000000000e+00
5.669939032559447867e+00
0.000000000000000000e+00
1.554188457015336056e+01
0.000000000000000000e+00
0.000000000000000000e+00
0.000000000000000000e+00
3.966196218545584795e+00
0.000000000000000000e+00
0.000000000000000000e+00
0.000000000000000000e+00
0.000000000000000000e+00
0.000000000000000000e+00
2.747094171065972645e+01
0.000000000000000000e+00
0.000000000000000000e+00
0.000000000000000000e+00
2.547111214053066064e+00
0.000000000000000000e+00
0.000000000000000000e+00
0.000000000000000000e+00
1.100378395282312916e+01
1.457207531824411362e+01
0.000000000000000000e+00
0.000000000000000000e+00
0.000000000000000000e+00
2.443979953301025887e+01
0.000000000000000000e+00
0.000000000000000000e+00
0.000000000000000000e+00
0.000000000000000000e+00
1.367527685884031730e+00
0.000000000000000000e+00
0.000000000000000000e+00
0.000000000000000000e+00
2.650781449255725994e-03
0.000000000000000000e+00
1.848172538201268011e+01
0.000000000000000000e+00
1.347044121285667728e+01
0.000000000000000000e+00
0.000000000000000000e+00
5.212258415092413166e+00
4.253548670591077219e+00
0.000000000000000000e+00
8.289629050395276977e+00
1.690712844027301642e+01
0.000000000000000000e+00
0.000000000000000000e+00
1.547110813327717693e+01
0.000000000000000000e+00
0.000000000000000000e+00
0.000000000000000000e+00
0.000000000000000000e+00
0.000000000000000000e+00
5.367527685884022404e+00
1.125673514599452396e+01
2.444613195896499036e+01
0.000000000000000000e+00
2.479494863946893801e+01
2.547381080810026788e+01
0.000000000000000000e+00
-2.020791690858872318e-07
2.543503997917341053e+01
0.000000000000000000e+00
1.646947692787445661e+01
0.000000000000000000e+00
7.772724947590359257e+00
0.000000000000000000e+00
1.515987830713107876e+01
0.000000000000000000e+00
1.089863043723156188e+01
0.000000000000000000e+00
6.905895789175918509e+00
1.143758273316070451e+01
1.749653316019205462e+01
0.000000000000000000e+00
9.229770823770666155e+00
0.000000000000000000e+00
0.000000000000000000e+00
0.000000000000000000e+00
1.975103322510882009e+01
2.543515598131656574e+01
0.000000000000000000e+00
6.015961833654283275e+00
0.000000000000000000e+00
0.000000000000000000e+00
0.000000000000000000e+00
0.000000000000000000e+00
0.000000000000000000e+00
0.000000000000000000e+00
5.966196218545602115e+00
0.000000000000000000e+00
0.000000000000000000e+00
0.000000000000000000e+00
0.000000000000000000e+00
0.000000000000000000e+00
3.162632987885795610e-01
1.789811685837093691e+01
0.000000000000000000e+00
0.000000000000000000e+00
0.000000000000000000e+00
0.000000000000000000e+00
2.344476040982583598e+01
9.772555816009805829e-01
1.590022998981938862e+01
0.000000000000000000e+00
