0.000000000000000000e+00
0.000000000000000000e+00
1.848085507130399563e+01
0.000000000000000000e+00
0.000000000000000000e+00
2.145115640334834950e+01
0.000000000000000000e+00
0.000000000000000000e+00
0.000000000000000000e+00
2.147826521679517597e+01
0.000000000000000000e+00
1.651440354778780772e+01
1.078053563790920322e+01
0.000000000000000000e+00
0.000000000000000000e+00
0.000000000000000000e+00
5.907365487817417993e+00
0.000000000000000000e+00
1.746941082751314056e+01
0.000000000000000000e+00
0.000000000000000000e+00
0.000000000000000000e+00
3.046941082751305174e+01
0.000000000000000000e+00
0.000000000000000000e+00
0.000000000000000000e+00
0.000000000000000000e+00
0.000000000000000000e+00
0.000000000000000000e+00
0.000000000000000000e+00
0.000000000000000000e+00
0.000000000000000000e+00
0.000000000000000000e+00
0.000000000000000000e+00
0.000000000000000000e+00
4.910927886076314586e+00
0.000000000000000000e+00
0.000000000000000000e+00
6.904572222551556671e+00
1.747094171065983659e+01
0.000000000000000000e+00
0.000000000000000000e+00
0.000000000000000000e+00
0.000000000000000000e+00
3.915060651415265713e+00
0.000000000000000000e+00
4.910927886076314586e+00
4.743693420153007878e+00
0.000000000000000000e+00
0.000000000000000000e+00
0.000000000000000000e+00
2.443795466030431385e+01
1.078130411872926508e+01
0.000000000000000000e+00
2.543516139503844187e+01
0.000000000000000000e+00
3.915060651415265713e+00
1.651440354778780772e+01
0.000000000000000000e+00
0.000000000000000000e+00
2.446941082751310148e+01
0.000000000000000000e+00
0.000000000000000000e+00
0.000000000000000000e+00
4.910927886076314586e+00
2.920587942401280390e+00
6.904572222551556671e+00
0.000000000000000000e+00
0.000000000000000000e+00
0.000000000000000000e+00
0.000000000000000000e+00
0.000000000000000000e+00
0.000000000000000000e+00
0.000000000000000000e+00
0.000000000000000000e+00
0.000000000000000000e+00
0.000000000000000000e+00
0.000000000000000000e+00
0.000000000000000000e+00
0.000000000000000000e+00
5.907365487817417993e+00
0.000000000000000000e+00
2.047094171065982238e+01
2.946947318961953144e+01
0.000000000000000000e+00
0.000000000000000000e+00
5.907365487817417993e+00
0.000000000000000000e+00
0.000000000000000000e+00
0.000000000000000000e+00
0.000000000000000000e+00
0.000000000000000000e+00
0.000000000000000000e+00
0.000000000000000000e+00
4.910927886076314586e+00
1.780314726056581587e-01
0.000000000000000000e+00
0.000000000000000000e+00
0.000000000000000000e+00
0.000000000000000000e+00
0.000000000000000000e+00
0.000000000000000000e+00
0.000000000000000000e+00
0.000000000000000000e+00
0.000000000000000000e+00
0.000000000000000000e+00
0.000000000000000000e+00
1.078552804090787376e+01
0.000000000000000000e+00
1.847094171065983659e+01
0.000000000000000000e+00
0.000000000000000000e+00
3.915060651415265713e+00
0.000000000000000000e+00
0.000000000000000000e+00
0.000000000000000000e+00
0.000000000000000000e+00
0.000000000000000000e+00
1.936758901065204874e+00
2.145117711488821755e+01
0.000000000000000000e+00
0.000000000000000000e+00
0.000000000000000000e+00
2.344151705856322465e+01
0.000000000000000000e+00
0.000000000000000000e+00
4.898084481179526328e+00
0.000000000000000000e+00
2.145117711488821755e+01
2.344151705856322465e+01
0.000000000000000000e+00
2.347826521679515466e+01
0.000000000000000000e+00
0.000000000000000000e+00
4.910927886076314586e+00
0.000000000000000000e+00
2.244564982390218333e+01
0.000000000000000000e+00
1.848085507130399563e+01
0.000000000000000000e+00
0.000000000000000000e+00
0.000000000000000000e+00
1.456749925332722206e+01
0.000000000000000000e+00
1.946879406860321637e+01
-1.035202507717447151e+00
0.000000000000000000e+00
0.000000000000000000e+00
4.221298119984898456e+00
0.000000000000000000e+00
6.904572222551556671e+00
0.000000000000000000e+00
0.000000000000000000e+00
4.458445580072750047e+00
0.000000000000000000e+00
0.000000000000000000e+00
2.344151705856322465e+01
1.651441865086731298e+01
0.000000000000000000e+00
2.244563012249571443e+01
0.000000000000000000e+00
1.360428192544249981e+01
0.000000000000000000e+00
0.000000000000000000e+00
0.000000000000000000e+00
0.000000000000000000e+00
1.360415167179102092e+01
0.000000000000000000e+00
0.000000000000000000e+00
0.000000000000000000e+00
0.000000000000000000e+00
0.000000000000000000e+00
0.000000000000000000e+00
0.000000000000000000e+00
0.000000000000000000e+00
5.907365487817417993e+00
0.000000000000000000e+00
2.244564982390218333e+01
0.000000000000000000e+00
0.000000000000000000e+00
1.547395598526531302e+01
0.000000000000000000e+00
2.920587942401280390e+00
0.000000000000000000e+00
0.000000000000000000e+00
-4.971439977648492436e-02
2.344151705856322465e+01
2.543516139503844187e+01
0.000000000000000000e+00
0.000000000000000000e+00
0.000000000000000000e+00
0.000000000000000000e+00
3.778967723859250505e+00
0.000000000000000000e+00
1.847826521679519374e+01
0.000000000000000000e+00
0.000000000000000000e+00
1.849606582287529166e+00
2.145115640334834950e+01
1.946879516081606809e+01
0.000000000000000000e+00
9.382256897356159309e-01
8.982297520295302817e+00
0.000000000000000000e+00
0.000000000000000000e+00
0.000000000000000000e+00
1.233332838667580145e+00
0.000000000000000000e+00
6.904572222551556671e+00
0.000000000000000000e+00
9.871349826498470037e+00
0.000000000000000000e+00
2.443795466030431385e+01
0.000000000000000000e+00
8.565653963755952560e-01
0.000000000000000000e+00
0.000000000000000000e+00
0.000000000000000000e+00
0.000000000000000000e+00
0.000000000000000000e+00
0.000000000000000000e+00
0.000000000000000000e+00
0.000000000000000000e+00
0.000000000000000000e+00
0.000000000000000000e+00
0.000000000000000000e+00
6.958359926877223378e-01
0.000000000000000000e+00
0.000000000000000000e+00
0.000000000000000000e+00
0.000000000000000000e+00
0.000000000000000000e+00
5.374386973563232139e+00
0.000000000000000000e+00
0.000000000000000000e+00
1.553816614998610213e+01
0.000000000000000000e+00
0.000000000000000000e+00
0.000000000000000000e+00
0.000000000000000000e+00
0.000000000000000000e+00
0.000000000000000000e+00
0.000000000000000000e+00
0.000000000000000000e+00
1.646953986103592626e+01
0.000000000000000000e+00
0.000000000000000000e+00
0.000000000000000000e+00
2.146941082751314056e+01
0.000000000000000000e+00
0.000000000000000000e+00
0.000000000000000000e+00
0.000000000000000000e+00
1.946879406860321637e+01
0.000000000000000000e+00
4.925738941872134014e+00
0.000000000000000000e+00
0.000000000000000000e+00
2.543516139503844187e+01
2.244564982390218333e+01
0.000000000000000000e+00
-1.035202507717447151e+00
0.000000000000000000e+00
0.000000000000000000e+00
0.000000000000000000e+00
2.244564982390218333e+01
0.000000000000000000e+00
0.000000000000000000e+00
6.904572222551556671e+00
0.000000000000000000e+00
0.000000000000000000e+00
0.000000000000000000e+00
0.000000000000000000e+00
0.000000000000000000e+00
0.000000000000000000e+00
7.252837912016725674e+00
0.000000000000000000e+00
0.000000000000000000e+00
2.145115640334834950e+01
0.000000000000000000e+00
1.941653320500313917e+00
0.000000000000000000e+00
0.000000000000000000e+00
2.543516139503844187e+01
0.000000000000000000e+00
0.000000000000000000e+00
0.000000000000000000e+00
0.000000000000000000e+00
0.000000000000000000e+00
0.000000000000000000e+00
0.000000000000000000e+00
0.000000000000000000e+00
1.247957745146449859e+01
0.000000000000000000e+00
0.000000000000000000e+00
0.000000000000000000e+00
0.000000000000000000e+00
0.000000000000000000e+00
2.344151705856322465e+01
0.000000000000000000e+00
0.000000000000000000e+00
0.000000000000000000e+00
0.000000000000000000e+00
0.000000000000000000e+00
2.344151705856322465e+01
0.000000000000000000e+00
0.000000000000000000e+00
0.000000000000000000e+00
0.000000000000000000e+00
0.000000000000000000e+00
0.000000000000000000e+00
0.000000000000000000e+00
2.247094171065981172e+01
1.746974857269685799e+01
3.915060651415265713e+00
0.000000000000000000e+00
0.000000000000000000e+00
0.000000000000000000e+00
0.000000000000000000e+00
0.000000000000000000e+00
0.000000000000000000e+00
0.000000000000000000e+00
2.946941082751301622e+01
5.907365487817417993e+00
0.000000000000000000e+00
0.000000000000000000e+00
2.045879402168000283e+01
0.000000000000000000e+00
2.443795466030431385e+01
0.000000000000000000e+00
1.651441009846421792e+01
1.360428807339743429e+01
0.000000000000000000e+00
0.000000000000000000e+00
0.000000000000000000e+00
4.930435832355848369e+00
2.145117711488821755e+01
2.145115640334834950e+01
0.000000000000000000e+00
0.000000000000000000e+00
2.244563012249571443e+01
0.000000000000000000e+00
2.543516139503844187e+01
0.000000000000000000e+00
0.000000000000000000e+00
0.000000000000000000e+00
0.000000000000000000e+00
0.000000000000000000e+00
2.145115640334834950e+01
2.546974857269679404e+01
2.543516139503844187e+01
2.646947318961960960e+01
0.000000000000000000e+00
2.283165504442588478e+00
0.000000000000000000e+00
0.000000000000000000e+00
0.000000000000000000e+00
0.000000000000000000e+00
0.000000000000000000e+00
0.000000000000000000e+00
0.000000000000000000e+00
0.000000000000000000e+00
6.904572222551556671e+00
0.000000000000000000e+00
0.000000000000000000e+00
0.000000000000000000e+00
0.000000000000000000e+00
0.000000000000000000e+00
2.920587942401280390e+00
0.000000000000000000e+00
0.000000000000000000e+00
0.000000000000000000e+00
0.000000000000000000e+00
0.000000000000000000e+00
0.000000000000000000e+00
6.904572222551556671e+00
0.000000000000000000e+00
0.000000000000000000e+00
0.000000000000000000e+00
0.000000000000000000e+00
-2.016150820213149508e+00
0.000000000000000000e+00
0.000000000000000000e+00
0.000000000000000000e+00
0.000000000000000000e+00
0.000000000000000000e+00
0.000000000000000000e+00
0.000000000000000000e+00
0.000000000000000000e+00
1.487545873066054902e+00
0.000000000000000000e+00
1.946879406860321637e+01
0.000000000000000000e+00
0.000000000000000000e+00
0.000000000000000000e+00
7.774901759906404086e-01
1.928224550599551446e+00
0.000000000000000000e+00
0.000000000000000000e+00
1.247512012117470803e+01
6.904572222551556671e+00
0.000000000000000000e+00
0.000000000000000000e+00
1.848085507130399563e+01
0.000000000000000000e+00
0.000000000000000000e+00
0.000000000000000000e+00
0.000000000000000000e+00
0.000000000000000000e+00
0.000000000000000000e+00
0.000000000000000000e+00
0.000000000000000000e+00
3.915060651415265713e+00
-5.924254250848806080e+00
0.000000000000000000e+00
0.000000000000000000e+00
0.000000000000000000e+00
1.848085507130399563e+01
0.000000000000000000e+00
6.904572222551556671e+00
0.000000000000000000e+00
0.000000000000000000e+00
0.000000000000000000e+00
2.846941082751297358e+01
0.000000000000000000e+00
0.000000000000000000e+00
0.000000000000000000e+00
0.000000000000000000e+00
0.000000000000000000e+00
0.000000000000000000e+00
0.000000000000000000e+00
0.000000000000000000e+00
0.000000000000000000e+00
0.000000000000000000e+00
0.000000000000000000e+00
0.000000000000000000e+00
0.000000000000000000e+00
0.000000000000000000e+00
2.244564982390218333e+01
0.000000000000000000e+00
0.000000000000000000e+00
0.000000000000000000e+00
0.000000000000000000e+00
0.000000000000000000e+00
0.000000000000000000e+00
5.603142579682550029e+00
0.000000000000000000e+00
4.910927886076314586e+00
0.000000000000000000e+00
0.000000000000000000e+00
0.000000000000000000e+00
0.000000000000000000e+00
0.000000000000000000e+00
0.000000000000000000e+00
1.651441009846421792e+01
0.000000000000000000e+00
2.447094171065979396e+01
2.045879195959756558e+01
0.000000000000000000e+00
0.000000000000000000e+00
2.047381080810032472e+01
0.000000000000000000e+00
0.000000000000000000e+00
0.000000000000000000e+00
1.946879406860321637e+01
0.000000000000000000e+00
0.000000000000000000e+00
0.000000000000000000e+00
2.846941082751297358e+01
1.946879516081606809e+01
0.000000000000000000e+00
1.928224550599551446e+00
0.000000000000000000e+00
1.946879516081606809e+01
1.848085507130399563e+01
6.904572222551556671e+00
0.000000000000000000e+00
0.000000000000000000e+00
0.000000000000000000e+00
0.000000000000000000e+00
0.000000000000000000e+00
3.915060651415265713e+00
0.000000000000000000e+00
0.000000000000000000e+00
0.000000000000000000e+00
0.000000000000000000e+00
2.543516139503844187e+01
1.048276409091101158e+01
2.145115640334834950e+01
0.000000000000000000e+00
0.000000000000000000e+00
0.000000000000000000e+00
0.000000000000000000e+00
0.000000000000000000e+00
0.000000000000000000e+00
0.000000000000000000e+00
1.147203450187753404e+01
0.000000000000000000e+00
1.078053563790920322e+01
0.000000000000000000e+00
-4.971439977648492436e-02
0.000000000000000000e+00
0.000000000000000000e+00
0.000000000000000000e+00
0.000000000000000000e+00
0.000000000000000000e+00
0.000000000000000000e+00
1.360370020132529234e+01
0.000000000000000000e+00
0.000000000000000000e+00
5.907365487817417993e+00
0.000000000000000000e+00
0.000000000000000000e+00
0.000000000000000000e+00
0.000000000000000000e+00
0.000000000000000000e+00
0.000000000000000000e+00
4.910927886076314586e+00
0.000000000000000000e+00
0.000000000000000000e+00
0.000000000000000000e+00
2.543516139503844187e+01
2.045881372308647173e+01
0.000000000000000000e+00
0.000000000000000000e+00
0.000000000000000000e+00
0.000000000000000000e+00
2.347381080810029985e+01
2.344151705856322465e+01
0.000000000000000000e+00
1.456749925332722206e+01
0.000000000000000000e+00
4.910927886076314586e+00
0.000000000000000000e+00
0.000000000000000000e+00
0.000000000000000000e+00
2.920587942401280390e+00
0.000000000000000000e+00
0.000000000000000000e+00
1.749534122322294394e+01
1.360428192544249981e+01
1.848085507130399563e+01
0.000000000000000000e+00
0.000000000000000000e+00
0.000000000000000000e+00
0.000000000000000000e+00
4.910927886076314586e+00
0.000000000000000000e+00
2.746947318961955631e+01
0.000000000000000000e+00
1.145622410193148033e+00
0.000000000000000000e+00
0.000000000000000000e+00
0.000000000000000000e+00
0.000000000000000000e+00
0.000000000000000000e+00
0.000000000000000000e+00
1.946941082751313346e+01
0.000000000000000000e+00
0.000000000000000000e+00
0.000000000000000000e+00
0.000000000000000000e+00
9.531423881175047352e-01
5.907365487817417993e+00
2.244564982390218333e+01
0.000000000000000000e+00
0.000000000000000000e+00
0.000000000000000000e+00
8.108710558990711803e+00
1.078207770676338839e+01
0.000000000000000000e+00
0.000000000000000000e+00
5.389255402813685203e-01
6.904572222551556671e+00
0.000000000000000000e+00
0.000000000000000000e+00
0.000000000000000000e+00
0.000000000000000000e+00
0.000000000000000000e+00
1.848085507130399563e+01
0.000000000000000000e+00
0.000000000000000000e+00
2.344151705856322465e+01
0.000000000000000000e+00
0.000000000000000000e+00
0.000000000000000000e+00
0.000000000000000000e+00
0.000000000000000000e+00
4.910927886076314586e+00
0.000000000000000000e+00
0.000000000000000000e+00
0.000000000000000000e+00
0.000000000000000000e+00
0.000000000000000000e+00
0.000000000000000000e+00
0.000000000000000000e+00
0.000000000000000000e+00
2.045881372308647173e+01
1.946879406860321637e+01
1.651439249355661687e+01
0.000000000000000000e+00
0.000000000000000000e+00
0.000000000000000000e+00
0.000000000000000000e+00
0.000000000000000000e+00
0.000000000000000000e+00
0.000000000000000000e+00
0.000000000000000000e+00
0.000000000000000000e+00
1.553819311860672592e+01
0.000000000000000000e+00
1.360370020132529234e+01
0.000000000000000000e+00
0.000000000000000000e+00
0.000000000000000000e+00
1.360378297149823545e+01
0.000000000000000000e+00
2.527919268425369737e+00
0.000000000000000000e+00
1.946879406860321637e+01
0.000000000000000000e+00
2.920587942401280390e+00
0.000000000000000000e+00
0.000000000000000000e+00
0.000000000000000000e+00
0.000000000000000000e+00
0.000000000000000000e+00
0.000000000000000000e+00
0.000000000000000000e+00
1.360430238960638150e+01
0.000000000000000000e+00
2.443795466030431385e+01
1.749538666476948379e+01
0.000000000000000000e+00
0.000000000000000000e+00
1.946879406860321637e+01
0.000000000000000000e+00
0.000000000000000000e+00
1.360366958000533621e+01
0.000000000000000000e+00
0.000000000000000000e+00
0.000000000000000000e+00
0.000000000000000000e+00
9.867917011575830344e+00
0.000000000000000000e+00
2.145117711488821755e+01
1.947094171065982238e+01
0.000000000000000000e+00
0.000000000000000000e+00
0.000000000000000000e+00
2.443795466030431385e+01
0.000000000000000000e+00
1.553816614998610213e+01
0.000000000000000000e+00
0.000000000000000000e+00
0.000000000000000000e+00
0.000000000000000000e+00
2.946941082751301622e+01
0.000000000000000000e+00
1.848085507130399563e+01
0.000000000000000000e+00
0.000000000000000000e+00
0.000000000000000000e+00
0.000000000000000000e+00
3.915060651415265713e+00
1.848085507130399563e+01
0.000000000000000000e+00
2.058523994110360800e+00
0.000000000000000000e+00
0.000000000000000000e+00
0.000000000000000000e+00
7.337024649093212281e-01
0.000000000000000000e+00
0.000000000000000000e+00
0.000000000000000000e+00
9.871300059450330622e+00
0.000000000000000000e+00
0.000000000000000000e+00
0.000000000000000000e+00
0.000000000000000000e+00
0.000000000000000000e+00
5.907365487817417993e+00
0.000000000000000000e+00
0.000000000000000000e+00
0.000000000000000000e+00
0.000000000000000000e+00
5.691287250178763024e+00
0.000000000000000000e+00
0.000000000000000000e+00
1.360428192544249981e+01
2.546947318961959539e+01
6.904572222551556671e+00
0.000000000000000000e+00
0.000000000000000000e+00
0.000000000000000000e+00
0.000000000000000000e+00
1.347162340666893066e+01
8.981359447773577642e+00
0.000000000000000000e+00
6.435956491158052906e+00
0.000000000000000000e+00
0.000000000000000000e+00
1.749536696336301489e+01
0.000000000000000000e+00
0.000000000000000000e+00
0.000000000000000000e+00
0.000000000000000000e+00
0.000000000000000000e+00
0.000000000000000000e+00
0.000000000000000000e+00
6.583203946415233432e+00
1.456749925332722206e+01
0.000000000000000000e+00
0.000000000000000000e+00
0.000000000000000000e+00
0.000000000000000000e+00
0.000000000000000000e+00
0.000000000000000000e+00
0.000000000000000000e+00
0.000000000000000000e+00
0.000000000000000000e+00
0.000000000000000000e+00
0.000000000000000000e+00
0.000000000000000000e+00
1.946879406860321637e+01
0.000000000000000000e+00
1.360258971738486977e+01
0.000000000000000000e+00
0.000000000000000000e+00
0.000000000000000000e+00
0.000000000000000000e+00
0.000000000000000000e+00
0.000000000000000000e+00
0.000000000000000000e+00
0.000000000000000000e+00
0.000000000000000000e+00
9.671353658558736743e-01
0.000000000000000000e+00
1.265004671334168584e+01
0.000000000000000000e+00
0.000000000000000000e+00
0.000000000000000000e+00
3.915060651415265713e+00
4.910927886076314586e+00
0.000000000000000000e+00
0.000000000000000000e+00
0.000000000000000000e+00
0.000000000000000000e+00
1.848085507130399563e+01
0.000000000000000000e+00
2.047381080810032472e+01
0.000000000000000000e+00
1.546963986103592070e+01
0.000000000000000000e+00
0.000000000000000000e+00
-2.992376886926912949e+00
0.000000000000000000e+00
0.000000000000000000e+00
2.646974857269680470e+01
0.000000000000000000e+00
0.000000000000000000e+00
0.000000000000000000e+00
0.000000000000000000e+00
8.575481251131770177e-01
2.344151705856322465e+01
0.000000000000000000e+00
1.116885351531101467e+00
0.000000000000000000e+00
5.907365487817417993e+00
0.000000000000000000e+00
0.000000000000000000e+00
0.000000000000000000e+00
0.000000000000000000e+00
0.000000000000000000e+00
1.946879406860321637e+01
0.000000000000000000e+00
0.000000000000000000e+00
0.000000000000000000e+00
0.000000000000000000e+00
0.000000000000000000e+00
6.904572222551556671e+00
2.846941082751297358e+01
0.000000000000000000e+00
0.000000000000000000e+00
0.000000000000000000e+00
2.344151705856322465e+01
5.907365487817417993e+00
0.000000000000000000e+00
0.000000000000000000e+00
0.000000000000000000e+00
0.000000000000000000e+00
2.543516139503844187e+01
1.360306497754923782e+01
0.000000000000000000e+00
0.000000000000000000e+00
0.000000000000000000e+00
0.000000000000000000e+00
0.000000000000000000e+00
0.000000000000000000e+00
0.000000000000000000e+00
2.443795466030431385e+01
0.000000000000000000e+00
0.000000000000000000e+00
0.000000000000000000e+00
6.904572222551556671e+00
0.000000000000000000e+00
0.000000000000000000e+00
0.000000000000000000e+00
1.174853389998081310e+00
0.000000000000000000e+00
0.000000000000000000e+00
2.145117711488821755e+01
0.000000000000000000e+00
0.000000000000000000e+00
2.145115640334834950e+01
0.000000000000000000e+00
0.000000000000000000e+00
0.000000000000000000e+00
0.000000000000000000e+00
0.000000000000000000e+00
0.000000000000000000e+00
0.000000000000000000e+00
0.000000000000000000e+00
0.000000000000000000e+00
0.000000000000000000e+00
0.000000000000000000e+00
0.000000000000000000e+00
0.000000000000000000e+00
2.443795466030431385e+01
0.000000000000000000e+00
0.000000000000000000e+00
0.000000000000000000e+00
6.904572222551556671e+00
0.000000000000000000e+00
8.115972227088690261e+00
0.000000000000000000e+00
4.910927886076314586e+00
0.000000000000000000e+00
3.915060651415265713e+00
6.904572222551556671e+00
0.000000000000000000e+00
0.000000000000000000e+00
1.170822652142954468e+01
0.000000000000000000e+00
6.452120931408374283e+00
0.000000000000000000e+00
0.000000000000000000e+00
8.983618252044372809e+00
1.243804268095762833e+00
0.000000000000000000e+00
0.000000000000000000e+00
8.974877404264088199e+00
0.000000000000000000e+00
0.000000000000000000e+00
0.000000000000000000e+00
4.910927886076314586e+00
0.000000000000000000e+00
2.346941082751311924e+01
6.423709571409612629e+00
0.000000000000000000e+00
0.000000000000000000e+00
0.000000000000000000e+00
2.443795466030431385e+01
0.000000000000000000e+00
1.928224550599551446e+00
0.000000000000000000e+00
0.000000000000000000e+00
2.249423821228506881e+01
0.000000000000000000e+00
0.000000000000000000e+00
6.904572222551556671e+00
0.000000000000000000e+00
0.000000000000000000e+00
1.928224550599551446e+00
0.000000000000000000e+00
1.746974857269685799e+01
1.651441009846421792e+01
0.000000000000000000e+00
0.000000000000000000e+00
6.452120931408374283e+00
0.000000000000000000e+00
0.000000000000000000e+00
0.000000000000000000e+00
0.000000000000000000e+00
2.985460039190184767e-01
2.846974857269669457e+01
0.000000000000000000e+00
0.000000000000000000e+00
0.000000000000000000e+00
0.000000000000000000e+00
0.000000000000000000e+00
0.000000000000000000e+00
1.848085507130399563e+01
0.000000000000000000e+00
4.911765618808015432e+00
0.000000000000000000e+00
1.553819311860672592e+01
0.000000000000000000e+00
0.000000000000000000e+00
0.000000000000000000e+00
0.000000000000000000e+00
0.000000000000000000e+00
0.000000000000000000e+00
0.000000000000000000e+00
0.000000000000000000e+00
0.000000000000000000e+00
2.747094171065972645e+01
0.000000000000000000e+00
0.000000000000000000e+00
0.000000000000000000e+00
0.000000000000000000e+00
0.000000000000000000e+00
0.000000000000000000e+00
0.000000000000000000e+00
1.078053563790920322e+01
1.456736899967574317e+01
0.000000000000000000e+00
0.000000000000000000e+00
0.000000000000000000e+00
2.443795466030431385e+01
0.000000000000000000e+00
0.000000000000000000e+00
0.000000000000000000e+00
0.000000000000000000e+00
0.000000000000000000e+00
0.000000000000000000e+00
0.000000000000000000e+00
0.000000000000000000e+00
0.000000000000000000e+00
0.000000000000000000e+00
1.848085507130399563e+01
0.000000000000000000e+00
1.347043026870595561e+01
0.000000000000000000e+00
0.000000000000000000e+00
-4.971439977648492436e-02
0.000000000000000000e+00
0.000000000000000000e+00
1.143237285089282240e+00
2.784530860677339792e+00
0.000000000000000000e+00
0.000000000000000000e+00
1.547110838207608552e+01
0.000000000000000000e+00
0.000000000000000000e+00
0.000000000000000000e+00
0.000000000000000000e+00
0.000000000000000000e+00
0.000000000000000000e+00
1.012047408355388978e+00
2.443795466030431385e+01
0.000000000000000000e+00
2.443795466030431385e+01
2.547381080810026788e+01
0.000000000000000000e+00
0.000000000000000000e+00
2.543516139503844187e+01
0.000000000000000000e+00
1.646947749892940394e+01
0.000000000000000000e+00
7.255365942574156790e+00
0.000000000000000000e+00
7.499406820440838395e+00
0.000000000000000000e+00
1.359865232179136463e+00
0.000000000000000000e+00
6.904572222551556671e+00
7.241944022750084642e+00
1.749534949618234236e+01
0.000000000000000000e+00
8.034913931862133207e-01
0.000000000000000000e+00
0.000000000000000000e+00
0.000000000000000000e+00
1.651440354778780772e+01
2.543516139503844187e+01
0.000000000000000000e+00
0.000000000000000000e+00
0.000000000000000000e+00
0.000000000000000000e+00
0.000000000000000000e+00
0.000000000000000000e+00
0.000000000000000000e+00
0.000000000000000000e+00
0.000000000000000000e+00
0.000000000000000000e+00
0.000000000000000000e+00
0.000000000000000000e+00
0.000000000000000000e+00
0.000000000000000000e+00
0.000000000000000000e+00
1.950560892072789265e+00
0.000000000000000000e+00
0.000000000000000000e+00
0.000000000000000000e+00
0.000000000000000000e+00
2.344151705856322465e+01
0.000000000000000000e+00
0.000000000000000000e+00
0.000000000000000000e+00
