0.000000000000000000e+00
-1.508916150346302221e+00
0.000000000000000000e+00
0.000000000000000000e+00
0.000000000000000000e+00
0.000000000000000000e+00
0.000000000000000000e+00
0.000000000000000000e+00
0.000000000000000000e+00
6.216340856610425014e+00
0.000000000000000000e+00
0.000000000000000000e+00
7.823970061359405981e-02
-1.240482140364984387e+00
1.727161801108708161e+01
0.000000000000000000e+00
1.928087253906093679e+01
0.000000000000000000e+00
0.000000000000000000e+00
1.191653002937394135e+01
7.742832563943840007e-01
0.000000000000000000e+00
0.000000000000000000e+00
0.000000000000000000e+00
0.000000000000000000e+00
1.418970547270251004e+01
7.711976394200588558e+00
1.791465484953805998e+01
8.363928745671724840e+00
0.000000000000000000e+00
4.095015569255742172e-01
0.000000000000000000e+00
0.000000000000000000e+00
0.000000000000000000e+00
1.196330828158506954e+01
0.000000000000000000e+00
-4.282968195365458364e+00
9.933618849098582615e+00
1.791465484953805998e+01
6.639986039560235476e+00
0.000000000000000000e+00
0.000000000000000000e+00
5.565975497305312381e+00
-3.477366380424088188e+00
0.000000000000000000e+00
4.091888214559328496e+00
2.388247774473639140e+01
0.000000000000000000e+00
0.000000000000000000e+00
9.633511441495280492e-01
-1.173199973550912434e+00
0.000000000000000000e+00
0.000000000000000000e+00
0.000000000000000000e+00
0.000000000000000000e+00
0.000000000000000000e+00
1.298086876310152959e+01
0.000000000000000000e+00
0.000000000000000000e+00
0.000000000000000000e+00
0.000000000000000000e+00
1.587398650363169672e+01
0.000000000000000000e+00
8.500955872892349774e+00
1.546652453191043275e+00
0.000000000000000000e+00
0.000000000000000000e+00
0.000000000000000000e+00
0.000000000000000000e+00
0.000000000000000000e+00
0.000000000000000000e+00
0.000000000000000000e+00
0.000000000000000000e+00
0.000000000000000000e+00
0.000000000000000000e+00
0.000000000000000000e+00
0.000000000000000000e+00
0.000000000000000000e+00
1.491653002937394490e+01
0.000000000000000000e+00
1.976149603904696050e+01
1.935573444395467391e+01
1.349790339181995869e+01
0.000000000000000000e+00
1.491465484953809018e+01
1.397649748650005463e+01
0.000000000000000000e+00
0.000000000000000000e+00
4.923958726873174818e+00
4.659509108320344595e+00
1.657252627571045522e+01
0.000000000000000000e+00
5.917048565198152588e+00
1.596391605655721513e+01
0.000000000000000000e+00
1.262714781476524273e+01
0.000000000000000000e+00
1.936194492753904983e+00
0.000000000000000000e+00
0.000000000000000000e+00
0.000000000000000000e+00
6.030570443260083735e-01
0.000000000000000000e+00
0.000000000000000000e+00
1.616098955510570434e+01
4.199016534420657365e+00
1.816104628487382300e+01
1.863383267366058149e+01
9.403730750452815812e+00
0.000000000000000000e+00
0.000000000000000000e+00
0.000000000000000000e+00
1.551316464364898806e+01
0.000000000000000000e+00
0.000000000000000000e+00
7.593296002209637408e+00
0.000000000000000000e+00
0.000000000000000000e+00
0.000000000000000000e+00
-2.411948391172187844e-01
6.110568828776694605e-01
0.000000000000000000e+00
5.867022396198566803e+00
0.000000000000000000e+00
0.000000000000000000e+00
0.000000000000000000e+00
0.000000000000000000e+00
0.000000000000000000e+00
0.000000000000000000e+00
1.170113818732029110e+01
0.000000000000000000e+00
0.000000000000000000e+00
0.000000000000000000e+00
0.000000000000000000e+00
7.695456368314457229e+00
0.000000000000000000e+00
0.000000000000000000e+00
2.575834378887373788e+01
1.407264639419254415e+01
0.000000000000000000e+00
0.000000000000000000e+00
1.391465484953804932e+01
1.916160028073802124e+01
0.000000000000000000e+00
1.652364352371556155e-01
0.000000000000000000e+00
4.960884773631427436e+00
0.000000000000000000e+00
3.299178179174901526e+00
1.247949116134212666e+01
1.727206155285957223e+01
1.261762765901591976e+00
0.000000000000000000e+00
1.391465484953804932e+01
0.000000000000000000e+00
1.680794685151392898e+01
6.004409615423133673e+00
0.000000000000000000e+00
0.000000000000000000e+00
0.000000000000000000e+00
0.000000000000000000e+00
0.000000000000000000e+00
8.292037576562982792e+00
4.904648138475458552e+00
0.000000000000000000e+00
3.775579479157153884e+01
2.433638769043318995e+00
1.992225640908924689e+01
0.000000000000000000e+00
1.145547207304530080e+00
1.294756361549251800e+01
9.915878827605597579e+00
1.726747747721748638e+01
0.000000000000000000e+00
1.791465484953805998e+01
0.000000000000000000e+00
2.282293435454114228e+00
0.000000000000000000e+00
1.917155312964393232e+01
1.824527782096457784e+01
-7.015253932705495465e+00
0.000000000000000000e+00
0.000000000000000000e+00
6.167587995361608399e+00
1.084472234778977295e+01
0.000000000000000000e+00
0.000000000000000000e+00
0.000000000000000000e+00
3.295818778517962233e+00
0.000000000000000000e+00
8.437724326495276372e+00
2.781112246307131741e+01
0.000000000000000000e+00
4.595230612734789943e+00
1.037104191818151300e+01
1.516581515323985663e+01
7.438294233921637355e-01
1.258434737186237662e+01
1.000597939415079374e+01
2.316259270023124373e+01
8.344154703209671453e+00
0.000000000000000000e+00
0.000000000000000000e+00
0.000000000000000000e+00
1.689582936866123219e+01
1.924020322702508068e+01
0.000000000000000000e+00
0.000000000000000000e+00
1.121758751620021499e+01
1.716341449503890004e+01
1.579536005941031362e+01
4.982368479635455927e+00
0.000000000000000000e+00
1.797487257038222097e+01
0.000000000000000000e+00
2.093727905569051373e+01
1.171050045818140006e+01
2.115960255643090093e+01
0.000000000000000000e+00
9.530840982549645402e-01
2.023041102265851521e+01
1.030821356271388645e+01
-6.739957566865836469e+00
7.656988439477992792e+00
2.374172273000884736e+00
0.000000000000000000e+00
0.000000000000000000e+00
1.750529989146028420e+00
0.000000000000000000e+00
1.591465484953808129e+01
0.000000000000000000e+00
0.000000000000000000e+00
0.000000000000000000e+00
0.000000000000000000e+00
-2.045902785378952982e-01
0.000000000000000000e+00
0.000000000000000000e+00
1.916034201924754754e+01
4.597544917787533159e+00
1.384744920789322897e+01
1.938069672589753489e+00
0.000000000000000000e+00
0.000000000000000000e+00
0.000000000000000000e+00
8.534968376075145358e+00
1.964884627241343606e+00
0.000000000000000000e+00
0.000000000000000000e+00
1.996735914864587569e+00
1.235718797431965399e+01
0.000000000000000000e+00
0.000000000000000000e+00
0.000000000000000000e+00
5.370705878143660961e+00
0.000000000000000000e+00
0.000000000000000000e+00
0.000000000000000000e+00
0.000000000000000000e+00
0.000000000000000000e+00
1.091529431235475478e+01
1.616098955510570434e+01
1.349366930240969786e+01
0.000000000000000000e+00
0.000000000000000000e+00
1.145064185320240213e+01
0.000000000000000000e+00
0.000000000000000000e+00
0.000000000000000000e+00
0.000000000000000000e+00
1.258352241644890768e+01
1.996735914864587569e+00
0.000000000000000000e+00
6.157413062103477053e+00
5.322402613546555195e+00
1.875931784887921694e+01
2.381238912495376425e+01
0.000000000000000000e+00
2.515960255643086185e+01
1.486935952127408278e+01
-3.100403437555078412e+00
0.000000000000000000e+00
0.000000000000000000e+00
2.598604638958307955e+00
0.000000000000000000e+00
0.000000000000000000e+00
8.914997144384857464e+00
0.000000000000000000e+00
-4.203469589437942133e+00
1.402417205505192666e+00
0.000000000000000000e+00
6.916658766558293259e+00
0.000000000000000000e+00
4.078998606027167684e-01
0.000000000000000000e+00
2.016453110727865550e+01
0.000000000000000000e+00
1.838767295544285929e+01
0.000000000000000000e+00
1.101398818124339840e+01
1.171312257148899150e+01
3.154916012255220448e+00
0.000000000000000000e+00
0.000000000000000000e+00
2.092884164236834987e+00
5.548153882793100955e+00
0.000000000000000000e+00
0.000000000000000000e+00
0.000000000000000000e+00
1.484578231239956692e+00
3.875579479157155305e+01
0.000000000000000000e+00
0.000000000000000000e+00
0.000000000000000000e+00
1.177021251463910367e+01
0.000000000000000000e+00
0.000000000000000000e+00
2.016072653449838725e+01
0.000000000000000000e+00
2.684459784971978902e+00
1.104835930133025812e+01
0.000000000000000000e+00
0.000000000000000000e+00
0.000000000000000000e+00
2.711668985309168001e+00
0.000000000000000000e+00
1.534471568312277334e+01
0.000000000000000000e+00
1.643238283925537502e+01
1.630253617864488191e+01
1.116380222651123155e+01
0.000000000000000000e+00
9.943442090557903512e+00
2.315960255643088672e+01
1.630271529458943292e+01
1.171312257148899150e+01
0.000000000000000000e+00
0.000000000000000000e+00
1.442741404428257646e+01
0.000000000000000000e+00
0.000000000000000000e+00
2.515960255643086185e+01
2.092851669043933605e+00
0.000000000000000000e+00
0.000000000000000000e+00
0.000000000000000000e+00
0.000000000000000000e+00
0.000000000000000000e+00
0.000000000000000000e+00
7.957557944551879814e+00
0.000000000000000000e+00
1.727405208501424028e+01
1.877084234977827748e+01
0.000000000000000000e+00
0.000000000000000000e+00
0.000000000000000000e+00
9.201257488457116551e+00
1.716152578483472979e+01
0.000000000000000000e+00
7.576013338246244899e+00
0.000000000000000000e+00
0.000000000000000000e+00
1.027094508491932423e+01
3.923021763897748926e+00
3.878068144936238415e+00
1.317710860435973785e+01
0.000000000000000000e+00
0.000000000000000000e+00
1.260603946293424471e+01
0.000000000000000000e+00
1.385258635526927584e+01
1.562903166213124706e+01
0.000000000000000000e+00
6.165260139478434986e+00
0.000000000000000000e+00
0.000000000000000000e+00
0.000000000000000000e+00
0.000000000000000000e+00
0.000000000000000000e+00
0.000000000000000000e+00
1.351772567443607542e+01
8.448180262425541542e+00
0.000000000000000000e+00
2.515960255643086185e+01
1.525150057505761581e+01
0.000000000000000000e+00
0.000000000000000000e+00
0.000000000000000000e+00
0.000000000000000000e+00
1.179262331871606406e+01
1.086222435024048671e+01
1.825489564566166223e+01
0.000000000000000000e+00
1.173330469891177863e+01
-1.212622363276626869e+00
0.000000000000000000e+00
0.000000000000000000e+00
0.000000000000000000e+00
0.000000000000000000e+00
0.000000000000000000e+00
0.000000000000000000e+00
1.816104628487382300e+01
2.415960255643087962e+01
0.000000000000000000e+00
-3.488860155650509220e+00
0.000000000000000000e+00
0.000000000000000000e+00
1.877314796296740340e+01
8.914997144384857464e+00
9.206640603188315453e+00
0.000000000000000000e+00
7.656170545441313813e+00
0.000000000000000000e+00
1.898857162641063567e+01
0.000000000000000000e+00
0.000000000000000000e+00
0.000000000000000000e+00
0.000000000000000000e+00
0.000000000000000000e+00
0.000000000000000000e+00
1.824428525407120816e+01
1.444200862766737714e+01
5.289797286116230124e-01
0.000000000000000000e+00
0.000000000000000000e+00
2.061681217901331742e+00
1.535101878295728817e+01
0.000000000000000000e+00
1.691527176788343212e+01
1.230338866397029740e+01
0.000000000000000000e+00
2.685057727882820267e+00
0.000000000000000000e+00
2.275840557050128865e+01
0.000000000000000000e+00
0.000000000000000000e+00
7.703209965287575400e+00
6.622918283676466900e-02
8.385226442813694447e+00
0.000000000000000000e+00
0.000000000000000000e+00
0.000000000000000000e+00
7.615885817017291615e+00
0.000000000000000000e+00
0.000000000000000000e+00
5.899808642339640086e-01
1.042311576553457897e+01
7.525830316167223977e+00
0.000000000000000000e+00
0.000000000000000000e+00
0.000000000000000000e+00
0.000000000000000000e+00
0.000000000000000000e+00
2.915960255643086185e+01
0.000000000000000000e+00
0.000000000000000000e+00
0.000000000000000000e+00
0.000000000000000000e+00
0.000000000000000000e+00
-4.271701257260136053e+00
8.409473471926135701e+00
4.014489501165389385e+00
0.000000000000000000e+00
1.210767871230155102e+01
0.000000000000000000e+00
0.000000000000000000e+00
0.000000000000000000e+00
0.000000000000000000e+00
0.000000000000000000e+00
0.000000000000000000e+00
0.000000000000000000e+00
0.000000000000000000e+00
0.000000000000000000e+00
4.192867972447850811e+00
3.232298263926087767e+00
3.900548685412570826e+00
0.000000000000000000e+00
0.000000000000000000e+00
1.297647520222381168e+01
2.516070399002705571e+01
2.815960255643082633e+01
5.760423340288243210e-01
5.685469579428152009e+00
8.485956076395268610e+00
1.442741404428257646e+01
1.259115302458940810e+01
0.000000000000000000e+00
0.000000000000000000e+00
1.091958340038584652e+01
0.000000000000000000e+00
0.000000000000000000e+00
0.000000000000000000e+00
0.000000000000000000e+00
0.000000000000000000e+00
0.000000000000000000e+00
3.476323857762739333e+00
0.000000000000000000e+00
1.542488075067381503e+00
0.000000000000000000e+00
0.000000000000000000e+00
1.630418100301519146e+01
0.000000000000000000e+00
-7.893038273857955645e+00
0.000000000000000000e+00
1.298449070386569915e+01
0.000000000000000000e+00
0.000000000000000000e+00
8.383240916373322804e+00
0.000000000000000000e+00
0.000000000000000000e+00
0.000000000000000000e+00
0.000000000000000000e+00
0.000000000000000000e+00
2.215960255643090093e+01
3.625948556414347657e+00
0.000000000000000000e+00
0.000000000000000000e+00
1.218085046874406707e+01
0.000000000000000000e+00
0.000000000000000000e+00
0.000000000000000000e+00
7.357712164977371572e+00
1.258830581712017427e+01
0.000000000000000000e+00
0.000000000000000000e+00
-2.632901006567572311e-01
0.000000000000000000e+00
1.291465484953808662e+01
2.516021947477623399e+01
0.000000000000000000e+00
0.000000000000000000e+00
0.000000000000000000e+00
0.000000000000000000e+00
0.000000000000000000e+00
-2.800204664238970409e+00
0.000000000000000000e+00
0.000000000000000000e+00
1.651390932418961555e+01
2.075985291696346380e+01
0.000000000000000000e+00
0.000000000000000000e+00
-3.245834317621096310e-01
1.335383923990220900e+01
0.000000000000000000e+00
0.000000000000000000e+00
9.919683400385872929e+00
0.000000000000000000e+00
0.000000000000000000e+00
4.883003201315995190e-01
0.000000000000000000e+00
6.014112817565940183e+00
5.927059516197517475e+00
0.000000000000000000e+00
1.726800637889568790e+01
1.616209098870189464e+01
0.000000000000000000e+00
0.000000000000000000e+00
0.000000000000000000e+00
1.534606694196039811e+01
1.417328561714068336e+01
1.103340819184690957e+01
0.000000000000000000e+00
-1.954160277964553716e+00
0.000000000000000000e+00
0.000000000000000000e+00
1.988149373033739664e+01
0.000000000000000000e+00
4.246256443580117335e+00
0.000000000000000000e+00
0.000000000000000000e+00
3.361981158887462406e+00
0.000000000000000000e+00
0.000000000000000000e+00
1.996735914864587569e+00
0.000000000000000000e+00
-2.626731823113863662e-01
0.000000000000000000e+00
0.000000000000000000e+00
0.000000000000000000e+00
0.000000000000000000e+00
0.000000000000000000e+00
1.019419291456510201e+01
0.000000000000000000e+00
-1.726652173256894851e-01
1.112720323588193772e+01
0.000000000000000000e+00
0.000000000000000000e+00
0.000000000000000000e+00
0.000000000000000000e+00
0.000000000000000000e+00
0.000000000000000000e+00
8.916098577981045992e+00
4.197292859334819326e+00
1.656309984690761894e+01
0.000000000000000000e+00
9.565251745024562879e+00
0.000000000000000000e+00
0.000000000000000000e+00
1.300247997572007996e+01
0.000000000000000000e+00
0.000000000000000000e+00
0.000000000000000000e+00
0.000000000000000000e+00
0.000000000000000000e+00
0.000000000000000000e+00
1.716042435123853949e+01
0.000000000000000000e+00
3.900135790894135868e-01
0.000000000000000000e+00
2.115960255643090093e+01
0.000000000000000000e+00
1.391465484953804932e+01
2.016453110727865550e+01
8.919900072221521370e+00
0.000000000000000000e+00
0.000000000000000000e+00
0.000000000000000000e+00
0.000000000000000000e+00
1.109759855367034298e+01
1.288908194748122682e+01
2.416021947477625176e+01
0.000000000000000000e+00
7.112333730000933940e+00
0.000000000000000000e+00
0.000000000000000000e+00
1.567027377595605486e+01
3.375505229310716260e+01
6.961049243290739597e+00
1.091766753780974675e+01
0.000000000000000000e+00
0.000000000000000000e+00
1.351298900592776775e+01
0.000000000000000000e+00
0.000000000000000000e+00
1.416699729706704147e+01
0.000000000000000000e+00
1.083907478605936880e+01
0.000000000000000000e+00
0.000000000000000000e+00
1.442560770365851575e+01
0.000000000000000000e+00
2.956381497728738594e+00
0.000000000000000000e+00
0.000000000000000000e+00
0.000000000000000000e+00
0.000000000000000000e+00
2.316147773626673612e+01
0.000000000000000000e+00
0.000000000000000000e+00
0.000000000000000000e+00
7.671881924001226594e+00
1.983653945859697343e+00
0.000000000000000000e+00
2.577555108788199689e+01
2.023041102265851521e+01
0.000000000000000000e+00
0.000000000000000000e+00
0.000000000000000000e+00
9.933618849098582615e+00
0.000000000000000000e+00
6.863647768703408758e+00
0.000000000000000000e+00
1.659600431157004863e+01
0.000000000000000000e+00
0.000000000000000000e+00
1.194516999838574201e+01
1.092236723818212063e+01
0.000000000000000000e+00
8.470181401309773150e+00
0.000000000000000000e+00
2.579923820493162623e+01
0.000000000000000000e+00
3.077465244291663993e+01
1.716341449503890004e+01
0.000000000000000000e+00
6.322663524934378998e+00
0.000000000000000000e+00
1.016695951463923109e+01
0.000000000000000000e+00
2.184150141493117303e+01
2.478929529450657299e+01
1.727597015419204496e+01
0.000000000000000000e+00
-1.269803713632603026e+00
0.000000000000000000e+00
0.000000000000000000e+00
0.000000000000000000e+00
0.000000000000000000e+00
0.000000000000000000e+00
1.616098955510570434e+01
-4.276970815375420898e+00
0.000000000000000000e+00
2.600714292836473973e+01
-3.924186846459282396e+00
0.000000000000000000e+00
4.162335351374374603e+00
4.542546379946907464e+00
0.000000000000000000e+00
0.000000000000000000e+00
6.247274842126506300e+00
0.000000000000000000e+00
0.000000000000000000e+00
0.000000000000000000e+00
0.000000000000000000e+00
0.000000000000000000e+00
1.441074763044366058e+01
1.964187077760237363e-02
0.000000000000000000e+00
0.000000000000000000e+00
0.000000000000000000e+00
1.292854967751381956e+01
0.000000000000000000e+00
2.184264625032698959e+01
0.000000000000000000e+00
0.000000000000000000e+00
5.928665832988437856e+00
0.000000000000000000e+00
1.727597015419204496e+01
0.000000000000000000e+00
0.000000000000000000e+00
0.000000000000000000e+00
1.058419035767588667e+01
-2.663156211437236021e+00
3.356399981640428298e-01
0.000000000000000000e+00
3.555341215250066522e+00
1.002013727203897808e+01
2.115960255643090093e+01
0.000000000000000000e+00
0.000000000000000000e+00
0.000000000000000000e+00
0.000000000000000000e+00
0.000000000000000000e+00
2.026573909847769972e+00
1.019758519593588275e+01
4.826698121751125115e+00
0.000000000000000000e+00
0.000000000000000000e+00
6.692422296135417170e+00
0.000000000000000000e+00
2.915960255643086185e+01
0.000000000000000000e+00
-4.123700847772407307e+00
2.216021947477627307e+01
6.762908555403356559e+00
0.000000000000000000e+00
0.000000000000000000e+00
3.900135790894135868e-01
0.000000000000000000e+00
0.000000000000000000e+00
1.727048338173313979e+01
1.377422145766304773e+01
0.000000000000000000e+00
1.452337316094617581e+00
0.000000000000000000e+00
-5.348497860189826980e-01
1.816056176962300839e+01
0.000000000000000000e+00
0.000000000000000000e+00
7.918466788146094615e+00
1.218286056389349525e+01
0.000000000000000000e+00
0.000000000000000000e+00
0.000000000000000000e+00
0.000000000000000000e+00
9.260346616416336829e+00
8.906555204662016223e+00
1.258434737186237662e+01
0.000000000000000000e+00
2.676050186290613908e+01
5.585582445706132049e+00
0.000000000000000000e+00
0.000000000000000000e+00
0.000000000000000000e+00
2.978929529450653391e+01
0.000000000000000000e+00
1.616098955510570434e+01
2.749935524541073484e+00
2.116259270023125794e+01
1.878776667402568279e+01
0.000000000000000000e+00
0.000000000000000000e+00
0.000000000000000000e+00
1.591465484953808129e+01
0.000000000000000000e+00
2.515960255643086185e+01
8.530022903554561609e+00
0.000000000000000000e+00
0.000000000000000000e+00
0.000000000000000000e+00
0.000000000000000000e+00
0.000000000000000000e+00
0.000000000000000000e+00
0.000000000000000000e+00
0.000000000000000000e+00
0.000000000000000000e+00
6.907457981132372637e+00
2.015962510090219695e+01
0.000000000000000000e+00
0.000000000000000000e+00
0.000000000000000000e+00
0.000000000000000000e+00
0.000000000000000000e+00
0.000000000000000000e+00
0.000000000000000000e+00
2.026573909847769972e+00
0.000000000000000000e+00
1.034812853052000436e+00
1.896713738966519625e+00
1.090753202387362819e+01
0.000000000000000000e+00
9.287126620402567312e+00
0.000000000000000000e+00
0.000000000000000000e+00
0.000000000000000000e+00
0.000000000000000000e+00
0.000000000000000000e+00
0.000000000000000000e+00
0.000000000000000000e+00
0.000000000000000000e+00
0.000000000000000000e+00
0.000000000000000000e+00
0.000000000000000000e+00
8.105938466418516342e+00
0.000000000000000000e+00
0.000000000000000000e+00
1.630569017535481890e+01
1.010584174079319553e+01
0.000000000000000000e+00
0.000000000000000000e+00
0.000000000000000000e+00
0.000000000000000000e+00
0.000000000000000000e+00
0.000000000000000000e+00
0.000000000000000000e+00
0.000000000000000000e+00
0.000000000000000000e+00
0.000000000000000000e+00
0.000000000000000000e+00
0.000000000000000000e+00
1.578812801253072706e+01
3.955682278267428909e-01
0.000000000000000000e+00
0.000000000000000000e+00
0.000000000000000000e+00
0.000000000000000000e+00
0.000000000000000000e+00
0.000000000000000000e+00
0.000000000000000000e+00
0.000000000000000000e+00
0.000000000000000000e+00
2.715960255643086185e+01
4.550751326781670159e+00
0.000000000000000000e+00
0.000000000000000000e+00
0.000000000000000000e+00
0.000000000000000000e+00
1.361746435173850855e+00
2.023041102265851521e+01
0.000000000000000000e+00
4.947915845460715722e+00
0.000000000000000000e+00
2.709631927605647306e+01
1.216078203070010272e-01
1.878812931102073236e+01
0.000000000000000000e+00
-9.076454359553014495e-01
0.000000000000000000e+00
0.000000000000000000e+00
6.313727041544529017e-01
0.000000000000000000e+00
0.000000000000000000e+00
2.315960255643088672e+01
0.000000000000000000e+00
0.000000000000000000e+00
6.692747931330316646e+00
1.937295926350094621e+00
0.000000000000000000e+00
0.000000000000000000e+00
0.000000000000000000e+00
0.000000000000000000e+00
0.000000000000000000e+00
0.000000000000000000e+00
4.987710966072907759e+00
0.000000000000000000e+00
1.988149373033739664e+01
1.441779513642932642e+01
0.000000000000000000e+00
0.000000000000000000e+00
0.000000000000000000e+00
0.000000000000000000e+00
0.000000000000000000e+00
0.000000000000000000e+00
1.440951454838715229e+01
0.000000000000000000e+00
1.170113818732029110e+01
0.000000000000000000e+00
1.877952409909637765e+01
0.000000000000000000e+00
9.842045995888208054e+00
0.000000000000000000e+00
4.966531430358391397e+00
0.000000000000000000e+00
1.167106650565774295e+01
0.000000000000000000e+00
-6.001942165440290466e-01
9.257086140810564245e+00
0.000000000000000000e+00
0.000000000000000000e+00
0.000000000000000000e+00
1.351772567443607542e+01
0.000000000000000000e+00
0.000000000000000000e+00
0.000000000000000000e+00
1.815994485127763625e+01
1.943877153586252904e+00
1.426648114058960415e+00
1.322232364106629632e+01
1.444678535736431968e+01
1.917155312964393232e+01
1.316922773228105292e+01
0.000000000000000000e+00
0.000000000000000000e+00
2.023041102265851521e+01
2.876678210776008271e+01
7.860250249385234422e-01
4.366263643954757079e+00
0.000000000000000000e+00
0.000000000000000000e+00
1.943877153586252904e+00
3.833132547111422372e+00
0.000000000000000000e+00
0.000000000000000000e+00
1.175412120678365646e+01
0.000000000000000000e+00
2.216147773626674677e+01
6.996128773408665680e+00
6.292911812604715216e+00
0.000000000000000000e+00
2.023041102265851521e+01
0.000000000000000000e+00
0.000000000000000000e+00
2.416070399002706637e+01
0.000000000000000000e+00
2.005287998792069715e+01
1.291653002937393602e+01
0.000000000000000000e+00
2.084176488096553470e+01
0.000000000000000000e+00
7.665865202166554759e+00
0.000000000000000000e+00
0.000000000000000000e+00
1.291653002937393602e+01
1.825300149928730065e+01
0.000000000000000000e+00
2.927651223927909996e+00
0.000000000000000000e+00
-5.005914708544005443e+00
-7.646551592746891890e-02
-6.148695249828964871e-01
0.000000000000000000e+00
5.213609547298252878e+00
6.317413865351877433e-01
9.222063105837614572e+00
0.000000000000000000e+00
6.727683690595767985e+00
0.000000000000000000e+00
0.000000000000000000e+00
0.000000000000000000e+00
0.000000000000000000e+00
1.824221718866540698e+01
0.000000000000000000e+00
-4.919851069235027907e+00
2.376561828062741100e+01
7.933185780295802791e-01
2.097112368922067560e+01
-3.389627988463649100e+00
0.000000000000000000e+00
0.000000000000000000e+00
0.000000000000000000e+00
2.075934878242655657e+01
1.535101878295728817e+01
1.700356586170206086e+01
0.000000000000000000e+00
1.491653002937394490e+01
2.515960255643086185e+01
0.000000000000000000e+00
1.316796947079057212e+01
0.000000000000000000e+00
4.193688796828632270e+00
0.000000000000000000e+00
0.000000000000000000e+00
0.000000000000000000e+00
1.916463110727863040e+01
0.000000000000000000e+00
0.000000000000000000e+00
0.000000000000000000e+00
1.789423807040131154e+00
0.000000000000000000e+00
2.258575798157997028e+00
9.321100498839925308e+00
