0.000000000000000000e+00 0.000000000000000000e+00 0.000000000000000000e+00
1.449722735674676599e+01 1.700982800982800924e+01 1.566470203012442663e+00
0.000000000000000000e+00 0.000000000000000000e+00 0.000000000000000000e+00
0.000000000000000000e+00 0.000000000000000000e+00 0.000000000000000000e+00
0.000000000000000000e+00 0.000000000000000000e+00 0.000000000000000000e+00
0.000000000000000000e+00 0.000000000000000000e+00 0.000000000000000000e+00
0.000000000000000000e+00 0.000000000000000000e+00 0.000000000000000000e+00
0.000000000000000000e+00 0.000000000000000000e+00 0.000000000000000000e+00
0.000000000000000000e+00 0.000000000000000000e+00 0.000000000000000000e+00
3.058463427468864992e+01 2.580000000000000071e+00 4.417196386751421677e+00
0.000000000000000000e+00 0.000000000000000000e+00 0.000000000000000000e+00
0.000000000000000000e+00 0.000000000000000000e+00 0.000000000000000000e+00
1.999025182778229137e+01 2.640887676667493267e+01 2.121716848174247261e+01
5.000000000000000000e+00 2.593781725888324985e+01 2.170117871933736708e+01
4.676957103178685315e+01 1.953488372093023173e+00 0.000000000000000000e+00
0.000000000000000000e+00 0.000000000000000000e+00 0.000000000000000000e+00
4.662330316742081493e+01 6.451612903225806273e-01 5.283018867924528239e-01
0.000000000000000000e+00 0.000000000000000000e+00 0.000000000000000000e+00
0.000000000000000000e+00 0.000000000000000000e+00 0.000000000000000000e+00
6.000000000000000000e+00 4.097200000000000131e+01 4.096719999999999828e+01
2.155985915492957616e+01 3.090909090909090828e+00 7.550890585241730735e-01
0.000000000000000000e+00 0.000000000000000000e+00 0.000000000000000000e+00
0.000000000000000000e+00 0.000000000000000000e+00 0.000000000000000000e+00
0.000000000000000000e+00 0.000000000000000000e+00 0.000000000000000000e+00
0.000000000000000000e+00 0.000000000000000000e+00 0.000000000000000000e+00
7.266666666666666607e+00 1.125567620927936829e+01 2.052845440827764634e+01
3.187372286079182615e+01 2.174999999999999822e+00 4.867439674083359868e+00
0.000000000000000000e+00 4.700000000000000000e+01 4.700000000000000000e+01
5.750000000000000000e+00 5.190751445086704940e+00 1.666064257028112294e+01
0.000000000000000000e+00 0.000000000000000000e+00 0.000000000000000000e+00
1.121505376344086002e+01 2.880123301746774800e+01 2.555168562144597999e+01
0.000000000000000000e+00 0.000000000000000000e+00 0.000000000000000000e+00
0.000000000000000000e+00 0.000000000000000000e+00 0.000000000000000000e+00
0.000000000000000000e+00 0.000000000000000000e+00 0.000000000000000000e+00
1.004687500000000000e+01 2.024999999999999911e+00 2.081966509231429896e+01
0.000000000000000000e+00 0.000000000000000000e+00 0.000000000000000000e+00
2.134191176470588402e+01 8.005870445344129394e+00 1.411530485275819125e+01
1.100000000000000000e+01 3.875632689806941755e+01 3.864900000000000091e+01
0.000000000000000000e+00 4.700000000000000000e+01 4.700000000000000000e+01
2.280964903408516165e+01 4.406428201140487055e-01 0.000000000000000000e+00
0.000000000000000000e+00 0.000000000000000000e+00 0.000000000000000000e+00
0.000000000000000000e+00 0.000000000000000000e+00 0.000000000000000000e+00
3.209608091024020382e+01 7.911330049261083630e+00 0.000000000000000000e+00
2.352806850618458512e+01 1.356139481077507902e+01 1.387898686679174531e+01
0.000000000000000000e+00 0.000000000000000000e+00 0.000000000000000000e+00
1.730828516377649251e+01 3.218051921915878211e+01 3.114870000000000161e+01
0.000000000000000000e+00 8.000000000000000000e+00 3.153150000000000119e+01
0.000000000000000000e+00 0.000000000000000000e+00 0.000000000000000000e+00
0.000000000000000000e+00 0.000000000000000000e+00 0.000000000000000000e+00
9.000000000000000000e+00 2.987393140385209733e+01 2.899979975971165302e+01
2.094620442319187248e+01 1.222499999999999964e+01 3.953608247422680577e+00
0.000000000000000000e+00 0.000000000000000000e+00 0.000000000000000000e+00
0.000000000000000000e+00 0.000000000000000000e+00 0.000000000000000000e+00
0.000000000000000000e+00 0.000000000000000000e+00 0.000000000000000000e+00
0.000000000000000000e+00 0.000000000000000000e+00 0.000000000000000000e+00
0.000000000000000000e+00 0.000000000000000000e+00 0.000000000000000000e+00
3.929588550983899609e+01 1.666666666666666741e+00 2.712018140589569359e+00
0.000000000000000000e+00 0.000000000000000000e+00 0.000000000000000000e+00
0.000000000000000000e+00 0.000000000000000000e+00 0.000000000000000000e+00
0.000000000000000000e+00 0.000000000000000000e+00 0.000000000000000000e+00
0.000000000000000000e+00 0.000000000000000000e+00 0.000000000000000000e+00
6.875000000000000000e+00 6.866883116883117033e+00 2.420912078882497909e+01
0.000000000000000000e+00 0.000000000000000000e+00 0.000000000000000000e+00
7.612903225806451957e+00 2.420352496852706636e+01 2.541899441340782051e+00
7.700000000000000178e+00 1.659578670177748450e+01 4.180327868852459217e-01
0.000000000000000000e+00 0.000000000000000000e+00 0.000000000000000000e+00
0.000000000000000000e+00 0.000000000000000000e+00 0.000000000000000000e+00
0.000000000000000000e+00 0.000000000000000000e+00 0.000000000000000000e+00
0.000000000000000000e+00 0.000000000000000000e+00 0.000000000000000000e+00
0.000000000000000000e+00 0.000000000000000000e+00 0.000000000000000000e+00
0.000000000000000000e+00 0.000000000000000000e+00 0.000000000000000000e+00
0.000000000000000000e+00 0.000000000000000000e+00 0.000000000000000000e+00
0.000000000000000000e+00 0.000000000000000000e+00 0.000000000000000000e+00
0.000000000000000000e+00 0.000000000000000000e+00 0.000000000000000000e+00
0.000000000000000000e+00 0.000000000000000000e+00 0.000000000000000000e+00
0.000000000000000000e+00 0.000000000000000000e+00 0.000000000000000000e+00
0.000000000000000000e+00 0.000000000000000000e+00 0.000000000000000000e+00
0.000000000000000000e+00 0.000000000000000000e+00 0.000000000000000000e+00
6.000000000000000000e+00 4.396959999999999980e+01 4.396479999999999677e+01
0.000000000000000000e+00 0.000000000000000000e+00 0.000000000000000000e+00
8.000000000000000000e+00 0.000000000000000000e+00 2.892450185240813099e+01
4.534184100418409713e+01 1.696969696969697017e+00 1.121769098219414174e+00
4.281421242222464940e+01 3.436781609195402432e+00 0.000000000000000000e+00
0.000000000000000000e+00 0.000000000000000000e+00 0.000000000000000000e+00
0.000000000000000000e+00 4.400000000000000000e+01 4.400000000000000000e+01
3.916758307434855624e+01 3.793814432989690566e+00 3.205233033524121034e+00
0.000000000000000000e+00 0.000000000000000000e+00 0.000000000000000000e+00
0.000000000000000000e+00 0.000000000000000000e+00 0.000000000000000000e+00
8.000000000000000000e+00 3.393220338983050510e+01 3.381300000000000239e+01
2.295446265938069175e+01 1.774193548387096753e+00 8.798256044391596475e+00
4.245721836802114524e+01 3.359999999999999876e+00 2.064386317907444646e+00
0.000000000000000000e+00 0.000000000000000000e+00 0.000000000000000000e+00
0.000000000000000000e+00 3.500000000000000000e+01 3.492300000000000182e+01
4.797059852992649809e+01 1.500000000000000000e+01 0.000000000000000000e+00
0.000000000000000000e+00 0.000000000000000000e+00 0.000000000000000000e+00
4.157142857142856940e+01 5.245714285714285552e+00 0.000000000000000000e+00
0.000000000000000000e+00 0.000000000000000000e+00 0.000000000000000000e+00
0.000000000000000000e+00 3.099373167526033868e+01 3.066203240648129480e+01
0.000000000000000000e+00 0.000000000000000000e+00 0.000000000000000000e+00
0.000000000000000000e+00 0.000000000000000000e+00 0.000000000000000000e+00
0.000000000000000000e+00 0.000000000000000000e+00 0.000000000000000000e+00
1.514052287581699296e+01 2.850483759502418835e+01 2.493491124260355107e+01
0.000000000000000000e+00 0.000000000000000000e+00 0.000000000000000000e+00
0.000000000000000000e+00 0.000000000000000000e+00 0.000000000000000000e+00
0.000000000000000000e+00 3.600000000000000000e+01 0.000000000000000000e+00
3.096787899388171184e+01 2.274999999999999911e+00 0.000000000000000000e+00
5.000000000000000000e+00 3.797718631178707227e+01 0.000000000000000000e+00
4.078878076702919486e+01 1.939393939393939448e+00 4.143749999999999822e+00
0.000000000000000000e+00 9.425465838509316185e+00 1.674556352097778955e+01
0.000000000000000000e+00 0.000000000000000000e+00 0.000000000000000000e+00
0.000000000000000000e+00 0.000000000000000000e+00 0.000000000000000000e+00
0.000000000000000000e+00 0.000000000000000000e+00 0.000000000000000000e+00
4.291123938139838856e+01 1.555555555555555580e+00 1.274873524451939355e+00
0.000000000000000000e+00 0.000000000000000000e+00 0.000000000000000000e+00
0.000000000000000000e+00 0.000000000000000000e+00 0.000000000000000000e+00
7.764705882352941124e+00 2.566581042897508524e+01 8.781818181818181746e-01
0.000000000000000000e+00 0.000000000000000000e+00 0.000000000000000000e+00
0.000000000000000000e+00 0.000000000000000000e+00 0.000000000000000000e+00
0.000000000000000000e+00 0.000000000000000000e+00 0.000000000000000000e+00
7.933333333333333570e+00 2.792286953463837662e+01 2.439135334494416441e+01
2.036002994011975886e+01 4.093457943925233877e+00 7.838689350976685288e-01
0.000000000000000000e+00 0.000000000000000000e+00 0.000000000000000000e+00
3.180698382188050743e+01 1.575757575757575690e+00 2.576976421636615999e+00
0.000000000000000000e+00 0.000000000000000000e+00 0.000000000000000000e+00
0.000000000000000000e+00 0.000000000000000000e+00 0.000000000000000000e+00
0.000000000000000000e+00 0.000000000000000000e+00 0.000000000000000000e+00
0.000000000000000000e+00 0.000000000000000000e+00 0.000000000000000000e+00
0.000000000000000000e+00 0.000000000000000000e+00 0.000000000000000000e+00
0.000000000000000000e+00 0.000000000000000000e+00 0.000000000000000000e+00
4.100000000000000000e+01 0.000000000000000000e+00 0.000000000000000000e+00
0.000000000000000000e+00 0.000000000000000000e+00 0.000000000000000000e+00
0.000000000000000000e+00 0.000000000000000000e+00 0.000000000000000000e+00
0.000000000000000000e+00 0.000000000000000000e+00 0.000000000000000000e+00
0.000000000000000000e+00 0.000000000000000000e+00 0.000000000000000000e+00
3.549105581708137436e+01 6.233333333333333393e+00 0.000000000000000000e+00
0.000000000000000000e+00 0.000000000000000000e+00 0.000000000000000000e+00
0.000000000000000000e+00 0.000000000000000000e+00 0.000000000000000000e+00
0.000000000000000000e+00 2.000000000000000000e+00 3.487749999999999773e+01
3.806724351050679900e+01 3.155844155844155896e+00 4.088328075709779519e+00
0.000000000000000000e+00 0.000000000000000000e+00 0.000000000000000000e+00
0.000000000000000000e+00 0.000000000000000000e+00 0.000000000000000000e+00
0.000000000000000000e+00 4.300000000000000000e+01 4.300000000000000000e+01
6.000000000000000000e+00 3.896879375875175100e+01 0.000000000000000000e+00
0.000000000000000000e+00 0.000000000000000000e+00 0.000000000000000000e+00
1.638372093023255971e+01 1.239344262295082011e+01 2.003954586044138342e+00
0.000000000000000000e+00 0.000000000000000000e+00 0.000000000000000000e+00
1.343076923076923102e+01 3.359757198755894336e+01 3.325200000000000244e+01
0.000000000000000000e+00 0.000000000000000000e+00 0.000000000000000000e+00
6.461538461538461675e+00 2.881355932203389703e+00 9.894094417519296414e+00
3.505659965034965353e+01 2.625000000000000000e+00 1.232906913445835606e+01
4.680969036107396164e+01 1.875000000000000000e+00 0.000000000000000000e+00
2.061764705882352899e+01 2.881355932203389703e+00 3.301204819277108626e+00
0.000000000000000000e+00 0.000000000000000000e+00 0.000000000000000000e+00
0.000000000000000000e+00 4.300000000000000000e+01 4.300000000000000000e+01
0.000000000000000000e+00 0.000000000000000000e+00 0.000000000000000000e+00
5.714285714285714413e+00 4.973333333333333606e+00 2.560406091370558457e+01
1.537735849056603854e+01 3.437437337076398336e+01 3.383800000000000097e+01
0.000000000000000000e+00 0.000000000000000000e+00 0.000000000000000000e+00
0.000000000000000000e+00 0.000000000000000000e+00 0.000000000000000000e+00
0.000000000000000000e+00 0.000000000000000000e+00 0.000000000000000000e+00
0.000000000000000000e+00 0.000000000000000000e+00 0.000000000000000000e+00
0.000000000000000000e+00 0.000000000000000000e+00 0.000000000000000000e+00
3.332845312037858321e+01 5.698324022346368700e+00 3.690970910464677068e+00
3.110277544154751794e+01 7.698254364089775592e+00 0.000000000000000000e+00
0.000000000000000000e+00 0.000000000000000000e+00 0.000000000000000000e+00
0.000000000000000000e+00 1.000000000000000000e+00 4.693889999999999674e+01
1.678681318681318757e+01 2.881355932203389703e+00 7.379718053660754506e+00
1.658004640371229854e+01 2.625000000000000000e+00 2.769610598153352043e+01
0.000000000000000000e+00 0.000000000000000000e+00 0.000000000000000000e+00
1.590778097982708950e+01 2.941125447251436498e+01 2.685449788689877337e+01
8.076923076923076650e+00 5.443902439024390638e+00 2.151313969571231155e+01
5.000000000000000000e+00 3.897959591918383637e+01 3.896880000000000166e+01
4.687958007410456673e+01 2.600000000000000089e+00 0.000000000000000000e+00
0.000000000000000000e+00 0.000000000000000000e+00 0.000000000000000000e+00
0.000000000000000000e+00 4.700000000000000000e+01 4.700000000000000000e+01
0.000000000000000000e+00 0.000000000000000000e+00 0.000000000000000000e+00
5.000000000000000000e+00 4.241379310344827402e+00 7.806975213862688889e+00
0.000000000000000000e+00 0.000000000000000000e+00 0.000000000000000000e+00
1.000000000000000000e+01 3.875812743823146889e+01 0.000000000000000000e+00
4.789220089832584648e+01 2.828571428571428736e+00 0.000000000000000000e+00
2.776282051282051455e+01 1.087837837837837895e+01 1.446662260409781808e+01
0.000000000000000000e+00 0.000000000000000000e+00 0.000000000000000000e+00
0.000000000000000000e+00 0.000000000000000000e+00 0.000000000000000000e+00
3.387091222030981186e+01 4.035398230088495630e+00 0.000000000000000000e+00
3.996263762005153097e+01 3.024999999999999911e+00 0.000000000000000000e+00
0.000000000000000000e+00 0.000000000000000000e+00 0.000000000000000000e+00
0.000000000000000000e+00 0.000000000000000000e+00 0.000000000000000000e+00
0.000000000000000000e+00 0.000000000000000000e+00 0.000000000000000000e+00
9.936507936507936734e+00 9.599999999999999645e-01 9.876144318793754096e+00
0.000000000000000000e+00 0.000000000000000000e+00 0.000000000000000000e+00
7.380952380952381375e+00 7.206896551724137900e+00 1.626872983630063274e+01
0.000000000000000000e+00 6.000000000000000000e+00 3.616009999999999991e+01
0.000000000000000000e+00 0.000000000000000000e+00 0.000000000000000000e+00
2.511641221374045685e+01 6.774193548387096309e-01 7.141860465116279144e+00
3.719839857651245296e+01 3.040540540540540349e+00 2.338787295476419725e+00
6.000000000000000000e+00 3.469761379586925898e+01 9.195402298850574585e-02
2.039851301115241711e+01 1.939393939393939448e+00 1.610752688172043090e+00
4.200000000000000000e+01 0.000000000000000000e+00 0.000000000000000000e+00
3.892329956584659811e+01 3.042253521126760507e+00 0.000000000000000000e+00
7.000000000000000000e+00 4.293549999999999756e+01 0.000000000000000000e+00
1.109375000000000000e+01 1.111111111111111160e+00 1.679885192127460058e+01
0.000000000000000000e+00 0.000000000000000000e+00 0.000000000000000000e+00
0.000000000000000000e+00 0.000000000000000000e+00 0.000000000000000000e+00
0.000000000000000000e+00 0.000000000000000000e+00 0.000000000000000000e+00
8.199999999999999289e+00 7.621483375959079432e+00 2.495755968169761374e+01
4.900000000000000000e+01 0.000000000000000000e+00 0.000000000000000000e+00
0.000000000000000000e+00 0.000000000000000000e+00 0.000000000000000000e+00
0.000000000000000000e+00 0.000000000000000000e+00 0.000000000000000000e+00
3.794198586835254616e+01 3.979999999999999982e+00 2.373205741626794207e+00
7.000000000000000000e+00 3.694445000500450504e+01 0.000000000000000000e+00
9.531914893617020823e+00 0.000000000000000000e+00 2.488260514495712528e+01
1.447244094488188892e+01 3.350235778067623471e+01 3.306499999999999773e+01
0.000000000000000000e+00 0.000000000000000000e+00 0.000000000000000000e+00
1.815444617784711312e+01 1.909090909090909172e+00 2.522328613629418470e+01
0.000000000000000000e+00 0.000000000000000000e+00 0.000000000000000000e+00
6.384615384615385025e+00 8.820976491862568380e+00 2.833166332665330600e+01
4.090806433215467308e+01 2.394736842105263275e+00 0.000000000000000000e+00
0.000000000000000000e+00 4.100000000000000000e+01 0.000000000000000000e+00
0.000000000000000000e+00 0.000000000000000000e+00 0.000000000000000000e+00
0.000000000000000000e+00 2.996927174024377649e+01 2.928828828828828890e+01
5.000000000000000000e+01 0.000000000000000000e+00 0.000000000000000000e+00
3.143134355941600333e+01 2.200000000000000178e+00 8.831422018348623837e+00
2.902621722846441799e+01 1.056021897810219023e+01 1.526430365615406082e+01
1.040000000000000036e+01 2.456769825918762251e+01 1.845870594423987265e+00
1.546875000000000000e+01 2.600000000000000089e+00 7.541469993256911586e+00
0.000000000000000000e+00 0.000000000000000000e+00 0.000000000000000000e+00
0.000000000000000000e+00 0.000000000000000000e+00 0.000000000000000000e+00
2.436126961483594755e+01 0.000000000000000000e+00 2.101354741595584663e+00
0.000000000000000000e+00 0.000000000000000000e+00 0.000000000000000000e+00
0.000000000000000000e+00 4.500000000000000000e+01 4.500000000000000000e+01
0.000000000000000000e+00 0.000000000000000000e+00 0.000000000000000000e+00
0.000000000000000000e+00 0.000000000000000000e+00 0.000000000000000000e+00
0.000000000000000000e+00 0.000000000000000000e+00 0.000000000000000000e+00
0.000000000000000000e+00 0.000000000000000000e+00 0.000000000000000000e+00
1.048571428571428577e+01 2.784945984030061084e+01 2.428160919540230012e+01
0.000000000000000000e+00 0.000000000000000000e+00 0.000000000000000000e+00
0.000000000000000000e+00 0.000000000000000000e+00 0.000000000000000000e+00
4.000000000000000000e+00 3.899609921984396976e+01 0.000000000000000000e+00
1.551197604790419149e+01 6.750000000000000444e-01 1.147636363636363654e+01
9.326086956521738358e+00 1.576923076923076872e+00 2.285576923076922995e+01
6.000000000000000000e+00 3.097351127287432959e+01 3.063722744548909915e+01
0.000000000000000000e+00 0.000000000000000000e+00 0.000000000000000000e+00
0.000000000000000000e+00 0.000000000000000000e+00 0.000000000000000000e+00
0.000000000000000000e+00 0.000000000000000000e+00 0.000000000000000000e+00
2.811174659040915103e+01 3.804123711340205993e+00 8.849409448818898127e+00
1.228148148148148167e+01 3.073159866356181169e+01 3.021228491396558624e+01
0.000000000000000000e+00 0.000000000000000000e+00 0.000000000000000000e+00
0.000000000000000000e+00 0.000000000000000000e+00 0.000000000000000000e+00
1.441129032258064591e+01 3.056088411233904623e+01 2.984289002301611049e+01
3.654205607476635720e+01 2.363636363636363757e+00 4.263391334015694589e+00
0.000000000000000000e+00 0.000000000000000000e+00 0.000000000000000000e+00
0.000000000000000000e+00 0.000000000000000000e+00 0.000000000000000000e+00
0.000000000000000000e+00 0.000000000000000000e+00 0.000000000000000000e+00
2.756870051234280439e+01 1.923076923076923128e+00 6.119873817034700458e+00
0.000000000000000000e+00 0.000000000000000000e+00 0.000000000000000000e+00
0.000000000000000000e+00 0.000000000000000000e+00 0.000000000000000000e+00
0.000000000000000000e+00 0.000000000000000000e+00 0.000000000000000000e+00
0.000000000000000000e+00 0.000000000000000000e+00 0.000000000000000000e+00
0.000000000000000000e+00 0.000000000000000000e+00 0.000000000000000000e+00
4.000000000000000000e+00 3.999640000000000128e+01 3.999600000000000222e+01
0.000000000000000000e+00 3.600000000000000000e+01 0.000000000000000000e+00
4.283985183571195421e+01 3.073170731707317138e+00 0.000000000000000000e+00
0.000000000000000000e+00 0.000000000000000000e+00 0.000000000000000000e+00
0.000000000000000000e+00 0.000000000000000000e+00 0.000000000000000000e+00
3.636840731070495991e+01 2.200000000000000178e+00 3.792951541850220210e+00
0.000000000000000000e+00 0.000000000000000000e+00 0.000000000000000000e+00
0.000000000000000000e+00 0.000000000000000000e+00 0.000000000000000000e+00
0.000000000000000000e+00 0.000000000000000000e+00 0.000000000000000000e+00
0.000000000000000000e+00 0.000000000000000000e+00 0.000000000000000000e+00
4.195342099398261837e+01 2.640000000000000124e+00 0.000000000000000000e+00
1.441129032258064591e+01 3.056088411233904623e+01 2.984289002301611049e+01
0.000000000000000000e+00 0.000000000000000000e+00 0.000000000000000000e+00
0.000000000000000000e+00 2.200540540540540491e+01 2.629120879120879106e+00
1.596185286103542289e+01 2.607142857142857206e+00 1.239404318689501139e+01
0.000000000000000000e+00 1.000000000000000000e+00 2.796350145392559838e+01
6.200000000000000178e+00 5.777777777777777679e+00 3.228059999999999974e+01
0.000000000000000000e+00 0.000000000000000000e+00 0.000000000000000000e+00
0.000000000000000000e+00 4.500000000000000000e+01 0.000000000000000000e+00
3.960203237622592809e+01 8.333333333333333703e-01 3.496302063059556264e+00
1.824350969438054548e+01 2.225982678214523602e+01 7.010971200598429043e+00
0.000000000000000000e+00 0.000000000000000000e+00 0.000000000000000000e+00
0.000000000000000000e+00 0.000000000000000000e+00 0.000000000000000000e+00
2.419261695906432763e+01 2.915254237288135375e+00 4.389261744966442613e+00
0.000000000000000000e+00 0.000000000000000000e+00 0.000000000000000000e+00
0.000000000000000000e+00 0.000000000000000000e+00 0.000000000000000000e+00
0.000000000000000000e+00 3.800000000000000000e+01 3.797720000000000340e+01
0.000000000000000000e+00 0.000000000000000000e+00 0.000000000000000000e+00
2.146788990825687904e+01 6.422920675646782485e+00 1.236865538735529846e+01
2.082219159200551317e+01 2.797424792227554846e+01 2.329216867469879659e+01
0.000000000000000000e+00 0.000000000000000000e+00 0.000000000000000000e+00
4.000000000000000000e+00 3.599679583458495813e+01 3.594959999999999667e+01
0.000000000000000000e+00 0.000000000000000000e+00 0.000000000000000000e+00
5.285714285714285587e+00 7.484042553191489588e+00 1.720338983050847537e+00
0.000000000000000000e+00 0.000000000000000000e+00 0.000000000000000000e+00
8.000000000000000000e+00 3.989600000000000080e+01 0.000000000000000000e+00
0.000000000000000000e+00 0.000000000000000000e+00 0.000000000000000000e+00
4.466986604788524318e+01 8.000000000000000444e-01 1.219594594594594517e+00
0.000000000000000000e+00 0.000000000000000000e+00 0.000000000000000000e+00
6.538461538461538325e+00 0.000000000000000000e+00 1.997389885807504228e+01
4.087678265830005842e+01 3.000000000000000000e+00 0.000000000000000000e+00
1.839002932551319702e+01 3.103911856868493047e+01 2.959511658160712599e+01
0.000000000000000000e+00 0.000000000000000000e+00 0.000000000000000000e+00
0.000000000000000000e+00 0.000000000000000000e+00 0.000000000000000000e+00
2.184104852203011760e+01 2.915254237288135375e+00 4.826456692913385638e+00
3.224064837905236658e+01 7.314606741573033588e+00 0.000000000000000000e+00
0.000000000000000000e+00 0.000000000000000000e+00 0.000000000000000000e+00
0.000000000000000000e+00 0.000000000000000000e+00 0.000000000000000000e+00
0.000000000000000000e+00 0.000000000000000000e+00 0.000000000000000000e+00
2.331035958904109506e+01 1.439999999999999947e+00 2.222113502935420648e+00
0.000000000000000000e+00 1.000000000000000000e+00 4.793760000000000332e+01
0.000000000000000000e+00 0.000000000000000000e+00 0.000000000000000000e+00
0.000000000000000000e+00 0.000000000000000000e+00 0.000000000000000000e+00
0.000000000000000000e+00 0.000000000000000000e+00 0.000000000000000000e+00
4.040336328035014901e+01 5.180616740088106020e+00 0.000000000000000000e+00
0.000000000000000000e+00 0.000000000000000000e+00 0.000000000000000000e+00
0.000000000000000000e+00 0.000000000000000000e+00 0.000000000000000000e+00
5.000000000000000000e+00 3.997599999999999909e+01 0.000000000000000000e+00
0.000000000000000000e+00 0.000000000000000000e+00 0.000000000000000000e+00
2.714936336924583671e+01 6.936305732484076003e+00 0.000000000000000000e+00
1.076923076923077005e+01 2.857272727272727408e+01 7.071161048689138529e-01
0.000000000000000000e+00 0.000000000000000000e+00 0.000000000000000000e+00
0.000000000000000000e+00 0.000000000000000000e+00 0.000000000000000000e+00
0.000000000000000000e+00 0.000000000000000000e+00 0.000000000000000000e+00
2.056458635703918603e+01 2.085714285714285854e+00 6.864019253910950802e+00
0.000000000000000000e+00 0.000000000000000000e+00 0.000000000000000000e+00
4.495999578903042249e+01 3.799999999999999822e+00 0.000000000000000000e+00
0.000000000000000000e+00 0.000000000000000000e+00 0.000000000000000000e+00
4.373398328690807801e+01 2.659574468085106336e+00 1.100806451612903247e+00
4.573136193252811665e+01 2.258064516129032473e+00 0.000000000000000000e+00
2.528410513141426819e+01 3.083333333333333481e+00 1.720911199017869464e+01
0.000000000000000000e+00 0.000000000000000000e+00 0.000000000000000000e+00
3.441625857002938460e+01 1.800000000000000044e+00 4.408847184986595558e+00
0.000000000000000000e+00 4.300000000000000000e+01 0.000000000000000000e+00
4.575907384230287533e+01 2.916666666666666519e+00 0.000000000000000000e+00
4.087678265830005842e+01 3.000000000000000000e+00 0.000000000000000000e+00
0.000000000000000000e+00 0.000000000000000000e+00 0.000000000000000000e+00
0.000000000000000000e+00 0.000000000000000000e+00 0.000000000000000000e+00
4.372766230983501146e+01 3.666666666666666519e+00 0.000000000000000000e+00
0.000000000000000000e+00 0.000000000000000000e+00 0.000000000000000000e+00
0.000000000000000000e+00 0.000000000000000000e+00 0.000000000000000000e+00
0.000000000000000000e+00 4.500000000000000000e+01 0.000000000000000000e+00
8.599999999999999645e+00 1.654233801851216867e+01 1.870563674321503056e+00
0.000000000000000000e+00 0.000000000000000000e+00 0.000000000000000000e+00
0.000000000000000000e+00 0.000000000000000000e+00 0.000000000000000000e+00
0.000000000000000000e+00 0.000000000000000000e+00 0.000000000000000000e+00
0.000000000000000000e+00 0.000000000000000000e+00 0.000000000000000000e+00
0.000000000000000000e+00 0.000000000000000000e+00 0.000000000000000000e+00
0.000000000000000000e+00 0.000000000000000000e+00 0.000000000000000000e+00
1.337894736842105203e+01 3.655070577635398621e+01 3.627850000000000108e+01
0.000000000000000000e+00 0.000000000000000000e+00 0.000000000000000000e+00
4.679890968936432927e+01 1.516483516483516425e+00 0.000000000000000000e+00
9.949999999999999289e+00 6.250000000000000000e-01 2.781739741145781153e+01
0.000000000000000000e+00 0.000000000000000000e+00 0.000000000000000000e+00
0.000000000000000000e+00 0.000000000000000000e+00 0.000000000000000000e+00
0.000000000000000000e+00 0.000000000000000000e+00 0.000000000000000000e+00
0.000000000000000000e+00 2.409090909090909172e+00 1.791243353320511389e+01
5.000000000000000000e+00 3.697778000200180060e+01 0.000000000000000000e+00
0.000000000000000000e+00 0.000000000000000000e+00 0.000000000000000000e+00
7.764705882352941124e+00 2.593808678000507584e+01 6.942800788954635038e-01
0.000000000000000000e+00 0.000000000000000000e+00 0.000000000000000000e+00
0.000000000000000000e+00 0.000000000000000000e+00 0.000000000000000000e+00
3.766533216564494069e+01 3.950000000000000178e+00 1.747229551451187302e+00
4.000000000000000000e+00 3.299708776862824067e+01 3.285810000000000031e+01
0.000000000000000000e+00 2.200000000000000000e+01 0.000000000000000000e+00
7.000000000000000000e+00 3.257039493518239226e+01 1.014492753623188470e-01
0.000000000000000000e+00 0.000000000000000000e+00 0.000000000000000000e+00
0.000000000000000000e+00 0.000000000000000000e+00 0.000000000000000000e+00
4.174781830387111370e+01 4.216666666666666785e+00 0.000000000000000000e+00
0.000000000000000000e+00 0.000000000000000000e+00 0.000000000000000000e+00
7.500000000000000000e+00 2.754716981132075304e+00 2.285818789842198839e+01
4.192026800670016939e+01 2.325000000000000178e+00 2.144080604534004841e+00
0.000000000000000000e+00 0.000000000000000000e+00 0.000000000000000000e+00
3.390232025207676969e+01 3.666666666666666519e+00 0.000000000000000000e+00
0.000000000000000000e+00 0.000000000000000000e+00 0.000000000000000000e+00
0.000000000000000000e+00 0.000000000000000000e+00 0.000000000000000000e+00
0.000000000000000000e+00 0.000000000000000000e+00 0.000000000000000000e+00
0.000000000000000000e+00 0.000000000000000000e+00 0.000000000000000000e+00
0.000000000000000000e+00 0.000000000000000000e+00 0.000000000000000000e+00
0.000000000000000000e+00 0.000000000000000000e+00 0.000000000000000000e+00
4.258144895718989886e+01 4.883561643835616195e+00 0.000000000000000000e+00
3.656675749318801394e+01 5.822727272727272307e+00 0.000000000000000000e+00
0.000000000000000000e+00 0.000000000000000000e+00 0.000000000000000000e+00
0.000000000000000000e+00 4.500000000000000000e+01 0.000000000000000000e+00
2.160088041085840160e+01 4.137931034482758896e+00 2.092401347972605663e+01
0.000000000000000000e+00 0.000000000000000000e+00 0.000000000000000000e+00
0.000000000000000000e+00 0.000000000000000000e+00 0.000000000000000000e+00
0.000000000000000000e+00 0.000000000000000000e+00 0.000000000000000000e+00
0.000000000000000000e+00 0.000000000000000000e+00 0.000000000000000000e+00
2.728099173553718870e+01 6.302158273381294862e+00 1.796561085972850691e+01
3.099201853759011271e+01 8.636363636363636465e-01 1.236845439189189122e+01
4.800000000000000000e+01 0.000000000000000000e+00 0.000000000000000000e+00
0.000000000000000000e+00 0.000000000000000000e+00 0.000000000000000000e+00
4.079322189145866417e+01 4.121495327102803863e+00 0.000000000000000000e+00
2.137760097919216662e+01 2.178948241539482567e+01 1.407731819410651575e+01
0.000000000000000000e+00 0.000000000000000000e+00 0.000000000000000000e+00
0.000000000000000000e+00 0.000000000000000000e+00 0.000000000000000000e+00
0.000000000000000000e+00 0.000000000000000000e+00 0.000000000000000000e+00
0.000000000000000000e+00 0.000000000000000000e+00 0.000000000000000000e+00
0.000000000000000000e+00 0.000000000000000000e+00 0.000000000000000000e+00
0.000000000000000000e+00 0.000000000000000000e+00 0.000000000000000000e+00
5.000000000000000000e+00 3.797718631178707227e+01 0.000000000000000000e+00
0.000000000000000000e+00 4.400000000000000000e+01 0.000000000000000000e+00
0.000000000000000000e+00 0.000000000000000000e+00 0.000000000000000000e+00
1.842408376963350847e+01 2.318965517241379359e+01 7.228241785803862562e+00
0.000000000000000000e+00 0.000000000000000000e+00 0.000000000000000000e+00
0.000000000000000000e+00 0.000000000000000000e+00 0.000000000000000000e+00
9.199999999999999289e+00 1.909090909090909172e+00 2.781458814086485276e+01
0.000000000000000000e+00 3.800000000000000000e+01 3.797720000000000340e+01
3.777324856644228390e+01 4.953642384105960694e+00 0.000000000000000000e+00
0.000000000000000000e+00 0.000000000000000000e+00 0.000000000000000000e+00
1.678681318681318757e+01 2.881355932203389703e+00 1.517446701147975219e+01
0.000000000000000000e+00 0.000000000000000000e+00 0.000000000000000000e+00
4.315424294528168048e+01 4.582716049382716261e-01 0.000000000000000000e+00
0.000000000000000000e+00 0.000000000000000000e+00 0.000000000000000000e+00
0.000000000000000000e+00 0.000000000000000000e+00 0.000000000000000000e+00
0.000000000000000000e+00 0.000000000000000000e+00 0.000000000000000000e+00
0.000000000000000000e+00 0.000000000000000000e+00 0.000000000000000000e+00
0.000000000000000000e+00 0.000000000000000000e+00 0.000000000000000000e+00
0.000000000000000000e+00 0.000000000000000000e+00 0.000000000000000000e+00
4.788975091874234380e+01 3.272727272727272929e+00 0.000000000000000000e+00
4.358265349935594912e+01 4.895999999999999908e+00 0.000000000000000000e+00
5.000000000000000000e+00 2.950819672131147708e+00 2.925749023013460626e+00
0.000000000000000000e+00 0.000000000000000000e+00 0.000000000000000000e+00
0.000000000000000000e+00 0.000000000000000000e+00 0.000000000000000000e+00
1.627131782945736305e+01 3.039293329272007327e+01 2.937413672305074641e+01
4.500000000000000000e+01 0.000000000000000000e+00 0.000000000000000000e+00
0.000000000000000000e+00 0.000000000000000000e+00 0.000000000000000000e+00
4.000000000000000000e+00 4.599580000000000268e+01 4.599539999999999651e+01
2.205820182423628140e+01 2.106382978723404076e+00 7.394111852905767890e+00
0.000000000000000000e+00 0.000000000000000000e+00 0.000000000000000000e+00
7.454545454545454142e+00 1.525259067357512954e+01 3.995740149094781479e+00
0.000000000000000000e+00 0.000000000000000000e+00 0.000000000000000000e+00
0.000000000000000000e+00 2.000000000000000000e+00 3.188800000000000168e+01
0.000000000000000000e+00 0.000000000000000000e+00 0.000000000000000000e+00
0.000000000000000000e+00 0.000000000000000000e+00 0.000000000000000000e+00
3.526098752034725692e+01 7.080745341614906430e+00 0.000000000000000000e+00
1.298305084745762628e+01 2.399999999999999911e+00 0.000000000000000000e+00
1.182568807339449535e+01 2.767587999055043824e+01 0.000000000000000000e+00
0.000000000000000000e+00 0.000000000000000000e+00 0.000000000000000000e+00
0.000000000000000000e+00 0.000000000000000000e+00 0.000000000000000000e+00
0.000000000000000000e+00 0.000000000000000000e+00 0.000000000000000000e+00
3.598172427493047110e+01 1.548387096774193505e+00 0.000000000000000000e+00
0.000000000000000000e+00 0.000000000000000000e+00 0.000000000000000000e+00
0.000000000000000000e+00 0.000000000000000000e+00 0.000000000000000000e+00
6.799999999999999822e+00 6.270491803278688714e+00 2.734739676840215239e+00
2.541879322680658149e+01 1.439999999999999947e+00 1.094608695652173935e+01
1.014285714285714235e+01 2.694416737623160074e+01 0.000000000000000000e+00
0.000000000000000000e+00 0.000000000000000000e+00 0.000000000000000000e+00
0.000000000000000000e+00 0.000000000000000000e+00 0.000000000000000000e+00
0.000000000000000000e+00 0.000000000000000000e+00 0.000000000000000000e+00
0.000000000000000000e+00 0.000000000000000000e+00 0.000000000000000000e+00
0.000000000000000000e+00 0.000000000000000000e+00 0.000000000000000000e+00
0.000000000000000000e+00 4.900000000000000000e+01 0.000000000000000000e+00
0.000000000000000000e+00 0.000000000000000000e+00 0.000000000000000000e+00
0.000000000000000000e+00 0.000000000000000000e+00 0.000000000000000000e+00
0.000000000000000000e+00 0.000000000000000000e+00 0.000000000000000000e+00
0.000000000000000000e+00 0.000000000000000000e+00 0.000000000000000000e+00
0.000000000000000000e+00 0.000000000000000000e+00 0.000000000000000000e+00
2.182684824902723619e+01 8.643734123624048138e+00 1.449282296650717683e+01
3.681874276899344522e+01 4.782608695652173836e+00 0.000000000000000000e+00
1.539622641509433976e+01 3.243733038496331034e+01 3.182849999999999824e+01
0.000000000000000000e+00 0.000000000000000000e+00 0.000000000000000000e+00
3.855127423484940863e+01 5.245508982035928192e+00 2.371006199332379438e+00
0.000000000000000000e+00 0.000000000000000000e+00 0.000000000000000000e+00
0.000000000000000000e+00 0.000000000000000000e+00 0.000000000000000000e+00
0.000000000000000000e+00 0.000000000000000000e+00 0.000000000000000000e+00
0.000000000000000000e+00 0.000000000000000000e+00 0.000000000000000000e+00
0.000000000000000000e+00 0.000000000000000000e+00 0.000000000000000000e+00
0.000000000000000000e+00 0.000000000000000000e+00 0.000000000000000000e+00
0.000000000000000000e+00 0.000000000000000000e+00 0.000000000000000000e+00
0.000000000000000000e+00 0.000000000000000000e+00 0.000000000000000000e+00
0.000000000000000000e+00 0.000000000000000000e+00 0.000000000000000000e+00
9.400000000000000355e+00 1.843483772819472577e+01 3.883652430044182591e+00
0.000000000000000000e+00 1.290580204778157025e+01 6.848156182212581378e+00
0.000000000000000000e+00 4.785714285714285587e+00 1.076134846461949301e+01
0.000000000000000000e+00 0.000000000000000000e+00 0.000000000000000000e+00
0.000000000000000000e+00 0.000000000000000000e+00 0.000000000000000000e+00
1.468461538461538396e+01 2.545454545454545414e+00 2.138328714559795429e+01
5.000000000000000000e+00 4.497299999999999898e+01 0.000000000000000000e+00
0.000000000000000000e+00 4.800000000000000000e+01 0.000000000000000000e+00
1.318888888888888822e+01 2.431818181818181657e+00 2.811170212765957466e+00
0.000000000000000000e+00 1.323754789272030585e+01 1.036231884057971087e+01
1.059999999999999964e+01 2.422062552831783577e+01 2.579217148182665564e+00
4.372766230983501146e+01 3.666666666666666519e+00 0.000000000000000000e+00
4.185728643216080513e+01 3.477272727272727071e+00 0.000000000000000000e+00
0.000000000000000000e+00 0.000000000000000000e+00 0.000000000000000000e+00
0.000000000000000000e+00 0.000000000000000000e+00 0.000000000000000000e+00
8.000000000000000000e+00 3.991680000000000206e+01 3.989600000000000080e+01
0.000000000000000000e+00 0.000000000000000000e+00 0.000000000000000000e+00
0.000000000000000000e+00 0.000000000000000000e+00 0.000000000000000000e+00
0.000000000000000000e+00 0.000000000000000000e+00 0.000000000000000000e+00
0.000000000000000000e+00 0.000000000000000000e+00 0.000000000000000000e+00
0.000000000000000000e+00 0.000000000000000000e+00 0.000000000000000000e+00
0.000000000000000000e+00 0.000000000000000000e+00 0.000000000000000000e+00
2.600282965478211494e+01 1.714285714285714191e+00 4.736741214057508031e+00
0.000000000000000000e+00 0.000000000000000000e+00 0.000000000000000000e+00
2.427911142959512603e+01 5.267015706806282616e+00 6.458904109589040932e-01
0.000000000000000000e+00 0.000000000000000000e+00 0.000000000000000000e+00
0.000000000000000000e+00 0.000000000000000000e+00 0.000000000000000000e+00
4.593077243389548414e+01 2.375000000000000000e+00 0.000000000000000000e+00
0.000000000000000000e+00 0.000000000000000000e+00 0.000000000000000000e+00
3.016458852867830487e+01 9.731933019976498400e+00 1.520184254606365215e+01
0.000000000000000000e+00 0.000000000000000000e+00 0.000000000000000000e+00
3.928034269395526223e+01 5.118279569892473013e+00 2.324065196548418033e+00
0.000000000000000000e+00 0.000000000000000000e+00 0.000000000000000000e+00
0.000000000000000000e+00 0.000000000000000000e+00 0.000000000000000000e+00
3.700000000000000000e+01 0.000000000000000000e+00 0.000000000000000000e+00
0.000000000000000000e+00 0.000000000000000000e+00 0.000000000000000000e+00
0.000000000000000000e+00 0.000000000000000000e+00 0.000000000000000000e+00
0.000000000000000000e+00 0.000000000000000000e+00 0.000000000000000000e+00
0.000000000000000000e+00 0.000000000000000000e+00 0.000000000000000000e+00
0.000000000000000000e+00 0.000000000000000000e+00 0.000000000000000000e+00
0.000000000000000000e+00 4.200000000000000000e+01 0.000000000000000000e+00
2.995608045764901206e+01 2.423076923076922906e+00 0.000000000000000000e+00
0.000000000000000000e+00 0.000000000000000000e+00 0.000000000000000000e+00
0.000000000000000000e+00 0.000000000000000000e+00 0.000000000000000000e+00
0.000000000000000000e+00 3.158379578246393038e+01 1.083032490974729228e-01
0.000000000000000000e+00 0.000000000000000000e+00 0.000000000000000000e+00
0.000000000000000000e+00 0.000000000000000000e+00 0.000000000000000000e+00
0.000000000000000000e+00 0.000000000000000000e+00 0.000000000000000000e+00
7.727272727272727515e+00 1.469307875894988058e+01 1.120884441575209856e+01
4.187661902635105093e+01 3.187500000000000000e+00 0.000000000000000000e+00
0.000000000000000000e+00 0.000000000000000000e+00 0.000000000000000000e+00
0.000000000000000000e+00 0.000000000000000000e+00 0.000000000000000000e+00
0.000000000000000000e+00 2.798688985134027973e+01 2.448208068810157556e+01
0.000000000000000000e+00 0.000000000000000000e+00 0.000000000000000000e+00
0.000000000000000000e+00 4.200000000000000000e+01 4.200000000000000000e+01
4.000000000000000000e+00 4.499549999999999983e+01 0.000000000000000000e+00
0.000000000000000000e+00 0.000000000000000000e+00 0.000000000000000000e+00
0.000000000000000000e+00 0.000000000000000000e+00 0.000000000000000000e+00
0.000000000000000000e+00 0.000000000000000000e+00 0.000000000000000000e+00
0.000000000000000000e+00 0.000000000000000000e+00 0.000000000000000000e+00
0.000000000000000000e+00 0.000000000000000000e+00 0.000000000000000000e+00
1.584295612009237963e+01 1.920477815699658564e+01 1.712983425414364547e+00
0.000000000000000000e+00 0.000000000000000000e+00 0.000000000000000000e+00
0.000000000000000000e+00 0.000000000000000000e+00 0.000000000000000000e+00
4.307483436515694564e+01 2.871794871794871806e+00 1.584415584415584499e+00
4.799999999999999822e+00 1.777777777777777679e+00 2.991294776866119776e+01
0.000000000000000000e+00 0.000000000000000000e+00 0.000000000000000000e+00
0.000000000000000000e+00 0.000000000000000000e+00 0.000000000000000000e+00
5.879999999999999893e+00 1.478271918678526120e+01 3.311328913231478932e+00
2.057464960390005970e+01 1.679999999999999938e+00 1.865375302663438362e+01
0.000000000000000000e+00 0.000000000000000000e+00 0.000000000000000000e+00
0.000000000000000000e+00 0.000000000000000000e+00 0.000000000000000000e+00
8.000000000000000000e+00 3.891938387677535616e+01 3.889079999999999870e+01
0.000000000000000000e+00 0.000000000000000000e+00 0.000000000000000000e+00
0.000000000000000000e+00 0.000000000000000000e+00 0.000000000000000000e+00
1.290419161676646631e+01 2.868866735418815139e+01 2.532041107041106898e+01
0.000000000000000000e+00 0.000000000000000000e+00 0.000000000000000000e+00
9.222222222222221433e+00 2.391676168757126675e+01 8.435960591133004893e-01
5.428571428571428825e+00 3.129870129870129691e+00 1.385774285327191357e+01
0.000000000000000000e+00 0.000000000000000000e+00 0.000000000000000000e+00
4.691630591630591596e+01 3.393939393939394034e+00 0.000000000000000000e+00
5.000000000000000000e+00 3.597837188344848158e+01 0.000000000000000000e+00
0.000000000000000000e+00 0.000000000000000000e+00 0.000000000000000000e+00
0.000000000000000000e+00 0.000000000000000000e+00 0.000000000000000000e+00
0.000000000000000000e+00 0.000000000000000000e+00 0.000000000000000000e+00
4.492125486893357333e+01 3.299999999999999822e+00 0.000000000000000000e+00
5.000000000000000000e+00 3.348815736651947361e+01 1.304347826086956486e-01
9.800000000000000711e+00 2.615384615384615419e+00 1.981691368788143137e+01
0.000000000000000000e+00 0.000000000000000000e+00 0.000000000000000000e+00
1.687252747252747298e+01 1.818414322250639259e+01 1.458800773694390651e+00
0.000000000000000000e+00 0.000000000000000000e+00 0.000000000000000000e+00
0.000000000000000000e+00 0.000000000000000000e+00 0.000000000000000000e+00
0.000000000000000000e+00 8.000000000000000000e+00 2.770483741469289285e+01
0.000000000000000000e+00 0.000000000000000000e+00 0.000000000000000000e+00
3.056119402985074629e+01 5.942477876106194934e+00 0.000000000000000000e+00
0.000000000000000000e+00 0.000000000000000000e+00 0.000000000000000000e+00
0.000000000000000000e+00 0.000000000000000000e+00 0.000000000000000000e+00
9.199999999999999289e+00 2.026929165017807577e+01 8.817073170731707377e-01
0.000000000000000000e+00 0.000000000000000000e+00 0.000000000000000000e+00
0.000000000000000000e+00 0.000000000000000000e+00 0.000000000000000000e+00
1.441129032258064591e+01 3.056088411233904623e+01 2.984289002301611049e+01
0.000000000000000000e+00 0.000000000000000000e+00 0.000000000000000000e+00
4.000000000000000000e+00 2.798408053377033866e+01 2.447921359819783049e+01
0.000000000000000000e+00 0.000000000000000000e+00 0.000000000000000000e+00
0.000000000000000000e+00 0.000000000000000000e+00 0.000000000000000000e+00
0.000000000000000000e+00 0.000000000000000000e+00 0.000000000000000000e+00
0.000000000000000000e+00 0.000000000000000000e+00 0.000000000000000000e+00
0.000000000000000000e+00 0.000000000000000000e+00 0.000000000000000000e+00
1.547384615384615358e+01 2.660000000000000142e+00 1.834475422685029500e+01
0.000000000000000000e+00 0.000000000000000000e+00 0.000000000000000000e+00
1.823111782477341336e+01 2.629080044815137640e+01 2.150399233471734206e+01
8.880952380952381375e+00 7.088145896656534717e+00 1.929569714977440142e+01
0.000000000000000000e+00 0.000000000000000000e+00 0.000000000000000000e+00
0.000000000000000000e+00 0.000000000000000000e+00 0.000000000000000000e+00
0.000000000000000000e+00 0.000000000000000000e+00 0.000000000000000000e+00
0.000000000000000000e+00 0.000000000000000000e+00 0.000000000000000000e+00
0.000000000000000000e+00 0.000000000000000000e+00 0.000000000000000000e+00
0.000000000000000000e+00 0.000000000000000000e+00 0.000000000000000000e+00
5.000000000000000000e+00 3.798018811286772234e+01 3.795439999999999969e+01
3.097758532857870506e+01 1.741935483870967749e+00 0.000000000000000000e+00
4.254095656954370241e+01 1.666666666666666741e+00 2.084977238239757114e+00
0.000000000000000000e+00 0.000000000000000000e+00 0.000000000000000000e+00
3.144681549573210688e+01 2.340425531914893664e+00 6.755474452554744325e+00
0.000000000000000000e+00 0.000000000000000000e+00 0.000000000000000000e+00
0.000000000000000000e+00 0.000000000000000000e+00 0.000000000000000000e+00
3.451057747284162502e+01 3.830508474576271194e+00 2.057595993322203753e+01
0.000000000000000000e+00 0.000000000000000000e+00 0.000000000000000000e+00
0.000000000000000000e+00 0.000000000000000000e+00 0.000000000000000000e+00
0.000000000000000000e+00 0.000000000000000000e+00 0.000000000000000000e+00
0.000000000000000000e+00 0.000000000000000000e+00 0.000000000000000000e+00
0.000000000000000000e+00 0.000000000000000000e+00 0.000000000000000000e+00
0.000000000000000000e+00 0.000000000000000000e+00 0.000000000000000000e+00
0.000000000000000000e+00 3.700000000000000000e+01 0.000000000000000000e+00
0.000000000000000000e+00 0.000000000000000000e+00 0.000000000000000000e+00
5.000000000000000000e+01 4.964500000000000313e+01 0.000000000000000000e+00
0.000000000000000000e+00 0.000000000000000000e+00 0.000000000000000000e+00
0.000000000000000000e+00 4.100000000000000000e+01 0.000000000000000000e+00
0.000000000000000000e+00 0.000000000000000000e+00 0.000000000000000000e+00
0.000000000000000000e+00 4.300000000000000000e+01 4.300000000000000000e+01
8.000000000000000000e+00 3.989600000000000080e+01 0.000000000000000000e+00
8.000000000000000000e+00 3.792195317190314086e+01 3.787839999999999918e+01
0.000000000000000000e+00 0.000000000000000000e+00 0.000000000000000000e+00
0.000000000000000000e+00 0.000000000000000000e+00 0.000000000000000000e+00
0.000000000000000000e+00 0.000000000000000000e+00 0.000000000000000000e+00
0.000000000000000000e+00 0.000000000000000000e+00 0.000000000000000000e+00
3.270102135561745627e+01 2.000000000000000000e+00 6.948445979279723517e+00
0.000000000000000000e+00 1.733333333333333393e+00 2.193241525423728788e+01
4.000000000000000000e+00 4.399560000000000315e+01 0.000000000000000000e+00
0.000000000000000000e+00 0.000000000000000000e+00 0.000000000000000000e+00
3.060850542527126450e+01 2.385964912280701622e+00 5.391531322505800361e+00
0.000000000000000000e+00 0.000000000000000000e+00 0.000000000000000000e+00
0.000000000000000000e+00 0.000000000000000000e+00 0.000000000000000000e+00
4.155059221658206781e+01 3.450000000000000178e+00 2.456459330143540676e+00
0.000000000000000000e+00 0.000000000000000000e+00 4.300000000000000000e+01
3.428448761261261524e+01 6.965299684542586967e+00 0.000000000000000000e+00
7.000000000000000000e+00 3.995049999999999812e+01 3.993999999999999773e+01
0.000000000000000000e+00 0.000000000000000000e+00 0.000000000000000000e+00
0.000000000000000000e+00 0.000000000000000000e+00 0.000000000000000000e+00
4.257677984665936322e+01 4.722891566265060348e+00 0.000000000000000000e+00
0.000000000000000000e+00 0.000000000000000000e+00 0.000000000000000000e+00
0.000000000000000000e+00 0.000000000000000000e+00 0.000000000000000000e+00
7.000000000000000000e+00 3.394885166984253999e+01 0.000000000000000000e+00
0.000000000000000000e+00 0.000000000000000000e+00 0.000000000000000000e+00
4.000000000000000000e+01 0.000000000000000000e+00 0.000000000000000000e+00
0.000000000000000000e+00 0.000000000000000000e+00 0.000000000000000000e+00
0.000000000000000000e+00 0.000000000000000000e+00 0.000000000000000000e+00
4.373427622415086091e+01 3.747252747252747263e+00 0.000000000000000000e+00
0.000000000000000000e+00 0.000000000000000000e+00 0.000000000000000000e+00
1.229197080291970856e+01 3.172793228536880150e+01 3.133119999999999905e+01
0.000000000000000000e+00 0.000000000000000000e+00 0.000000000000000000e+00
0.000000000000000000e+00 0.000000000000000000e+00 0.000000000000000000e+00
0.000000000000000000e+00 0.000000000000000000e+00 0.000000000000000000e+00
0.000000000000000000e+00 0.000000000000000000e+00 0.000000000000000000e+00
6.000000000000000000e+00 4.296560000000000201e+01 0.000000000000000000e+00
0.000000000000000000e+00 0.000000000000000000e+00 0.000000000000000000e+00
0.000000000000000000e+00 0.000000000000000000e+00 0.000000000000000000e+00
0.000000000000000000e+00 0.000000000000000000e+00 0.000000000000000000e+00
7.833333333333333037e+00 2.304208476860865673e+01 2.899696048632218748e+00
2.529056368732481985e+01 4.865248226950354749e+00 1.262092238470191141e+00
0.000000000000000000e+00 0.000000000000000000e+00 0.000000000000000000e+00
5.571428571428571175e+00 3.741935483870967527e+00 3.467099999999999937e+01
5.000000000000000000e+01 0.000000000000000000e+00 0.000000000000000000e+00
0.000000000000000000e+00 0.000000000000000000e+00 0.000000000000000000e+00
0.000000000000000000e+00 0.000000000000000000e+00 0.000000000000000000e+00
0.000000000000000000e+00 0.000000000000000000e+00 0.000000000000000000e+00
1.100000000000000000e+01 3.875632689806941755e+01 3.864900000000000091e+01
0.000000000000000000e+00 0.000000000000000000e+00 0.000000000000000000e+00
9.354838709677419928e+00 2.367159849144183426e+01 1.858037578288100233e+00
0.000000000000000000e+00 0.000000000000000000e+00 0.000000000000000000e+00
4.221865273454869083e+01 3.225000000000000089e+00 2.388998035363457895e+00
0.000000000000000000e+00 0.000000000000000000e+00 0.000000000000000000e+00
0.000000000000000000e+00 0.000000000000000000e+00 0.000000000000000000e+00
7.806451612903225978e+00 1.538461538461538547e+00 2.089645192410761965e+01
9.000000000000000000e+00 3.986358635863586386e+01 3.982000000000000028e+01
0.000000000000000000e+00 0.000000000000000000e+00 0.000000000000000000e+00
3.643050847457627128e+01 6.315789473684210620e+00 0.000000000000000000e+00
0.000000000000000000e+00 0.000000000000000000e+00 0.000000000000000000e+00
1.277914110429447803e+01 1.363636363636363535e+00 3.439450000000000074e+01
0.000000000000000000e+00 0.000000000000000000e+00 0.000000000000000000e+00
4.666666666666666963e+00 3.789473684210526105e+00 3.961599999999999966e+01
7.000000000000000000e+00 3.694445000500450504e+01 0.000000000000000000e+00
0.000000000000000000e+00 0.000000000000000000e+00 0.000000000000000000e+00
2.720758385999027595e+01 1.560000000000000053e+00 7.575554063129617433e+00
0.000000000000000000e+00 0.000000000000000000e+00 0.000000000000000000e+00
0.000000000000000000e+00 2.792755831672722877e+01 6.190476190476190688e-01
0.000000000000000000e+00 0.000000000000000000e+00 0.000000000000000000e+00
0.000000000000000000e+00 7.000000000000000000e+00 3.001360816489894034e+01
0.000000000000000000e+00 5.000000000000000000e+00 3.348660000000000281e+01
4.700000000000000000e+01 0.000000000000000000e+00 0.000000000000000000e+00
0.000000000000000000e+00 0.000000000000000000e+00 0.000000000000000000e+00
1.215887850467289688e+01 1.613373860182370834e+01 9.220237101352479758e-01
0.000000000000000000e+00 0.000000000000000000e+00 0.000000000000000000e+00
0.000000000000000000e+00 0.000000000000000000e+00 0.000000000000000000e+00
0.000000000000000000e+00 0.000000000000000000e+00 0.000000000000000000e+00
0.000000000000000000e+00 0.000000000000000000e+00 0.000000000000000000e+00
0.000000000000000000e+00 0.000000000000000000e+00 0.000000000000000000e+00
0.000000000000000000e+00 3.600000000000000000e+01 0.000000000000000000e+00
2.141428571428571459e+01 8.026807473598699616e+00 1.407240948813982584e+01
0.000000000000000000e+00 0.000000000000000000e+00 0.000000000000000000e+00
0.000000000000000000e+00 1.000000000000000000e+01 3.242049999999999699e+01
2.480300187617260832e+01 1.505921958684009176e+01 1.680976562500000071e+01
0.000000000000000000e+00 0.000000000000000000e+00 0.000000000000000000e+00
8.400000000000000355e+00 1.649810801513588032e+01 5.336863783465725319e+00
1.207894736842105310e+01 1.730769230769230838e+00 1.179538056115331024e+01
0.000000000000000000e+00 0.000000000000000000e+00 0.000000000000000000e+00
0.000000000000000000e+00 0.000000000000000000e+00 0.000000000000000000e+00
9.181818181818181657e+00 1.133466135458167301e+01 1.225686688801690316e+01
0.000000000000000000e+00 0.000000000000000000e+00 0.000000000000000000e+00
0.000000000000000000e+00 0.000000000000000000e+00 0.000000000000000000e+00
0.000000000000000000e+00 0.000000000000000000e+00 0.000000000000000000e+00
0.000000000000000000e+00 0.000000000000000000e+00 0.000000000000000000e+00
0.000000000000000000e+00 0.000000000000000000e+00 0.000000000000000000e+00
4.383310182711828418e+01 2.951219512195121908e+00 0.000000000000000000e+00
1.084415584415584455e+01 1.142857142857142794e+00 0.000000000000000000e+00
0.000000000000000000e+00 0.000000000000000000e+00 0.000000000000000000e+00
0.000000000000000000e+00 0.000000000000000000e+00 0.000000000000000000e+00
0.000000000000000000e+00 0.000000000000000000e+00 0.000000000000000000e+00
1.252287581699346397e+01 2.102564102564102644e+00 2.162818877551020336e+01
0.000000000000000000e+00 0.000000000000000000e+00 0.000000000000000000e+00
7.333333333333333037e+00 6.576512455516014377e+00 3.011596958174904870e+01
0.000000000000000000e+00 0.000000000000000000e+00 0.000000000000000000e+00
0.000000000000000000e+00 0.000000000000000000e+00 0.000000000000000000e+00
1.036764705882352899e+01 3.483208020050125242e+01 3.468149999999999977e+01
0.000000000000000000e+00 0.000000000000000000e+00 0.000000000000000000e+00
4.700000000000000000e+01 0.000000000000000000e+00 0.000000000000000000e+00
0.000000000000000000e+00 0.000000000000000000e+00 0.000000000000000000e+00
0.000000000000000000e+00 0.000000000000000000e+00 0.000000000000000000e+00
0.000000000000000000e+00 0.000000000000000000e+00 0.000000000000000000e+00
3.610055423594616286e+01 3.727272727272727071e+00 3.359424920127795477e+00
1.638181818181818272e+01 1.908386075949367111e+01 2.011616376257260086e+00
1.252112676056338003e+01 1.500000000000000000e+00 1.890738813735691970e+00
0.000000000000000000e+00 0.000000000000000000e+00 0.000000000000000000e+00
2.790263098718236989e+01 2.125000000000000000e+00 2.908141053548106036e+00
3.885684923225728227e+01 4.160000000000000142e+00 0.000000000000000000e+00
0.000000000000000000e+00 4.100000000000000000e+01 0.000000000000000000e+00
0.000000000000000000e+00 0.000000000000000000e+00 0.000000000000000000e+00
0.000000000000000000e+00 0.000000000000000000e+00 0.000000000000000000e+00
0.000000000000000000e+00 0.000000000000000000e+00 0.000000000000000000e+00
0.000000000000000000e+00 0.000000000000000000e+00 0.000000000000000000e+00
0.000000000000000000e+00 0.000000000000000000e+00 0.000000000000000000e+00
1.535555555555555607e+01 3.047803591356396424e+01 2.962263584509156544e+01
7.000000000000000000e+00 2.995388399262143864e+01 0.000000000000000000e+00
3.188768347160178607e+01 3.959999999999999964e+00 0.000000000000000000e+00
0.000000000000000000e+00 0.000000000000000000e+00 0.000000000000000000e+00
0.000000000000000000e+00 0.000000000000000000e+00 0.000000000000000000e+00
5.571428571428571175e+00 3.155844155844155896e+00 1.485560261840585206e+01
0.000000000000000000e+00 0.000000000000000000e+00 0.000000000000000000e+00
0.000000000000000000e+00 4.900000000000000000e+01 0.000000000000000000e+00
0.000000000000000000e+00 0.000000000000000000e+00 0.000000000000000000e+00
2.417187500000000000e+01 1.292820838627700120e+01 1.582689943447258507e+01
4.000000000000000000e+00 4.199580000000000268e+01 0.000000000000000000e+00
1.406849315068493134e+01 3.000000000000000000e+00 1.458333333333333393e+01
0.000000000000000000e+00 0.000000000000000000e+00 0.000000000000000000e+00
0.000000000000000000e+00 0.000000000000000000e+00 0.000000000000000000e+00
5.000000000000000000e+01 4.964500000000000313e+01 0.000000000000000000e+00
0.000000000000000000e+00 0.000000000000000000e+00 0.000000000000000000e+00
0.000000000000000000e+00 0.000000000000000000e+00 0.000000000000000000e+00
4.691648623569439991e+01 3.870967741935483986e+00 0.000000000000000000e+00
3.460888077858880507e+01 4.855555555555555181e+00 2.157472604336675204e+01
0.000000000000000000e+00 0.000000000000000000e+00 0.000000000000000000e+00
2.145323741007194229e+01 4.299999999999999822e+00 3.172584640792733168e+00
0.000000000000000000e+00 0.000000000000000000e+00 0.000000000000000000e+00
1.111377245508982092e+01 1.397674418604651159e+01 9.946091644204851923e-01
4.000000000000000000e+00 3.799619771863117990e+01 0.000000000000000000e+00
0.000000000000000000e+00 0.000000000000000000e+00 0.000000000000000000e+00
0.000000000000000000e+00 0.000000000000000000e+00 0.000000000000000000e+00
7.000000000000000000e+00 3.695495946351716299e+01 3.691120000000000090e+01
0.000000000000000000e+00 3.155752926927735302e+01 1.159420289855072478e-01
0.000000000000000000e+00 0.000000000000000000e+00 0.000000000000000000e+00
0.000000000000000000e+00 0.000000000000000000e+00 0.000000000000000000e+00
0.000000000000000000e+00 0.000000000000000000e+00 0.000000000000000000e+00
0.000000000000000000e+00 0.000000000000000000e+00 0.000000000000000000e+00
9.933333333333333570e+00 2.881471762692527250e+01 0.000000000000000000e+00
6.612903225806451957e+00 1.421107628004179801e+01 1.333941605839416056e+01
4.200000000000000000e+01 0.000000000000000000e+00 0.000000000000000000e+00
0.000000000000000000e+00 0.000000000000000000e+00 0.000000000000000000e+00
7.919999999999999929e+00 7.500000000000000000e-01 3.588839999999999719e+01
2.452410901467505155e+01 0.000000000000000000e+00 8.940257711831316456e+00
0.000000000000000000e+00 0.000000000000000000e+00 0.000000000000000000e+00
0.000000000000000000e+00 0.000000000000000000e+00 0.000000000000000000e+00
0.000000000000000000e+00 0.000000000000000000e+00 0.000000000000000000e+00
0.000000000000000000e+00 5.000000000000000000e+00 3.841109999999999758e+01
0.000000000000000000e+00 0.000000000000000000e+00 0.000000000000000000e+00
0.000000000000000000e+00 3.600000000000000000e+01 0.000000000000000000e+00
5.750000000000000000e+00 1.300000000000000044e+00 8.959633385335413536e+00
7.000000000000000000e+00 4.093849999999999767e+01 0.000000000000000000e+00
1.197391304347826058e+01 6.250000000000000000e-01 2.766278602970694678e+01
0.000000000000000000e+00 0.000000000000000000e+00 0.000000000000000000e+00
0.000000000000000000e+00 0.000000000000000000e+00 0.000000000000000000e+00
0.000000000000000000e+00 0.000000000000000000e+00 0.000000000000000000e+00
0.000000000000000000e+00 4.500000000000000000e+01 4.500000000000000000e+01
0.000000000000000000e+00 0.000000000000000000e+00 0.000000000000000000e+00
0.000000000000000000e+00 4.500000000000000000e+01 0.000000000000000000e+00
3.580453635757171327e+01 8.088888888888888573e+00 0.000000000000000000e+00
0.000000000000000000e+00 0.000000000000000000e+00 0.000000000000000000e+00
0.000000000000000000e+00 0.000000000000000000e+00 0.000000000000000000e+00
0.000000000000000000e+00 0.000000000000000000e+00 0.000000000000000000e+00
0.000000000000000000e+00 0.000000000000000000e+00 0.000000000000000000e+00
0.000000000000000000e+00 0.000000000000000000e+00 0.000000000000000000e+00
0.000000000000000000e+00 0.000000000000000000e+00 0.000000000000000000e+00
0.000000000000000000e+00 0.000000000000000000e+00 0.000000000000000000e+00
0.000000000000000000e+00 0.000000000000000000e+00 0.000000000000000000e+00
0.000000000000000000e+00 0.000000000000000000e+00 0.000000000000000000e+00
6.200000000000000178e+00 2.290173410404624121e+01 2.473411764705882199e+00
0.000000000000000000e+00 4.000000000000000000e+01 0.000000000000000000e+00
0.000000000000000000e+00 0.000000000000000000e+00 0.000000000000000000e+00
0.000000000000000000e+00 0.000000000000000000e+00 0.000000000000000000e+00
0.000000000000000000e+00 0.000000000000000000e+00 0.000000000000000000e+00
0.000000000000000000e+00 0.000000000000000000e+00 0.000000000000000000e+00
0.000000000000000000e+00 0.000000000000000000e+00 0.000000000000000000e+00
0.000000000000000000e+00 0.000000000000000000e+00 0.000000000000000000e+00
0.000000000000000000e+00 0.000000000000000000e+00 0.000000000000000000e+00
1.535555555555555607e+01 3.047803591356396424e+01 2.962263584509156544e+01
0.000000000000000000e+00 0.000000000000000000e+00 0.000000000000000000e+00
1.367961165048543748e+01 2.958042994810971038e+01 2.779672920638105893e+01
0.000000000000000000e+00 6.851973684210526550e+00 6.534147557328015665e+00
3.960011848341232366e+01 5.823863636363636687e+00 0.000000000000000000e+00
0.000000000000000000e+00 0.000000000000000000e+00 0.000000000000000000e+00
7.625000000000000000e+00 2.718103448275861922e+01 6.819630337794774233e-01
0.000000000000000000e+00 0.000000000000000000e+00 0.000000000000000000e+00
0.000000000000000000e+00 0.000000000000000000e+00 0.000000000000000000e+00
0.000000000000000000e+00 0.000000000000000000e+00 0.000000000000000000e+00
0.000000000000000000e+00 0.000000000000000000e+00 0.000000000000000000e+00
0.000000000000000000e+00 0.000000000000000000e+00 0.000000000000000000e+00
0.000000000000000000e+00 0.000000000000000000e+00 0.000000000000000000e+00
0.000000000000000000e+00 0.000000000000000000e+00 0.000000000000000000e+00
0.000000000000000000e+00 0.000000000000000000e+00 0.000000000000000000e+00
0.000000000000000000e+00 0.000000000000000000e+00 0.000000000000000000e+00
0.000000000000000000e+00 0.000000000000000000e+00 0.000000000000000000e+00
0.000000000000000000e+00 0.000000000000000000e+00 0.000000000000000000e+00
2.661160714285714235e+01 2.727272727272727071e+00 9.912644092219020209e+00
0.000000000000000000e+00 0.000000000000000000e+00 0.000000000000000000e+00
0.000000000000000000e+00 0.000000000000000000e+00 0.000000000000000000e+00
4.579724655819774881e+01 3.050847457627118509e+00 0.000000000000000000e+00
2.501015965166908472e+01 3.103896103896103931e+00 1.364860614724803511e+01
0.000000000000000000e+00 0.000000000000000000e+00 0.000000000000000000e+00
0.000000000000000000e+00 0.000000000000000000e+00 0.000000000000000000e+00
0.000000000000000000e+00 0.000000000000000000e+00 0.000000000000000000e+00
0.000000000000000000e+00 0.000000000000000000e+00 0.000000000000000000e+00
0.000000000000000000e+00 0.000000000000000000e+00 0.000000000000000000e+00
0.000000000000000000e+00 0.000000000000000000e+00 0.000000000000000000e+00
0.000000000000000000e+00 0.000000000000000000e+00 0.000000000000000000e+00
0.000000000000000000e+00 0.000000000000000000e+00 0.000000000000000000e+00
0.000000000000000000e+00 0.000000000000000000e+00 0.000000000000000000e+00
0.000000000000000000e+00 0.000000000000000000e+00 0.000000000000000000e+00
0.000000000000000000e+00 0.000000000000000000e+00 0.000000000000000000e+00
0.000000000000000000e+00 0.000000000000000000e+00 0.000000000000000000e+00
4.666666666666666963e+00 1.923076923076923128e+00 2.493112244897959329e+01
1.847467438494934910e+01 2.723056621880997952e+01 2.276282185472053499e+01
0.000000000000000000e+00 0.000000000000000000e+00 0.000000000000000000e+00
0.000000000000000000e+00 0.000000000000000000e+00 0.000000000000000000e+00
0.000000000000000000e+00 0.000000000000000000e+00 0.000000000000000000e+00
0.000000000000000000e+00 0.000000000000000000e+00 0.000000000000000000e+00
0.000000000000000000e+00 0.000000000000000000e+00 0.000000000000000000e+00
0.000000000000000000e+00 0.000000000000000000e+00 0.000000000000000000e+00
0.000000000000000000e+00 0.000000000000000000e+00 0.000000000000000000e+00
0.000000000000000000e+00 0.000000000000000000e+00 0.000000000000000000e+00
0.000000000000000000e+00 0.000000000000000000e+00 0.000000000000000000e+00
0.000000000000000000e+00 4.700000000000000000e+01 0.000000000000000000e+00
8.078947368421053099e+00 5.059782608695652328e+00 1.167420814479637947e+01
0.000000000000000000e+00 0.000000000000000000e+00 0.000000000000000000e+00
0.000000000000000000e+00 0.000000000000000000e+00 0.000000000000000000e+00
0.000000000000000000e+00 0.000000000000000000e+00 0.000000000000000000e+00
0.000000000000000000e+00 0.000000000000000000e+00 0.000000000000000000e+00
2.328158689090125222e+01 4.241379310344827402e+00 1.429511793746571557e+00
5.000000000000000000e+01 0.000000000000000000e+00 0.000000000000000000e+00
0.000000000000000000e+00 0.000000000000000000e+00 0.000000000000000000e+00
1.232116788321167888e+01 3.370207643695455602e+01 3.344239999999999924e+01
0.000000000000000000e+00 0.000000000000000000e+00 0.000000000000000000e+00
0.000000000000000000e+00 1.100000000000000000e+01 3.251520000000000010e+01
1.439357429718875458e+01 3.402298850574712485e+00 0.000000000000000000e+00
1.181981981981981988e+01 9.473684210526315264e-01 2.766278602970694678e+01
0.000000000000000000e+00 0.000000000000000000e+00 0.000000000000000000e+00
1.171065989847715727e+01 1.534441087613292964e+01 9.306431273644388824e-01
0.000000000000000000e+00 0.000000000000000000e+00 0.000000000000000000e+00
0.000000000000000000e+00 0.000000000000000000e+00 0.000000000000000000e+00
0.000000000000000000e+00 7.871194379391100782e+00 2.579750346740638189e+00
0.000000000000000000e+00 0.000000000000000000e+00 0.000000000000000000e+00
0.000000000000000000e+00 0.000000000000000000e+00 0.000000000000000000e+00
0.000000000000000000e+00 4.300000000000000000e+01 0.000000000000000000e+00
0.000000000000000000e+00 0.000000000000000000e+00 0.000000000000000000e+00
0.000000000000000000e+00 0.000000000000000000e+00 0.000000000000000000e+00
9.857142857142857650e+00 2.372093023255814170e+00 1.486332135523614006e+01
5.000000000000000000e+00 3.097795976139925145e+01 3.064342868573714895e+01
0.000000000000000000e+00 0.000000000000000000e+00 0.000000000000000000e+00
0.000000000000000000e+00 0.000000000000000000e+00 0.000000000000000000e+00
0.000000000000000000e+00 0.000000000000000000e+00 0.000000000000000000e+00
0.000000000000000000e+00 0.000000000000000000e+00 0.000000000000000000e+00
0.000000000000000000e+00 0.000000000000000000e+00 0.000000000000000000e+00
0.000000000000000000e+00 0.000000000000000000e+00 0.000000000000000000e+00
2.606570155902004515e+01 4.702702702702702631e+00 6.694295465626523445e+00
0.000000000000000000e+00 0.000000000000000000e+00 0.000000000000000000e+00
0.000000000000000000e+00 8.000000000000000000e+00 2.770483741469289285e+01
4.376311844077960700e+01 3.422222222222222054e+00 0.000000000000000000e+00
0.000000000000000000e+00 0.000000000000000000e+00 0.000000000000000000e+00
0.000000000000000000e+00 0.000000000000000000e+00 0.000000000000000000e+00
0.000000000000000000e+00 0.000000000000000000e+00 0.000000000000000000e+00
0.000000000000000000e+00 0.000000000000000000e+00 0.000000000000000000e+00
0.000000000000000000e+00 0.000000000000000000e+00 0.000000000000000000e+00
0.000000000000000000e+00 0.000000000000000000e+00 0.000000000000000000e+00
4.392681361010058083e+01 3.454545454545454586e+00 0.000000000000000000e+00
0.000000000000000000e+00 0.000000000000000000e+00 0.000000000000000000e+00
4.100000000000000000e+01 0.000000000000000000e+00 0.000000000000000000e+00
0.000000000000000000e+00 0.000000000000000000e+00 0.000000000000000000e+00
7.636363636363636687e+00 3.388235294117647012e+00 2.773584905660377231e+01
0.000000000000000000e+00 0.000000000000000000e+00 0.000000000000000000e+00
2.976144492131616559e+01 5.466666666666666785e+00 7.693531505128741621e+00
0.000000000000000000e+00 0.000000000000000000e+00 0.000000000000000000e+00
3.012697835182827077e+01 9.972752043596729621e+00 0.000000000000000000e+00
0.000000000000000000e+00 0.000000000000000000e+00 0.000000000000000000e+00
3.516566757493188078e+01 3.000000000000000000e+00 4.891815616180620552e+00
0.000000000000000000e+00 0.000000000000000000e+00 0.000000000000000000e+00
4.900000000000000000e+01 4.844630000000000081e+01 0.000000000000000000e+00
6.577777777777777501e+00 2.886522330537293257e+01 0.000000000000000000e+00
0.000000000000000000e+00 0.000000000000000000e+00 0.000000000000000000e+00
0.000000000000000000e+00 0.000000000000000000e+00 0.000000000000000000e+00
0.000000000000000000e+00 0.000000000000000000e+00 0.000000000000000000e+00
4.258144895718989886e+01 4.883561643835616195e+00 0.000000000000000000e+00
0.000000000000000000e+00 0.000000000000000000e+00 0.000000000000000000e+00
0.000000000000000000e+00 0.000000000000000000e+00 0.000000000000000000e+00
0.000000000000000000e+00 0.000000000000000000e+00 0.000000000000000000e+00
0.000000000000000000e+00 3.800000000000000000e+01 0.000000000000000000e+00
9.000000000000000000e+00 3.089580171977744172e+01 3.050700140028005691e+01
7.923076923076923350e+00 1.000000000000000000e+00 5.951690821256038433e+00
3.730934887256143639e+01 2.049999999999999822e+00 4.195719710044873985e+00
4.357778017009366067e+01 5.113821138211382511e+00 0.000000000000000000e+00
1.000000000000000000e+01 3.875812743823146889e+01 0.000000000000000000e+00
6.000000000000000000e+00 3.297348865233982451e+01 0.000000000000000000e+00
0.000000000000000000e+00 0.000000000000000000e+00 0.000000000000000000e+00
0.000000000000000000e+00 0.000000000000000000e+00 0.000000000000000000e+00
5.000000000000000000e+01 0.000000000000000000e+00 0.000000000000000000e+00
7.679999999999999716e+00 2.232558139534883690e+00 3.778340000000000032e+01
0.000000000000000000e+00 3.243902439024390461e+00 3.888162672476398019e+00
2.783642533936651731e+01 5.361702127659574657e+00 4.061181434599156148e+00
0.000000000000000000e+00 0.000000000000000000e+00 0.000000000000000000e+00
0.000000000000000000e+00 0.000000000000000000e+00 0.000000000000000000e+00
9.000000000000000000e+00 3.089580171977744172e+01 3.050700140028005691e+01
2.107082521117608920e+01 3.395348837209302140e+00 8.467362390014324447e+00
0.000000000000000000e+00 0.000000000000000000e+00 0.000000000000000000e+00
0.000000000000000000e+00 0.000000000000000000e+00 0.000000000000000000e+00
4.060029905682079487e+01 5.142857142857143238e+00 0.000000000000000000e+00
0.000000000000000000e+00 0.000000000000000000e+00 0.000000000000000000e+00
6.000000000000000000e+00 4.196640000000000015e+01 0.000000000000000000e+00
3.452796327212020344e+01 9.000000000000000222e-01 1.061993047508690724e+00
3.351840490797545868e+01 9.000000000000000222e-01 1.142367066895368710e+00
0.000000000000000000e+00 0.000000000000000000e+00 0.000000000000000000e+00
5.000000000000000000e+01 0.000000000000000000e+00 0.000000000000000000e+00
0.000000000000000000e+00 0.000000000000000000e+00 0.000000000000000000e+00
0.000000000000000000e+00 0.000000000000000000e+00 0.000000000000000000e+00
5.000000000000000000e+00 4.397359999999999758e+01 0.000000000000000000e+00
0.000000000000000000e+00 0.000000000000000000e+00 0.000000000000000000e+00
3.773445974134334335e+01 1.218750000000000000e+00 1.107118175535590776e+00
6.000000000000000000e+00 4.197120000000000317e+01 4.196640000000000015e+01
0.000000000000000000e+00 0.000000000000000000e+00 0.000000000000000000e+00
0.000000000000000000e+00 7.000000000000000000e+00 2.904485382458950582e+01
0.000000000000000000e+00 0.000000000000000000e+00 0.000000000000000000e+00
9.599999999999999645e+00 2.453360881542699801e+01 1.825630252100840289e+00
0.000000000000000000e+00 0.000000000000000000e+00 0.000000000000000000e+00
0.000000000000000000e+00 0.000000000000000000e+00 0.000000000000000000e+00
6.000000000000000000e+00 4.197120000000000317e+01 4.196640000000000015e+01
4.763699327765328917e+01 1.173913043478260976e+00 0.000000000000000000e+00
0.000000000000000000e+00 0.000000000000000000e+00 0.000000000000000000e+00
0.000000000000000000e+00 3.200000000000000000e+01 3.178879999999999839e+01
0.000000000000000000e+00 0.000000000000000000e+00 0.000000000000000000e+00
4.956521739130434590e+00 2.069999999999999929e+01 1.419004524886877894e+00
1.866589595375722510e+01 2.624785474443477185e+01 2.135773657289002614e+01
5.839999999999999858e+00 1.488692579505300273e+01 2.331081081081081141e+00
0.000000000000000000e+00 0.000000000000000000e+00 0.000000000000000000e+00
1.122340425531914931e+01 1.399999999999999911e+00 1.282523850823937472e+01
7.000000000000000000e+00 7.575129533678756744e+00 2.610013780431786667e+00
0.000000000000000000e+00 4.428571428571428825e+00 1.774812286689419949e+01
0.000000000000000000e+00 0.000000000000000000e+00 0.000000000000000000e+00
9.890909090909090651e+00 2.583082418984434980e+01 0.000000000000000000e+00
0.000000000000000000e+00 0.000000000000000000e+00 0.000000000000000000e+00
0.000000000000000000e+00 0.000000000000000000e+00 0.000000000000000000e+00
0.000000000000000000e+00 0.000000000000000000e+00 0.000000000000000000e+00
0.000000000000000000e+00 0.000000000000000000e+00 0.000000000000000000e+00
4.638207739307535604e+01 5.663716814159291957e-01 0.000000000000000000e+00
0.000000000000000000e+00 0.000000000000000000e+00 0.000000000000000000e+00
2.359939759036144480e+01 9.109993178717598283e+00 1.482337746206005846e+01
5.428571428571428825e+00 2.640000000000000124e+00 3.283169999999999789e+01
2.053313911143481363e+01 2.726126558005752543e+01 2.232866617538688203e+01
1.779865771812080411e+01 2.250000000000000000e+00 2.816559743384121717e+01
2.105536332179930881e+01 6.929562433297759227e+00 1.096197718631178653e+01
0.000000000000000000e+00 0.000000000000000000e+00 0.000000000000000000e+00
0.000000000000000000e+00 0.000000000000000000e+00 0.000000000000000000e+00
0.000000000000000000e+00 0.000000000000000000e+00 0.000000000000000000e+00
6.866666666666666252e+00 7.500000000000000000e-01 2.993696217730638409e+01
4.500000000000000000e+01 0.000000000000000000e+00 0.000000000000000000e+00
1.763444639718805007e+01 3.568181818181818343e+00 2.441229508196721198e+01
0.000000000000000000e+00 0.000000000000000000e+00 0.000000000000000000e+00
6.000000000000000000e+00 4.396959999999999980e+01 4.396479999999999677e+01
0.000000000000000000e+00 4.500000000000000000e+01 0.000000000000000000e+00
0.000000000000000000e+00 0.000000000000000000e+00 0.000000000000000000e+00
4.000000000000000000e+00 3.299668608154247806e+01 0.000000000000000000e+00
0.000000000000000000e+00 0.000000000000000000e+00 0.000000000000000000e+00
7.190476190476190688e+00 1.845405003715630343e+01 3.814064801178203457e+00
0.000000000000000000e+00 0.000000000000000000e+00 0.000000000000000000e+00
0.000000000000000000e+00 0.000000000000000000e+00 0.000000000000000000e+00
0.000000000000000000e+00 0.000000000000000000e+00 0.000000000000000000e+00
8.000000000000000000e+00 3.889857971594318542e+01 0.000000000000000000e+00
0.000000000000000000e+00 0.000000000000000000e+00 0.000000000000000000e+00
0.000000000000000000e+00 0.000000000000000000e+00 0.000000000000000000e+00
0.000000000000000000e+00 0.000000000000000000e+00 0.000000000000000000e+00
2.595735001421666155e+01 2.250000000000000000e+00 0.000000000000000000e+00
0.000000000000000000e+00 0.000000000000000000e+00 0.000000000000000000e+00
7.454545454545454142e+00 0.000000000000000000e+00 7.968898488120950141e+00
7.030769230769230660e+00 2.627470208540218621e+01 1.256179775280898969e+00
