1.391186157605286766e+01 3.124130898179394933e+00 0.000000000000000000e+00
1.678936833890042379e+01 1.921063166109957621e+01 7.686124375738533132e+00
1.092150599212799733e+01 1.092150599212799733e+01 1.282854425143295174e+00
1.070244567876369501e+01 1.054704108708705235e+00 0.000000000000000000e+00
0.000000000000000000e+00 0.000000000000000000e+00 0.000000000000000000e+00
0.000000000000000000e+00 0.000000000000000000e+00 0.000000000000000000e+00
1.513044295785546467e+01 1.513044295785546467e+01 2.217143289946097440e+00
0.000000000000000000e+00 0.000000000000000000e+00 0.000000000000000000e+00
0.000000000000000000e+00 0.000000000000000000e+00 0.000000000000000000e+00
3.300000000000000000e+01 1.314314578599811867e+01 7.143145785998118669e+00
0.000000000000000000e+00 0.000000000000000000e+00 0.000000000000000000e+00
0.000000000000000000e+00 0.000000000000000000e+00 0.000000000000000000e+00
2.911412778799962098e+01 1.597930769618166380e+01 7.114127787999620978e+00
1.567253335231154487e+01 1.567253335231154487e+01 1.055382513834757674e+00
3.509435938086782869e+01 7.006238677330049569e+00 0.000000000000000000e+00
6.078309941810786654e+00 0.000000000000000000e+00 0.000000000000000000e+00
3.920987495356008878e+01 6.415183899328837924e+00 1.415183899328837924e+00
0.000000000000000000e+00 0.000000000000000000e+00 0.000000000000000000e+00
0.000000000000000000e+00 0.000000000000000000e+00 0.000000000000000000e+00
2.291784503814579921e+01 2.941511215520430511e+01 1.808215496185420434e+01
2.200000000000000000e+01 9.000000000000000000e+00 1.000000000000000000e+00
0.000000000000000000e+00 0.000000000000000000e+00 0.000000000000000000e+00
5.731897714759522700e+00 5.731897714759522700e+00 0.000000000000000000e+00
2.304629771445521058e+01 1.179667957537085954e+01 3.794606927263600937e+00
1.487114094627816741e+01 9.207241726823767181e+00 0.000000000000000000e+00
2.098348178239122319e+01 1.898348178239122319e+01 1.143881721092451897e+01
3.500000000000000000e+01 7.498118200674969813e+00 2.498118200674969813e+00
1.956769614158149651e+01 2.892479127965951591e+01 2.743230385841850349e+01
1.625481131327088136e+01 1.325481131327088136e+01 1.167876694821417516e+01
0.000000000000000000e+00 0.000000000000000000e+00 0.000000000000000000e+00
1.783921111818787608e+01 2.116078888181212392e+01 1.207708519787969692e+01
2.016655422447151480e+01 7.948472737301749191e+00 1.220186121077098562e+00
7.281592401012915161e+00 2.584331542706362228e+00 0.000000000000000000e+00
0.000000000000000000e+00 0.000000000000000000e+00 0.000000000000000000e+00
2.480372893964678482e+01 1.780372893964678482e+01 1.505821064772123918e+01
1.703195090692424785e+01 7.451720673192340882e+00 0.000000000000000000e+00
2.310358972366469033e+01 1.569786539044080875e+01 6.103589723664690325e+00
2.081405846197835174e+01 3.313622143672307629e+01 1.818594153802164826e+01
1.765696863438463993e+01 3.178760629007287264e+01 2.934303136561536007e+01
3.291339172805204782e+01 1.182731550730926884e+01 0.000000000000000000e+00
0.000000000000000000e+00 0.000000000000000000e+00 0.000000000000000000e+00
5.191350625342106895e+00 2.824562990263897788e+00 0.000000000000000000e+00
3.300000000000000000e+01 1.511783077187891777e+01 0.000000000000000000e+00
3.039252919341245729e+01 1.615937392566836905e+01 5.392529193412457289e+00
0.000000000000000000e+00 0.000000000000000000e+00 0.000000000000000000e+00
2.780375318864729195e+01 2.547325693613504072e+01 7.526743063864962835e+00
1.994790332236723174e+01 1.994790332236723174e+01 1.255548493584222669e+01
0.000000000000000000e+00 0.000000000000000000e+00 0.000000000000000000e+00
1.118150620240825432e+01 2.081012346924421053e+00 0.000000000000000000e+00
2.001788833673521140e+01 2.001788833673521140e+01 9.085555275893376859e+00
1.617087289571654196e+01 1.617087289571654196e+01 4.825918697248749112e+00
0.000000000000000000e+00 0.000000000000000000e+00 0.000000000000000000e+00
1.756154890472803487e+00 1.756154890472803487e+00 0.000000000000000000e+00
0.000000000000000000e+00 0.000000000000000000e+00 0.000000000000000000e+00
0.000000000000000000e+00 0.000000000000000000e+00 0.000000000000000000e+00
2.746873029617181317e+01 2.567785495556830355e+01 0.000000000000000000e+00
4.071108779770662522e+01 6.468022866181662778e+00 2.468022866181662778e+00
1.834367551391396844e+01 1.217811947523217952e+01 2.100109328669667264e+00
1.540464692754533615e+01 8.141161544227159652e+00 0.000000000000000000e+00
0.000000000000000000e+00 0.000000000000000000e+00 0.000000000000000000e+00
1.426732171355153511e+01 5.832395666559463621e+00 0.000000000000000000e+00
2.100806139635059111e+01 1.700806139635059111e+01 1.363722520990494758e+01
1.018127329181887042e+01 1.018127329181887042e+01 0.000000000000000000e+00
2.469271025728773239e+01 2.242242759854662637e+01 7.692710257287732389e+00
2.300000000000000000e+01 1.700000000000000000e+01 1.000000000000000000e+00
0.000000000000000000e+00 0.000000000000000000e+00 0.000000000000000000e+00
1.214757074011155424e+01 2.805863532750393574e+00 0.000000000000000000e+00
2.330330071975302175e+00 2.330330071975302175e+00 0.000000000000000000e+00
3.679801360524336928e+00 2.481984936249617135e-01 0.000000000000000000e+00
0.000000000000000000e+00 0.000000000000000000e+00 0.000000000000000000e+00
4.887107251014974452e+00 0.000000000000000000e+00 0.000000000000000000e+00
1.167285118904964492e+01 4.683683804858853605e+00 0.000000000000000000e+00
2.582789119228351638e+00 0.000000000000000000e+00 0.000000000000000000e+00
2.000286093793344477e+01 2.643132086684495619e+00 0.000000000000000000e+00
1.453745153219176700e+01 1.147593739934895574e+01 0.000000000000000000e+00
2.545949723764734784e+01 1.222124397918532424e+01 0.000000000000000000e+00
0.000000000000000000e+00 0.000000000000000000e+00 0.000000000000000000e+00
0.000000000000000000e+00 0.000000000000000000e+00 0.000000000000000000e+00
2.231003340683479053e+01 2.540425298181582292e+01 1.940425298181581937e+01
1.874164344480673350e+01 8.162229151493249901e+00 0.000000000000000000e+00
1.444660521518500929e+01 6.446605215185009286e+00 1.903078211117636442e+01
3.366536039724229568e+01 1.503550781202318021e+01 1.035507812023180207e+00
3.884598326384337952e+01 9.262419246807755968e+00 0.000000000000000000e+00
5.645191627066004969e+00 0.000000000000000000e+00 0.000000000000000000e+00
2.042581587381431163e+01 2.397236323811291925e+01 2.357418412618569192e+01
3.402747993497608547e+01 2.050636472275453315e+01 6.506364722754533148e+00
0.000000000000000000e+00 0.000000000000000000e+00 0.000000000000000000e+00
7.246984111253901517e+00 0.000000000000000000e+00 0.000000000000000000e+00
1.586121198663235887e+01 2.965011653584558005e+01 1.813878801336764113e+01
2.800000000000000000e+01 1.500000000000000000e+01 1.100000000000000000e+01
3.263982382005647764e+01 1.502804991720694261e+01 2.804991720694260948e-02
2.699584442504317394e+00 0.000000000000000000e+00 0.000000000000000000e+00
1.984410810717854901e+01 2.673628326252794807e+01 1.515589189282144744e+01
3.484923956218820251e+01 2.161414502534805138e+01 0.000000000000000000e+00
0.000000000000000000e+00 0.000000000000000000e+00 0.000000000000000000e+00
3.267643770633417688e+01 1.244066818811861808e+01 0.000000000000000000e+00
5.741549071228103429e+00 0.000000000000000000e+00 0.000000000000000000e+00
1.785870952520675559e+01 1.785870952520675559e+01 9.567524449591342517e+00
0.000000000000000000e+00 0.000000000000000000e+00 0.000000000000000000e+00
4.442600821904086672e+00 1.157704616424915400e+00 0.000000000000000000e+00
0.000000000000000000e+00 0.000000000000000000e+00 0.000000000000000000e+00
2.245675298659741159e+01 1.878672199232785900e+01 8.456752986597411592e+00
0.000000000000000000e+00 0.000000000000000000e+00 0.000000000000000000e+00
3.920229197694585110e+00 0.000000000000000000e+00 0.000000000000000000e+00
1.899554062517625752e+01 2.457860355279798625e+01 0.000000000000000000e+00
3.100000000000000000e+01 3.802140835355391602e+00 0.000000000000000000e+00
2.453726898833122405e+01 2.112966068330765523e+01 0.000000000000000000e+00
3.300668844909317556e+01 1.385886066380505355e+01 5.858860663805053548e+00
1.526031132326532713e+01 1.526031132326532713e+01 1.014458406778538802e+01
0.000000000000000000e+00 0.000000000000000000e+00 0.000000000000000000e+00
1.979462027711508298e+01 9.350644663527599931e+00 0.000000000000000000e+00
0.000000000000000000e+00 0.000000000000000000e+00 0.000000000000000000e+00
4.104208443345587654e+01 8.564791258563381859e+00 1.564791258563381859e+00
1.695363751123349516e+01 5.474957079810202742e+00 0.000000000000000000e+00
0.000000000000000000e+00 0.000000000000000000e+00 0.000000000000000000e+00
2.573857238473244990e+01 2.310085128293213330e+01 2.738572384732449905e+00
0.000000000000000000e+00 0.000000000000000000e+00 0.000000000000000000e+00
0.000000000000000000e+00 0.000000000000000000e+00 0.000000000000000000e+00
0.000000000000000000e+00 0.000000000000000000e+00 0.000000000000000000e+00
1.499718435677549522e+01 1.291981281406821047e+01 7.997184356775495218e+00
2.100000000000000000e+01 1.000000000000000000e+01 1.000000000000000000e+00
2.812570806449057770e+01 2.146486621658293714e+01 0.000000000000000000e+00
3.300000000000000000e+01 5.772922974715786637e+00 1.772922974715786637e+00
1.377841347502691605e+00 0.000000000000000000e+00 0.000000000000000000e+00
1.085641729971174740e+01 1.648407024950277133e+00 0.000000000000000000e+00
8.273942857617420543e+00 0.000000000000000000e+00 0.000000000000000000e+00
4.959953203401521904e+00 0.000000000000000000e+00 0.000000000000000000e+00
7.783358826582990275e+00 0.000000000000000000e+00 0.000000000000000000e+00
0.000000000000000000e+00 0.000000000000000000e+00 0.000000000000000000e+00
4.100000000000000000e+01 0.000000000000000000e+00 0.000000000000000000e+00
2.228680323212643088e+01 1.686657352963213441e+01 4.275017124143019487e+00
1.223985912798160669e+01 3.475478200025605702e+00 0.000000000000000000e+00
2.216592058637061413e+01 1.540078008412457677e+01 0.000000000000000000e+00
0.000000000000000000e+00 0.000000000000000000e+00 0.000000000000000000e+00
3.600000000000000000e+01 1.014485985167413773e+01 0.000000000000000000e+00
0.000000000000000000e+00 0.000000000000000000e+00 0.000000000000000000e+00
0.000000000000000000e+00 0.000000000000000000e+00 0.000000000000000000e+00
1.382916484047099104e+01 1.182916484047099104e+01 1.751876558860527666e+01
3.648391673455948592e+01 1.664152457550429887e+01 7.641524575504298866e+00
2.481706363192424902e+01 1.476377308377505670e+01 0.000000000000000000e+00
0.000000000000000000e+00 0.000000000000000000e+00 0.000000000000000000e+00
2.208027213199159888e+01 2.852769887939816584e+01 2.091972786800840112e+01
2.466176741748710910e+01 2.200580195208154777e+01 0.000000000000000000e+00
3.134620019294041171e+01 1.756796720778814347e+01 0.000000000000000000e+00
1.828492910832722984e+01 1.828492910832722984e+01 3.539401539179902301e+00
2.291912305578841469e+01 1.973649820917706421e+01 0.000000000000000000e+00
2.422173134955371054e+01 2.277826865044628590e+01 1.284158273659537386e+01
3.294555393966870582e+00 0.000000000000000000e+00 0.000000000000000000e+00
1.537718953025871294e+01 1.137718953025871294e+01 1.000000000000000000e+01
2.676478417832461076e+01 5.764784178324612540e+00 1.395218828074738582e+01
3.844808114839247537e+01 5.353408816810812709e+00 0.000000000000000000e+00
2.200000000000000000e+01 1.100000000000000000e+01 4.000000000000000000e+00
0.000000000000000000e+00 0.000000000000000000e+00 0.000000000000000000e+00
1.693451521167250462e+01 2.375330157372872009e+01 2.075330157372870943e+01
0.000000000000000000e+00 0.000000000000000000e+00 0.000000000000000000e+00
1.842246658961779815e+01 1.342246658961779815e+01 1.449843124840980124e+01
2.741481693642525741e+01 2.062558682379051334e+01 1.241481693642525741e+01
0.000000000000000000e+00 0.000000000000000000e+00 0.000000000000000000e+00
1.899876873632683782e+01 1.244452649390641241e+01 0.000000000000000000e+00
0.000000000000000000e+00 0.000000000000000000e+00 0.000000000000000000e+00
1.813774252248618168e+01 7.214466856844850895e+00 0.000000000000000000e+00
1.631392438322443184e+01 7.211408047752190242e+00 0.000000000000000000e+00
3.344459138965540035e+01 2.500000000000000000e+01 7.444591389655403901e+00
2.931436428920147108e+01 1.197837099616873147e+01 0.000000000000000000e+00
0.000000000000000000e+00 0.000000000000000000e+00 0.000000000000000000e+00
1.329758083428168902e+01 1.129758083428168902e+01 2.167093968803423465e+01
2.300000000000000000e+01 1.500000000000000000e+01 8.000000000000000000e+00
2.512555256610007248e+01 1.512555256610007248e+01 1.453356948292901407e+01
7.558653607053312129e+00 1.782011462741667884e+00 0.000000000000000000e+00
2.169340153006545791e+01 1.976481284216387024e+01 6.693401530065457905e+00
1.759882520305118092e+01 1.259882520305118092e+01 1.178313115850951220e+01
2.128966305600840059e+01 2.676669069429463121e+01 1.771033694399159586e+01
3.949925245578360489e+01 1.264773107825689635e+01 0.000000000000000000e+00
0.000000000000000000e+00 0.000000000000000000e+00 0.000000000000000000e+00
1.886795132820302712e+01 2.812545761134801836e+01 2.612545761134801481e+01
7.911314057259286159e+00 3.961914745160026285e+00 0.000000000000000000e+00
1.500000000000000000e+01 1.200000000000000000e+01 8.000000000000000000e+00
0.000000000000000000e+00 0.000000000000000000e+00 0.000000000000000000e+00
2.618563391905827586e+01 1.910906808486496544e+01 0.000000000000000000e+00
3.566874861808513231e+01 1.720806331849252757e+01 0.000000000000000000e+00
2.821297217243897038e+01 1.683739825037346449e+01 1.212972172438970375e+00
0.000000000000000000e+00 0.000000000000000000e+00 0.000000000000000000e+00
3.208212178543647752e+01 1.841675881288206895e+01 0.000000000000000000e+00
3.400000000000000000e+01 6.602281677071424326e+00 0.000000000000000000e+00
4.000000000000000000e+01 4.356257147031115551e+00 0.000000000000000000e+00
2.924296804813074147e+01 1.766257915100811005e+01 0.000000000000000000e+00
1.328831441385495182e+01 1.845914756136266988e+00 0.000000000000000000e+00
0.000000000000000000e+00 0.000000000000000000e+00 0.000000000000000000e+00
1.596850160521021600e+01 7.968501605210215999e+00 1.000000000000000000e+01
2.807775878176267526e+01 1.701675487022900057e+01 0.000000000000000000e+00
1.664822894242860229e+01 1.164822894242860052e+01 1.218959888993427398e+01
1.626969989778297077e+01 1.526969989778297077e+01 1.250835837823684216e+01
0.000000000000000000e+00 0.000000000000000000e+00 0.000000000000000000e+00
2.900000000000000000e+01 9.152686503611299429e+00 8.152686503611299429e+00
3.900000000000000000e+01 1.234137944612641036e+01 3.341379446126410357e+00
2.661214002942894297e+01 2.567072690930582723e+01 1.612140029428942967e+00
2.100000000000000000e+01 7.000000000000000000e+00 2.000000000000000000e+00
4.200000000000000000e+01 0.000000000000000000e+00 0.000000000000000000e+00
3.900000000000000000e+01 4.707394332189934971e+00 0.000000000000000000e+00
2.940783205005449830e+01 1.943267104620430530e+01 0.000000000000000000e+00
1.690923735889004220e+01 7.909237358890042202e+00 1.700000000000000000e+01
2.546997180678690853e+01 7.862980049018446493e+00 1.887557865252048828e+00
0.000000000000000000e+00 0.000000000000000000e+00 0.000000000000000000e+00
2.255656111399983033e+01 1.283921351013442802e+01 5.801016430314945183e+00
2.288490728786549511e+01 1.688490728786549511e+01 1.139856088629934661e+01
4.315947009992273564e+01 5.669443921158418220e+00 0.000000000000000000e+00
8.448977211609239646e+00 0.000000000000000000e+00 0.000000000000000000e+00
0.000000000000000000e+00 0.000000000000000000e+00 0.000000000000000000e+00
3.679795945923532940e+01 1.408776052562357251e+01 2.087760525623572505e+00
2.499060301536876949e+01 2.162963814906009219e+01 0.000000000000000000e+00
2.179901264166867492e+01 1.279901264166867492e+01 1.479818887060690002e+01
2.534099623438048710e+01 2.265900376561951290e+01 1.163445914200429243e+01
8.713674386495334545e+00 0.000000000000000000e+00 0.000000000000000000e+00
2.843591026899614249e+01 1.343591026899614249e+01 1.389010179880909135e+01
1.291327034605133761e+01 1.285042714126567098e+01 0.000000000000000000e+00
2.340322736467797426e+01 1.840322736467797426e+01 1.326471687831108426e+01
4.100000000000000000e+01 2.137136046766514141e+00 0.000000000000000000e+00
2.440515869633633628e+01 3.122718839965920523e+01 0.000000000000000000e+00
2.211513831507769368e+01 1.335847824572433495e+01 0.000000000000000000e+00
1.940095210942508785e+01 2.091258142150270061e+01 1.059904789057491215e+01
4.285794020153497286e+01 1.081113159586305272e+00 0.000000000000000000e+00
2.997075221452090688e+01 1.397075221452090688e+01 1.142913360242611276e+01
2.586100182661910196e+01 1.478990114502578024e+01 8.610018266191019620e-01
2.540811243045411771e+01 2.088394814179921610e+01 4.408112430454117714e+00
2.200000000000000000e+01 1.400000000000000000e+01 8.000000000000000000e+00
0.000000000000000000e+00 0.000000000000000000e+00 0.000000000000000000e+00
1.767396825560827622e+01 9.756310687654909941e+00 4.875787007685573826e+00
2.500000000000000000e+01 3.000000000000000000e+00 3.000000000000000000e+00
7.116956312418286856e+00 7.116956312418286856e+00 0.000000000000000000e+00
2.221592123815194952e+01 3.044330467983991895e+01 2.278407876184805048e+01
0.000000000000000000e+00 0.000000000000000000e+00 0.000000000000000000e+00
1.874475894292025657e+00 0.000000000000000000e+00 0.000000000000000000e+00
0.000000000000000000e+00 0.000000000000000000e+00 0.000000000000000000e+00
5.328959529536335005e+00 5.328959529536335005e+00 0.000000000000000000e+00
1.744472988769782518e+01 1.660482183402812240e+01 7.444729887697825177e+00
1.336741682177287061e+00 0.000000000000000000e+00 0.000000000000000000e+00
9.105118547235768744e+00 9.105118547235768744e+00 0.000000000000000000e+00
2.212928307758200219e+01 2.327095075322156603e+01 2.129283077582002193e+00
2.251983279323448173e+01 1.051983279323448173e+01 1.200000000000000000e+01
1.657725046058896368e+01 9.577250460588961900e+00 1.840860871392122888e+01
2.093986469407755280e+01 2.401365354366253513e+01 1.006013530592244720e+01
0.000000000000000000e+00 0.000000000000000000e+00 0.000000000000000000e+00
1.975168849663851134e+01 2.793246381348446050e+00 0.000000000000000000e+00
1.174320036350031415e+01 6.160316157438082030e+00 0.000000000000000000e+00
2.902944513019394179e+01 1.802944513019394179e+01 1.044026452419856810e+01
1.843676037394238421e+01 2.456323962605761579e+01 1.305406104840601955e+01
0.000000000000000000e+00 0.000000000000000000e+00 0.000000000000000000e+00
1.636080084196158424e+01 8.135539690012382863e+00 0.000000000000000000e+00
2.522623259228074843e+01 1.977376740771925157e+01 1.123341974953708444e+01
3.490722505456659519e+01 7.529986809818964844e+00 3.529986809818964844e+00
0.000000000000000000e+00 0.000000000000000000e+00 0.000000000000000000e+00
8.335017696668863607e+00 2.527301939765358441e+00 0.000000000000000000e+00
8.585017353245582683e+00 0.000000000000000000e+00 0.000000000000000000e+00
3.100000000000000000e+01 1.400000000000000000e+01 1.000000000000000000e+01
1.135721849094576186e+01 6.975233039593220496e-01 0.000000000000000000e+00
3.256516900592554720e+00 0.000000000000000000e+00 0.000000000000000000e+00
0.000000000000000000e+00 0.000000000000000000e+00 0.000000000000000000e+00
1.277467827594435690e+01 4.054102389628909009e+00 0.000000000000000000e+00
1.306560315674718709e+01 3.016134497399960424e+00 0.000000000000000000e+00
1.637848300880567365e+01 3.076000754688353211e+01 2.362151699119432635e+01
2.156054491028681142e+01 2.753218526792710108e+01 5.605449102868114153e-01
3.658869355050727279e+01 5.751112803263062290e+00 0.000000000000000000e+00
0.000000000000000000e+00 0.000000000000000000e+00 0.000000000000000000e+00
1.065013915848347636e+01 2.973643944113891990e+00 0.000000000000000000e+00
3.170796414954875431e+01 7.995249108019571338e+00 2.995249108019571338e+00
1.742183478173204492e+01 9.914975618943973501e+00 0.000000000000000000e+00
4.970532360395626625e+00 4.970532360395626625e+00 0.000000000000000000e+00
0.000000000000000000e+00 0.000000000000000000e+00 0.000000000000000000e+00
7.917437750489110471e+00 7.917437750489110471e+00 0.000000000000000000e+00
4.200000000000000000e+01 1.536238567385709075e+00 0.000000000000000000e+00
2.354819278012026018e+01 2.145180721987973982e+01 1.054008132528000985e+01
0.000000000000000000e+00 0.000000000000000000e+00 0.000000000000000000e+00
2.220754081378691325e+01 2.246085150284518761e+01 6.207540813786913247e+00
2.234353658153855093e+01 1.434353658153854916e+01 1.179793947739081617e+01
8.044545884385215118e+00 7.044545884385215118e+00 2.167533515636800701e+01
1.806872703300926020e+01 1.306872703300926020e+01 1.217262727124886368e+01
9.386471276409722009e+00 0.000000000000000000e+00 0.000000000000000000e+00
1.986944435791595254e+01 2.405185888110121439e+01 0.000000000000000000e+00
3.246788121950105221e+01 8.467881219501052215e+00 6.657931786483665348e+00
2.156785740286685993e+01 1.786601982700916480e+01 5.678574028668599283e-01
2.065552223254386632e+01 1.483690802421542898e+01 0.000000000000000000e+00
1.674580323236302348e+01 8.629521964197017780e+00 0.000000000000000000e+00
2.600000000000000000e+01 1.300000000000000000e+01 6.000000000000000000e+00
0.000000000000000000e+00 0.000000000000000000e+00 0.000000000000000000e+00
2.770335530038719440e+01 1.727234450477233807e+01 0.000000000000000000e+00
1.569615279809428543e+01 2.330611441298921704e+01 2.130611441298922060e+01
1.276006852577623363e+01 7.131646347657484952e+00 0.000000000000000000e+00
2.344313299053649402e+01 1.756039015196115827e+01 2.439609848038838180e+00
2.985353998807792664e+01 2.227832285934795209e+01 6.721677140652047910e+00
1.016310309319650784e+01 8.997168124505492415e-01 0.000000000000000000e+00
1.903166244337162993e+01 2.974221855129655268e+01 1.696833755662837007e+01
1.755518922259094694e+01 1.755518922259094694e+01 5.857065993500036427e+00
1.300000000000000000e+01 9.000000000000000000e+00 2.000000000000000000e+00
3.444569311271870049e+00 0.000000000000000000e+00 0.000000000000000000e+00
2.721662114264743693e+01 1.955779621293059733e+01 0.000000000000000000e+00
0.000000000000000000e+00 0.000000000000000000e+00 0.000000000000000000e+00
3.769336304426121131e+01 6.005920636919583444e+00 3.005920636919583444e+00
1.443065655293027305e+01 5.611899791150946726e+00 0.000000000000000000e+00
1.501516573504231644e+01 1.001516573504231644e+01 2.000000000000000000e+01
3.985962681264963692e+01 3.110048136554755871e+00 0.000000000000000000e+00
2.855321490550499774e+01 2.169351868971391895e+01 1.030648131028608461e+01
2.728769060461305429e+01 1.780811939778004671e+01 0.000000000000000000e+00
1.156941764948955154e+01 2.800811244755792018e+00 0.000000000000000000e+00
2.400000000000000000e+01 1.300000000000000000e+01 6.000000000000000000e+00
3.089283173372551161e+01 1.392355891099230192e+01 0.000000000000000000e+00
2.453296693660059447e+01 1.659242388417180791e+01 0.000000000000000000e+00
0.000000000000000000e+00 0.000000000000000000e+00 0.000000000000000000e+00
0.000000000000000000e+00 0.000000000000000000e+00 0.000000000000000000e+00
2.400000000000000000e+01 6.000000000000000000e+00 3.000000000000000000e+00
1.497167936798096832e+01 1.397167936798096832e+01 1.685743173247601590e+01
1.100627145402026130e+01 0.000000000000000000e+00 0.000000000000000000e+00
1.827188637283468964e+01 1.280885222569629889e+01 3.406727665805775018e+00
4.577314207353285980e+00 0.000000000000000000e+00 0.000000000000000000e+00
3.095148190737957705e+01 1.878766125448643365e+01 0.000000000000000000e+00
1.100717443459621592e+01 2.212834363704182294e+00 0.000000000000000000e+00
2.776963601370768586e+01 2.045295910298809972e+01 0.000000000000000000e+00
2.211617506537792366e+01 2.212739265063341776e+01 0.000000000000000000e+00
4.849059789421279021e+00 0.000000000000000000e+00 0.000000000000000000e+00
2.800000000000000000e+01 1.425301742671610938e+01 0.000000000000000000e+00
2.545444074531228651e+01 2.055326696904752382e+01 4.454440745312286509e+00
0.000000000000000000e+00 0.000000000000000000e+00 0.000000000000000000e+00
0.000000000000000000e+00 0.000000000000000000e+00 0.000000000000000000e+00
3.708437553959456068e+00 0.000000000000000000e+00 0.000000000000000000e+00
2.114989635763076237e+01 1.014989635763076237e+01 8.000000000000000000e+00
0.000000000000000000e+00 0.000000000000000000e+00 0.000000000000000000e+00
4.500000000000000000e+01 4.182068858558956492e+00 0.000000000000000000e+00
0.000000000000000000e+00 0.000000000000000000e+00 0.000000000000000000e+00
3.707800004822094309e+01 1.635133889347018510e+01 2.351338893470185099e+00
3.722505068173724396e+01 1.297301581655150216e+01 0.000000000000000000e+00
2.887576182585349116e+01 1.853304569058883544e+01 1.087576182585349116e+01
7.198618392763091123e+00 2.866154735868221337e+00 0.000000000000000000e+00
3.443880505371888034e+01 4.268702415521140381e+00 2.687024155211403809e-01
1.922727561222220771e+01 2.307997576883695956e+01 0.000000000000000000e+00
2.852972596318726772e+01 1.204342098293698626e+01 0.000000000000000000e+00
4.000328003110772102e+01 5.636097293835341304e+00 0.000000000000000000e+00
8.767389338981264046e+00 4.714533292106782625e+00 0.000000000000000000e+00
0.000000000000000000e+00 0.000000000000000000e+00 0.000000000000000000e+00
3.453310676141363444e+01 2.194363108953219665e+01 0.000000000000000000e+00
0.000000000000000000e+00 0.000000000000000000e+00 0.000000000000000000e+00
2.361657471728668156e+01 8.453762441772695979e+00 0.000000000000000000e+00
2.043092285875574632e+01 3.538215444981135960e+01 0.000000000000000000e+00
2.300000000000000000e+01 1.800000000000000000e+01 4.000000000000000000e+00
3.558160362567306834e+00 0.000000000000000000e+00 0.000000000000000000e+00
1.011636767014501004e+00 0.000000000000000000e+00 0.000000000000000000e+00
9.114641638275976732e+00 9.114641638275976732e+00 0.000000000000000000e+00
2.664488983220979179e+01 9.246295284075948473e+00 0.000000000000000000e+00
0.000000000000000000e+00 0.000000000000000000e+00 0.000000000000000000e+00
0.000000000000000000e+00 0.000000000000000000e+00 0.000000000000000000e+00
2.270550461541002107e+01 2.729449538458997893e+01 1.567081657879391088e+01
2.350273617209034427e+01 1.411006182436427281e+01 0.000000000000000000e+00
4.124674373617759215e+01 4.635758322186745772e+00 0.000000000000000000e+00
1.751910185801747843e+01 8.519101858017478435e+00 1.852451114936809518e+01
1.429626940431720072e+01 1.429626940431720072e+01 3.065397904319357991e+00
0.000000000000000000e+00 0.000000000000000000e+00 0.000000000000000000e+00
1.810577735737912519e+01 5.444377795280715304e+00 0.000000000000000000e+00
1.435911148609723753e+01 1.335911148609723753e+01 1.800000000000000000e+01
2.220517993736313400e+01 2.242949530327951280e+01 0.000000000000000000e+00
1.253943520947606061e+01 3.685566229578816078e+00 0.000000000000000000e+00
2.511634838497131028e+01 2.489327270870826325e+01 1.116348384971310281e+00
1.189497737540238376e+01 3.513337809677246071e+00 0.000000000000000000e+00
0.000000000000000000e+00 0.000000000000000000e+00 0.000000000000000000e+00
3.865380529459061876e+01 1.296981988478957959e+01 9.698198847895795893e-01
1.854440028270723673e+01 2.177104755389551016e+01 1.445559971729276327e+01
1.630282414744765163e+01 2.200000000000000000e+01 0.000000000000000000e+00
2.993942276625139343e+01 2.292999602443965301e+01 3.929996024439653013e+00
1.339939806121229537e+01 2.735694450550717249e+00 0.000000000000000000e+00
0.000000000000000000e+00 0.000000000000000000e+00 0.000000000000000000e+00
3.668534649166232953e+01 6.097246774344071696e+00 0.000000000000000000e+00
6.149838384651644674e+00 1.324628110063976294e+00 0.000000000000000000e+00
1.845099761111865178e+01 1.545099761111865178e+01 2.014651148385205914e+01
4.093971347190775845e+01 1.002565005316056101e+01 3.025650053160561015e+00
6.872320421035151838e+00 5.619983271466242769e+00 0.000000000000000000e+00
3.400000000000000000e+01 2.993120305889188870e+00 0.000000000000000000e+00
0.000000000000000000e+00 0.000000000000000000e+00 0.000000000000000000e+00
5.069074552575457915e+00 1.540790093494770474e+00 0.000000000000000000e+00
0.000000000000000000e+00 0.000000000000000000e+00 0.000000000000000000e+00
1.932165244952026839e+01 8.591785724854190676e+00 0.000000000000000000e+00
0.000000000000000000e+00 0.000000000000000000e+00 0.000000000000000000e+00
0.000000000000000000e+00 0.000000000000000000e+00 0.000000000000000000e+00
2.889765138187699733e+01 1.874232361730183882e+01 0.000000000000000000e+00
3.303111536940299686e+01 1.403569453908617604e+01 0.000000000000000000e+00
2.559108598150967140e+01 1.387846288760506752e+01 4.823066068423649710e+00
2.131489622582261489e+01 2.751502408900529062e+01 0.000000000000000000e+00
2.613797743889628578e+01 1.723613275365715580e+01 8.137977438896285776e+00
0.000000000000000000e+00 0.000000000000000000e+00 0.000000000000000000e+00
5.192012433946359806e+00 2.921809800997124285e+00 0.000000000000000000e+00
1.431723874525552986e+01 7.254732634779998079e+00 8.966091680214560711e-02
1.924129493185563788e+01 7.549216952068974251e+00 0.000000000000000000e+00
2.842189206207381957e+01 2.212423718807020734e+01 9.421892062073819574e+00
3.103051450227763297e+01 1.103051450227763297e+01 1.132955156983299361e+01
4.791620436926097426e+01 0.000000000000000000e+00 0.000000000000000000e+00
1.833152557790444703e+01 1.833152557790444703e+01 2.723847552232069091e+00
4.100000000000000000e+01 6.067718896017151309e+00 0.000000000000000000e+00
3.374741011584700345e+01 1.963311645707786113e+01 3.366883542922138872e+00
1.613430993096731214e+01 6.758252030941946487e+00 0.000000000000000000e+00
7.902782738539158913e+00 0.000000000000000000e+00 0.000000000000000000e+00
0.000000000000000000e+00 0.000000000000000000e+00 0.000000000000000000e+00
2.729127753318654470e+01 2.374824692588804709e+01 0.000000000000000000e+00
0.000000000000000000e+00 0.000000000000000000e+00 0.000000000000000000e+00
1.805307253757156971e+01 1.805307253757156971e+01 6.147907971260998750e+00
2.888923011029419996e+01 2.462066164847128036e+01 0.000000000000000000e+00
2.641230809670924629e+01 3.294875496595484066e+01 0.000000000000000000e+00
0.000000000000000000e+00 0.000000000000000000e+00 0.000000000000000000e+00
2.806790222048635997e+01 2.111090412581553011e+01 1.889095874184471668e+00
2.674158245009759227e+01 1.592684755759660931e+01 0.000000000000000000e+00
2.448483394133408098e+00 0.000000000000000000e+00 0.000000000000000000e+00
2.209351232597897763e+01 1.509351232597897763e+01 1.681386236244736665e+01
2.358920129390408249e+01 2.608208608935556327e+01 1.441079870609591751e+01
3.800000000000000000e+01 6.799340091909520822e+00 0.000000000000000000e+00
1.069761038594990765e+01 4.933625547902352082e+00 0.000000000000000000e+00
2.491962485497095159e+01 1.691962485497095159e+01 1.150934752430415742e+01
0.000000000000000000e+00 0.000000000000000000e+00 0.000000000000000000e+00
3.884186845813540856e+01 1.007021586668658841e+01 0.000000000000000000e+00
2.372200736233489238e+01 1.308135505331248893e+01 0.000000000000000000e+00
2.040699395668816862e+00 0.000000000000000000e+00 0.000000000000000000e+00
1.079342410111491191e+01 1.690169195723257189e+00 0.000000000000000000e+00
2.852987206023222200e+00 0.000000000000000000e+00 0.000000000000000000e+00
0.000000000000000000e+00 0.000000000000000000e+00 0.000000000000000000e+00
1.281379901458348058e+01 9.348818893304958522e+00 0.000000000000000000e+00
3.297147118210986605e+01 1.824643638851408411e+01 0.000000000000000000e+00
2.649237891752046536e+01 1.672384940262536901e+01 0.000000000000000000e+00
1.000000000000000000e+01 6.000000000000000000e+00 3.000000000000000000e+00
7.816522636721350281e+00 7.816522636721350281e+00 0.000000000000000000e+00
1.485462828610280184e+01 6.084510611209125841e+00 0.000000000000000000e+00
2.503663696982989606e+01 2.196336303017010394e+01 1.097234980793244219e+01
4.500000000000000000e+01 0.000000000000000000e+00 0.000000000000000000e+00
3.220853079356905013e+00 3.220853079356905013e+00 0.000000000000000000e+00
2.137759862615629913e+01 3.549345196254262902e+01 2.462240137384370087e+01
2.598828015571917049e+01 1.098828015571917049e+01 1.155199872889860657e+01
0.000000000000000000e+00 0.000000000000000000e+00 0.000000000000000000e+00
2.300000000000000000e+01 1.900000000000000000e+01 7.000000000000000000e+00
0.000000000000000000e+00 0.000000000000000000e+00 0.000000000000000000e+00
1.604369532939081466e+01 1.504369532939081466e+01 2.190777496244052003e+01
4.892418240572872890e+00 0.000000000000000000e+00 0.000000000000000000e+00
3.307945611532645103e+00 0.000000000000000000e+00 0.000000000000000000e+00
2.736791863262143920e+01 1.328056159686212823e+01 0.000000000000000000e+00
1.400000000000000000e+01 6.000000000000000000e+00 0.000000000000000000e+00
2.794389143928113839e+01 2.091754777335957982e+01 0.000000000000000000e+00
1.347484084336935695e+01 4.651803291210498514e+00 0.000000000000000000e+00
1.384806476075058868e+01 0.000000000000000000e+00 0.000000000000000000e+00
3.861431654855383755e+00 3.861431654855383755e+00 0.000000000000000000e+00
3.600000000000000000e+01 2.036363409173702621e-01 0.000000000000000000e+00
0.000000000000000000e+00 0.000000000000000000e+00 0.000000000000000000e+00
1.595916666583717003e+01 5.443517063800335620e+00 0.000000000000000000e+00
1.400000000000000000e+01 9.000000000000000000e+00 3.000000000000000000e+00
2.414719996464871699e+01 7.147199964648716985e+00 1.198327788577265807e+01
2.639296668671255119e+01 2.222298685365907644e+01 0.000000000000000000e+00
0.000000000000000000e+00 0.000000000000000000e+00 0.000000000000000000e+00
5.601292566778582227e+00 0.000000000000000000e+00 0.000000000000000000e+00
1.588422148183939697e+01 5.674225925674718951e+00 0.000000000000000000e+00
7.368525703389064319e+00 7.368525703389064319e+00 1.112143600814242461e+00
1.445320783245395546e+01 1.421593153417525457e+00 0.000000000000000000e+00
1.774501311267857773e+01 2.571051181581484002e+01 0.000000000000000000e+00
2.311651755152005805e+01 6.464131785632048377e+00 0.000000000000000000e+00
0.000000000000000000e+00 0.000000000000000000e+00 0.000000000000000000e+00
2.052472287304039256e+01 5.656546396435189195e+00 0.000000000000000000e+00
0.000000000000000000e+00 0.000000000000000000e+00 0.000000000000000000e+00
1.752785503159503477e+01 0.000000000000000000e+00 0.000000000000000000e+00
2.187950519722083698e+01 1.666251734759529057e+01 8.879505197220836976e+00
3.700000000000000000e+01 8.294628987734633085e+00 0.000000000000000000e+00
2.311420011645343564e+01 2.488579988354656436e+01 1.414176861821678699e+01
1.078024434349411820e+01 4.390742044194205107e+00 0.000000000000000000e+00
3.427451084886705246e+01 2.105307945789886048e+01 3.053079457898860483e+00
6.956151359412576340e+00 0.000000000000000000e+00 0.000000000000000000e+00
0.000000000000000000e+00 0.000000000000000000e+00 0.000000000000000000e+00
2.473655554136831825e+01 1.135561481446982413e+01 3.931794822075374896e+00
0.000000000000000000e+00 0.000000000000000000e+00 0.000000000000000000e+00
0.000000000000000000e+00 0.000000000000000000e+00 0.000000000000000000e+00
0.000000000000000000e+00 0.000000000000000000e+00 0.000000000000000000e+00
8.556173226856092384e+00 8.556173226856092384e+00 0.000000000000000000e+00
7.255430031320592832e+00 2.026761068216639927e+00 0.000000000000000000e+00
0.000000000000000000e+00 0.000000000000000000e+00 0.000000000000000000e+00
2.700000000000000000e+01 2.200000000000000000e+01 9.000000000000000000e+00
2.100000000000000000e+01 1.900000000000000000e+01 9.000000000000000000e+00
1.600000000000000000e+01 1.500000000000000000e+01 1.100000000000000000e+01
2.143513161942384926e+01 1.278553675255402311e+01 4.275655520183505587e-01
0.000000000000000000e+00 0.000000000000000000e+00 0.000000000000000000e+00
2.143654981319205177e+01 1.243654981319205177e+01 1.461599720114368139e+01
3.048307931236965729e+01 2.723288498339655916e+01 7.483079312369657288e+00
2.034916795475294293e+01 3.257427489600771509e+01 0.000000000000000000e+00
1.600000000000000000e+01 8.000000000000000000e+00 3.000000000000000000e+00
1.706155950529752019e+01 1.850990492261398757e+01 6.061559505297520190e+00
2.202988736438926765e+01 1.798800862318766391e+01 4.029887364389267645e+00
3.011981064976087907e+01 1.997189991688755839e+01 0.000000000000000000e+00
4.200000000000000000e+01 4.109856661384704068e+00 0.000000000000000000e+00
8.852125610709990156e+00 0.000000000000000000e+00 0.000000000000000000e+00
1.432985691932345773e+01 8.314435910001581220e+00 0.000000000000000000e+00
2.065175080755113157e+01 3.100282126147982353e+01 1.934824919244886843e+01
1.180974168986082873e+00 0.000000000000000000e+00 0.000000000000000000e+00
0.000000000000000000e+00 0.000000000000000000e+00 0.000000000000000000e+00
1.774007837785732988e+01 2.012845661552617926e+01 8.259921622142670117e+00
0.000000000000000000e+00 0.000000000000000000e+00 0.000000000000000000e+00
0.000000000000000000e+00 0.000000000000000000e+00 0.000000000000000000e+00
6.928850889875739938e+00 0.000000000000000000e+00 0.000000000000000000e+00
2.800000000000000000e+01 8.000000000000000000e+00 7.000000000000000000e+00
9.671353929307445085e+00 9.671353929307445085e+00 0.000000000000000000e+00
2.500000000000000000e+01 1.400000000000000000e+01 1.000000000000000000e+00
0.000000000000000000e+00 0.000000000000000000e+00 0.000000000000000000e+00
0.000000000000000000e+00 0.000000000000000000e+00 0.000000000000000000e+00
4.365135459918982974e+01 3.916782752841623250e+00 0.000000000000000000e+00
0.000000000000000000e+00 0.000000000000000000e+00 0.000000000000000000e+00
2.846178705954569921e+01 1.395267742003245814e+01 1.461787059545699208e+00
0.000000000000000000e+00 0.000000000000000000e+00 0.000000000000000000e+00
3.098037026575885378e+01 2.103200664278651999e+01 9.803702657588537761e-01
0.000000000000000000e+00 0.000000000000000000e+00 0.000000000000000000e+00
0.000000000000000000e+00 0.000000000000000000e+00 0.000000000000000000e+00
3.700000000000000000e+01 0.000000000000000000e+00 0.000000000000000000e+00
4.630757933324886721e+00 0.000000000000000000e+00 0.000000000000000000e+00
1.995445075891704079e+01 9.190060279999137549e+00 8.465581646206743471e-02
0.000000000000000000e+00 0.000000000000000000e+00 0.000000000000000000e+00
0.000000000000000000e+00 0.000000000000000000e+00 0.000000000000000000e+00
2.704944599660793969e+01 1.793820355114612042e+01 0.000000000000000000e+00
1.981676069020553754e+01 3.022690896566658125e+01 0.000000000000000000e+00
3.000000000000000000e+01 3.861140828465803310e+00 0.000000000000000000e+00
0.000000000000000000e+00 0.000000000000000000e+00 0.000000000000000000e+00
0.000000000000000000e+00 0.000000000000000000e+00 0.000000000000000000e+00
2.113655949433340098e+01 2.379665427756552631e+01 1.136559494333400977e+00
2.605865120644904209e+01 1.800161491223096988e+01 0.000000000000000000e+00
0.000000000000000000e+00 0.000000000000000000e+00 0.000000000000000000e+00
1.389825696355986295e+01 4.662576087881120657e+00 0.000000000000000000e+00
2.182821797064579172e+01 1.899101885169197601e+01 7.828217970645791723e+00
4.145480322889824976e+01 1.966842051669651426e+00 0.000000000000000000e+00
0.000000000000000000e+00 0.000000000000000000e+00 0.000000000000000000e+00
0.000000000000000000e+00 0.000000000000000000e+00 0.000000000000000000e+00
1.854275716720561462e+01 2.037217546255336842e+01 9.457242832794385379e+00
0.000000000000000000e+00 0.000000000000000000e+00 0.000000000000000000e+00
2.177882178778326505e+01 2.566034930077817222e+01 2.022117821221673140e+01
2.249041316643294763e+01 3.014406265374714167e+01 0.000000000000000000e+00
0.000000000000000000e+00 0.000000000000000000e+00 0.000000000000000000e+00
2.144189774140678750e+01 9.386675626195462030e+00 0.000000000000000000e+00
7.290534170152469073e+00 0.000000000000000000e+00 0.000000000000000000e+00
9.553358057901910172e+00 0.000000000000000000e+00 0.000000000000000000e+00
0.000000000000000000e+00 0.000000000000000000e+00 0.000000000000000000e+00
1.776520368096809577e+01 1.776520368096809577e+01 4.024041970855879669e+00
2.368299067145780512e+01 1.154724738388830119e+01 0.000000000000000000e+00
6.208256409672404885e+00 0.000000000000000000e+00 0.000000000000000000e+00
3.657617072912870526e+01 1.203675313596740892e+01 3.675313596740892308e-02
1.145109087779340840e+01 7.451090877793408396e+00 2.121981524655193496e+01
0.000000000000000000e+00 0.000000000000000000e+00 0.000000000000000000e+00
2.210963246837496143e+01 1.073844328342597976e+01 0.000000000000000000e+00
9.157770046666820818e+00 9.157770046666820818e+00 4.291372365025232227e-01
2.188161704805886743e+01 6.881617048058867425e+00 1.380713773680188083e+01
1.120558498953784898e+01 0.000000000000000000e+00 0.000000000000000000e+00
1.345718443138041209e+01 3.020575267603034852e+00 0.000000000000000000e+00
1.840014017523106560e+01 3.236149878066198937e+01 2.059985982476893085e+01
0.000000000000000000e+00 0.000000000000000000e+00 0.000000000000000000e+00
0.000000000000000000e+00 0.000000000000000000e+00 0.000000000000000000e+00
1.970988108344028333e+01 2.129011891655971667e+01 9.577604519336752276e+00
1.906649261166234766e+01 9.220712307002521868e+00 0.000000000000000000e+00
3.150366637273876336e+01 2.360438935632167556e+01 3.604389356321675564e+00
1.950051772513176118e+01 1.650051772513176118e+01 1.400000000000000000e+01
0.000000000000000000e+00 0.000000000000000000e+00 0.000000000000000000e+00
3.819131352997924012e+01 1.304321976676397554e+01 0.000000000000000000e+00
2.363197107010432774e+01 1.749584552286500028e+01 1.495845522865000277e+00
0.000000000000000000e+00 0.000000000000000000e+00 0.000000000000000000e+00
0.000000000000000000e+00 0.000000000000000000e+00 0.000000000000000000e+00
0.000000000000000000e+00 0.000000000000000000e+00 0.000000000000000000e+00
4.500000000000000000e+01 1.117571321226925818e+01 0.000000000000000000e+00
2.409941653775190318e+01 2.057132146425956165e+01 3.099416537751903178e+00
2.006510328526075781e+01 1.406510328526075781e+01 1.776386366471056277e+01
1.541642022745104157e+01 9.145166676243787762e+00 0.000000000000000000e+00
1.777699469524781506e+01 1.777699469524781506e+01 6.368620802461492758e+00
0.000000000000000000e+00 0.000000000000000000e+00 0.000000000000000000e+00
1.415107094239338892e+01 4.900333879872714959e+00 0.000000000000000000e+00
1.985233366711582903e+01 1.885233366711582903e+01 1.565103930412745115e+01
0.000000000000000000e+00 0.000000000000000000e+00 0.000000000000000000e+00
3.100000000000000000e+01 1.213695393340647755e+01 0.000000000000000000e+00
1.696435605500195720e+01 1.293789693498638371e+01 0.000000000000000000e+00
0.000000000000000000e+00 0.000000000000000000e+00 0.000000000000000000e+00
2.395757539295739491e+01 2.037239218087654535e+01 9.575753929573949108e-01
0.000000000000000000e+00 0.000000000000000000e+00 0.000000000000000000e+00
0.000000000000000000e+00 0.000000000000000000e+00 0.000000000000000000e+00
2.252072144361846995e+01 2.247927855638153005e+01 1.209708353690035310e+01
1.279368723707044708e+01 1.165555128477113200e+01 0.000000000000000000e+00
1.622582727724699581e+01 1.622582727724699581e+01 7.180059959056411145e+00
0.000000000000000000e+00 0.000000000000000000e+00 0.000000000000000000e+00
0.000000000000000000e+00 0.000000000000000000e+00 0.000000000000000000e+00
6.742350286499517509e+00 6.742350286499517509e+00 0.000000000000000000e+00
0.000000000000000000e+00 0.000000000000000000e+00 0.000000000000000000e+00
1.135245986182571976e+01 7.345209997690515635e+00 0.000000000000000000e+00
2.653080791715518316e+01 1.853080791715518316e+01 1.290769663592774563e+01
9.946737637445760782e+00 0.000000000000000000e+00 0.000000000000000000e+00
2.508897962261005077e+01 1.931240596396742148e+01 7.088979622610050768e+00
1.920328433080969788e+01 1.420328433080969788e+01 1.311993162537189050e+01
8.406780284825462246e+00 0.000000000000000000e+00 0.000000000000000000e+00
2.178561074973258371e+01 1.497562952003418246e+01 0.000000000000000000e+00
0.000000000000000000e+00 0.000000000000000000e+00 0.000000000000000000e+00
9.381541200283646020e+00 2.812156029831282211e+00 0.000000000000000000e+00
2.031384991997969180e+01 8.551607055568716476e+00 0.000000000000000000e+00
1.715325333271744768e+01 8.507765175830648730e+00 0.000000000000000000e+00
2.093923086427824742e+01 2.484343358030269400e+01 1.706076913572175258e+01
3.100000000000000000e+01 3.936124355204665193e+00 0.000000000000000000e+00
3.278085575631219939e+01 9.780855756312201166e+00 1.089324027198255607e+01
1.886790685984005123e+01 1.192790776807906639e+01 0.000000000000000000e+00
3.208869050775774667e+01 9.031349832534271371e+00 4.031349832534271371e+00
1.747819586282345483e+01 1.498020334303618029e-01 0.000000000000000000e+00
0.000000000000000000e+00 0.000000000000000000e+00 0.000000000000000000e+00
3.073075193271763084e+01 1.873075193271763084e+01 1.126300587385830099e+01
0.000000000000000000e+00 0.000000000000000000e+00 0.000000000000000000e+00
0.000000000000000000e+00 0.000000000000000000e+00 0.000000000000000000e+00
0.000000000000000000e+00 0.000000000000000000e+00 0.000000000000000000e+00
1.698794467438652589e+00 0.000000000000000000e+00 0.000000000000000000e+00
5.419548911225351873e+00 0.000000000000000000e+00 0.000000000000000000e+00
0.000000000000000000e+00 0.000000000000000000e+00 0.000000000000000000e+00
1.902274328328311981e+01 2.194768890852250465e+01 3.022743283283119808e+00
1.737689113760893633e+00 0.000000000000000000e+00 0.000000000000000000e+00
3.588092445435898270e+01 2.237427416543048508e+01 0.000000000000000000e+00
5.575166350474249910e-01 5.575166350474249910e-01 0.000000000000000000e+00
2.375103772280927572e+01 2.470833030366271288e+01 0.000000000000000000e+00
7.247384318914300572e+00 7.247384318914300572e+00 0.000000000000000000e+00
1.625183157762040764e+01 2.960245033235746348e+01 2.660245033235746703e+01
2.503135675702098695e+01 2.536685971867631650e+01 0.000000000000000000e+00
1.881674265252613054e+01 2.995517873008162013e+01 1.918325734747386591e+01
0.000000000000000000e+00 0.000000000000000000e+00 0.000000000000000000e+00
1.293617110136325721e+01 1.115465852219172049e+01 0.000000000000000000e+00
2.513333743872777859e+00 0.000000000000000000e+00 0.000000000000000000e+00
0.000000000000000000e+00 0.000000000000000000e+00 0.000000000000000000e+00
3.628066850182716507e+01 1.640491077928957253e+01 1.140491077928957253e+01
1.091068125927625765e+01 9.910681259276257649e+00 1.994157974504106434e+01
2.349946112943017695e+01 2.490625935535321744e+01 0.000000000000000000e+00
2.757100024006541972e+01 2.002603932647535245e+01 0.000000000000000000e+00
3.400000000000000000e+01 7.878271921573286818e+00 1.878271921573286818e+00
1.321024723851092375e+01 1.251964369295593116e+01 0.000000000000000000e+00
1.668992115750513960e+01 1.103101145245122439e+01 0.000000000000000000e+00
3.347325706520184951e+01 1.149136118468058854e+01 4.913611846805885364e-01
7.376809836660079611e+00 6.376809836660079611e+00 1.493367722221927352e+01
3.061582076345372272e+01 2.189759621877256990e+01 0.000000000000000000e+00
1.878065306407046720e+01 2.814877187131995129e+01 2.114877187131995129e+01
6.346410338584178135e+00 3.571893077263680993e+00 0.000000000000000000e+00
9.241019296465509569e+00 7.134315278208780420e+00 0.000000000000000000e+00
3.127863371523844904e+01 2.150987121577571060e+01 0.000000000000000000e+00
9.661849157826170043e-01 9.661849157826170043e-01 0.000000000000000000e+00
2.132181896495302453e+01 1.234807120377139711e+01 0.000000000000000000e+00
2.480316362654969353e+01 1.970157271416958267e+01 0.000000000000000000e+00
2.378168368798855781e+01 5.965684284177555696e+00 0.000000000000000000e+00
4.000000000000000000e+01 0.000000000000000000e+00 0.000000000000000000e+00
2.853572360361818738e+01 1.983032813422472884e+01 0.000000000000000000e+00
0.000000000000000000e+00 0.000000000000000000e+00 0.000000000000000000e+00
3.314390287002428437e+01 1.590709102903702288e+01 0.000000000000000000e+00
0.000000000000000000e+00 0.000000000000000000e+00 0.000000000000000000e+00
2.159706435968935168e+01 2.064437376346131359e+01 9.597064359689351676e+00
0.000000000000000000e+00 0.000000000000000000e+00 0.000000000000000000e+00
1.545757904469002142e+01 2.871591488771542799e+00 0.000000000000000000e+00
0.000000000000000000e+00 0.000000000000000000e+00 0.000000000000000000e+00
2.397051041047398101e+01 7.544225913041486820e+00 0.000000000000000000e+00
2.678547966370907574e+01 2.049963641010672433e+01 0.000000000000000000e+00
4.277019473468847366e+00 0.000000000000000000e+00 0.000000000000000000e+00
8.519115031290500184e+00 3.176324033535207647e+00 0.000000000000000000e+00
0.000000000000000000e+00 0.000000000000000000e+00 0.000000000000000000e+00
2.376806543350352641e+01 1.923020901926665616e+01 4.768065433503526407e+00
2.600000000000000000e+01 1.400000000000000000e+01 2.000000000000000000e+00
2.726440588641842666e+01 2.115119725957991292e+01 0.000000000000000000e+00
2.175675049044439646e+01 1.675675049044439646e+01 1.500765002258133762e+01
3.057114782697371069e+01 2.029860600921165315e+01 0.000000000000000000e+00
0.000000000000000000e+00 0.000000000000000000e+00 0.000000000000000000e+00
0.000000000000000000e+00 0.000000000000000000e+00 0.000000000000000000e+00
1.422002459795174190e+01 0.000000000000000000e+00 0.000000000000000000e+00
2.430088623589257324e+01 2.569911376410743031e+01 1.949229376258937307e+01
1.126024664665246178e+01 4.999569781840499161e+00 0.000000000000000000e+00
2.705326865440495610e+01 2.473342479532264093e+01 5.053268654404956095e+00
1.731348155911253173e+01 6.462519715732561565e+00 0.000000000000000000e+00
3.761472637088709092e+01 1.440682474303521232e+01 3.406824743035212322e+00
0.000000000000000000e+00 0.000000000000000000e+00 0.000000000000000000e+00
1.797959811885665005e+01 9.932952348304965540e+00 0.000000000000000000e+00
1.300919749884002030e+01 8.009197498840020302e+00 1.802574534476920221e+01
2.614880049260181138e+01 2.285119950739818862e+01 1.897069832162460656e+01
0.000000000000000000e+00 0.000000000000000000e+00 0.000000000000000000e+00
3.388308268390859723e+01 1.778082939411146413e+01 0.000000000000000000e+00
2.374017083305832898e+01 1.634093676307615439e+01 0.000000000000000000e+00
2.148091425330051152e+01 1.148091425330051152e+01 1.388175530500894794e+01
1.133790762016289655e+01 1.133790762016289655e+01 0.000000000000000000e+00
2.038816616005777149e+01 1.638816616005777149e+01 1.524045610757216451e+01
2.158419463230083579e+01 1.527540337367503298e+01 0.000000000000000000e+00
2.167627230520029968e+01 2.100361186326410134e+01 0.000000000000000000e+00
3.200000000000000000e+01 1.500000000000000000e+01 1.200000000000000000e+01
0.000000000000000000e+00 0.000000000000000000e+00 0.000000000000000000e+00
1.997596183111619794e+01 2.488417581668240075e+01 2.975961831116197942e+00
0.000000000000000000e+00 0.000000000000000000e+00 0.000000000000000000e+00
1.821030914293199388e+01 1.752117763915870086e+01 9.210309142931993875e+00
1.571162224847599731e+01 1.271162224847599731e+01 1.356836789658239795e+01
4.700000000000000000e+01 0.000000000000000000e+00 0.000000000000000000e+00
2.142085986397157527e+01 1.662628228033193523e+01 0.000000000000000000e+00
1.273132507445970418e+01 1.273132507445970418e+01 9.079675451190851732e-01
1.449065198481653383e+01 1.441977146655343134e+01 0.000000000000000000e+00
0.000000000000000000e+00 0.000000000000000000e+00 0.000000000000000000e+00
1.145972020149123871e+01 1.145972020149123871e+01 0.000000000000000000e+00
1.291948838590603010e+01 1.291948838590603010e+01 1.520127677865861671e+00
3.810272967111685283e+00 3.810272967111685283e+00 0.000000000000000000e+00
1.944522204589744874e+01 2.918882194326555535e+01 0.000000000000000000e+00
2.393371300416224301e+01 1.412745009315337086e+01 6.933713004162243010e+00
7.246112348871175612e+00 6.737473760025226355e+00 0.000000000000000000e+00
2.351841705630513601e+01 2.202848362187502573e+01 1.051841705630513601e+01
2.346592948267244338e+01 1.242058698973349884e+01 1.465929482672443385e+00
1.221902486680441768e+00 0.000000000000000000e+00 0.000000000000000000e+00
1.920603567802705669e+01 2.200000000000000000e+01 3.206035678027056690e+00
1.313444212772337671e+01 5.134442127723376714e+00 1.200000000000000000e+01
0.000000000000000000e+00 0.000000000000000000e+00 0.000000000000000000e+00
2.571084216316859283e+01 1.899165471585806486e+01 0.000000000000000000e+00
2.217384189824834451e+01 1.828041623593902187e+01 8.173841898248344506e+00
1.103482094377349298e+01 5.984097442606653772e+00 0.000000000000000000e+00
1.503788064449986450e+01 6.294261430769438448e+00 0.000000000000000000e+00
1.863608138402849335e+01 2.500096185927851877e+00 0.000000000000000000e+00
0.000000000000000000e+00 0.000000000000000000e+00 0.000000000000000000e+00
0.000000000000000000e+00 0.000000000000000000e+00 0.000000000000000000e+00
4.394480899806680441e+01 2.541638980476928822e+00 0.000000000000000000e+00
1.100000000000000000e+01 2.000000000000000000e+00 0.000000000000000000e+00
0.000000000000000000e+00 0.000000000000000000e+00 0.000000000000000000e+00
1.838159262856296294e+01 1.291297268011123833e+01 1.111936739398075247e+00
7.112335519404979323e+00 0.000000000000000000e+00 0.000000000000000000e+00
2.049690174613940030e+01 1.249690174613940208e+01 1.549468408320199231e+01
0.000000000000000000e+00 0.000000000000000000e+00 0.000000000000000000e+00
2.386665318388407542e+01 1.786665318388407542e+01 1.406922909925498644e+01
1.819979113693921136e+01 1.121270751792820874e+01 0.000000000000000000e+00
1.852701298874563918e+01 2.907897075426042477e+00 0.000000000000000000e+00
2.126592907898552909e+01 2.484099987103068230e+01 1.373407092101447091e+01
0.000000000000000000e+00 0.000000000000000000e+00 0.000000000000000000e+00
4.422400284325605924e+01 0.000000000000000000e+00 0.000000000000000000e+00
2.758352833913027169e+01 1.847689358357481737e+01 0.000000000000000000e+00
1.644332965385900991e+01 4.927629786871364104e+00 0.000000000000000000e+00
4.039494814511527920e+00 7.484650675467179326e-01 0.000000000000000000e+00
3.512637138489913013e+01 1.838990027863424359e+01 8.126371384899126582e+00
1.950093541092309835e+01 1.878620695380968542e+01 5.500935410923098345e+00
1.400000000000000000e+01 4.000000000000000000e+00 2.000000000000000000e+00
0.000000000000000000e+00 0.000000000000000000e+00 0.000000000000000000e+00
2.900000000000000000e+01 1.000000000000000000e+01 5.000000000000000000e+00
3.900000000000000000e+01 2.661672139868215936e+00 0.000000000000000000e+00
2.137113394376011755e+01 2.996710326285717230e+01 0.000000000000000000e+00
8.984504887918486560e+00 0.000000000000000000e+00 0.000000000000000000e+00
7.805281969705895051e+00 0.000000000000000000e+00 0.000000000000000000e+00
2.823807783258441617e+00 0.000000000000000000e+00 0.000000000000000000e+00
0.000000000000000000e+00 0.000000000000000000e+00 0.000000000000000000e+00
2.094934151313966098e+01 8.276471899225008144e+00 0.000000000000000000e+00
2.601943362287615003e+01 1.998056637712384997e+01 1.321096951837674283e+01
2.492817501042724615e+01 2.431435543014084999e+01 0.000000000000000000e+00
3.200000000000000000e+01 1.100000000000000000e+01 0.000000000000000000e+00
1.359113741381702312e+01 6.709462996911597088e-01 0.000000000000000000e+00
7.144729263424686394e+00 0.000000000000000000e+00 0.000000000000000000e+00
1.512140512212281607e+01 1.212140512212281607e+01 1.500000000000000000e+01
0.000000000000000000e+00 0.000000000000000000e+00 0.000000000000000000e+00
1.517367510301706091e+01 3.053957314171612936e+01 0.000000000000000000e+00
1.263187421308509428e+01 8.471382611904374471e-01 0.000000000000000000e+00
2.089027221811340240e+01 1.420380200877651333e+01 8.902722181134024027e-01
2.527608639371392840e+01 2.901767615512883935e+01 0.000000000000000000e+00
1.997117814115483370e+01 1.297117814115483370e+01 1.332105664754396557e+01
1.748209454840655042e+00 2.767462552367998541e-01 0.000000000000000000e+00
1.036172182540823883e+00 0.000000000000000000e+00 0.000000000000000000e+00
2.910946867191902143e+01 2.386587217728057908e+01 0.000000000000000000e+00
0.000000000000000000e+00 0.000000000000000000e+00 0.000000000000000000e+00
5.485771128950041486e+00 0.000000000000000000e+00 0.000000000000000000e+00
3.621040729158916349e+01 1.781873312416683319e+01 0.000000000000000000e+00
2.592904060884513839e+01 2.008644039586548757e+01 5.929040608845138394e+00
1.916477593047842021e+01 4.055281929534444885e+00 0.000000000000000000e+00
2.300000000000000000e+01 1.400000000000000000e+01 4.000000000000000000e+00
0.000000000000000000e+00 0.000000000000000000e+00 0.000000000000000000e+00
1.364512466500798737e+01 1.164070559200918709e+01 2.645124665007987375e+00
2.364507034161876931e+01 2.682390492809186711e+01 0.000000000000000000e+00
2.500251030316760392e+01 6.158242265051192987e+00 0.000000000000000000e+00
0.000000000000000000e+00 0.000000000000000000e+00 0.000000000000000000e+00
1.876385693316766634e+01 2.614267556744079712e+01 1.823614306683233366e+01
2.203558032330044369e+01 2.692141288658641685e+01 5.035580323300443695e+00
0.000000000000000000e+00 0.000000000000000000e+00 0.000000000000000000e+00
7.852877544445277636e+00 4.154460687931020857e-01 0.000000000000000000e+00
1.479382866894528092e+01 1.010926790970018985e+01 0.000000000000000000e+00
0.000000000000000000e+00 0.000000000000000000e+00 0.000000000000000000e+00
2.744985314137461074e+01 2.433739940760597165e+01 0.000000000000000000e+00
2.493235366740396231e+01 2.193235366740396231e+01 1.150523472155348514e+01
4.200000000000000000e+01 0.000000000000000000e+00 0.000000000000000000e+00
5.475010950515425634e+00 0.000000000000000000e+00 0.000000000000000000e+00
1.563256053879715424e+01 8.632560538797154237e+00 1.850190056764677848e+01
3.000000000000000000e+01 1.200000000000000000e+01 1.200000000000000000e+01
1.973156195520833123e+01 8.633776449460189184e+00 0.000000000000000000e+00
1.759933957658444825e+01 8.426346521324362016e+00 0.000000000000000000e+00
5.043776226673891472e+00 5.043776226673891472e+00 0.000000000000000000e+00
1.965890983622325194e+01 1.765890983622325194e+01 1.762183008266310580e+01
0.000000000000000000e+00 0.000000000000000000e+00 0.000000000000000000e+00
2.280098746322654790e+01 2.804426516396749491e+01 0.000000000000000000e+00
1.358345844177702588e+01 9.583458441777025882e+00 9.000000000000000000e+00
2.880046693571795302e+01 2.371719484062266048e+01 0.000000000000000000e+00
1.645460103862510692e+01 5.454601038625106924e+00 1.490813968966766723e+01
0.000000000000000000e+00 0.000000000000000000e+00 0.000000000000000000e+00
9.474484488819996386e+00 0.000000000000000000e+00 0.000000000000000000e+00
9.213242039499291991e+00 3.584163118910346668e+00 0.000000000000000000e+00
2.043130675611415370e+01 2.903556119885953990e+01 2.456869324388584630e+01
1.187207166099219613e+01 1.187207166099219613e+01 0.000000000000000000e+00
2.085365785968073382e+01 2.698553230318767504e+01 0.000000000000000000e+00
2.782545675061538759e+01 1.543918655702748666e+01 0.000000000000000000e+00
0.000000000000000000e+00 0.000000000000000000e+00 0.000000000000000000e+00
8.463164459753322433e+00 0.000000000000000000e+00 0.000000000000000000e+00
0.000000000000000000e+00 0.000000000000000000e+00 0.000000000000000000e+00
1.502183498248673033e+00 0.000000000000000000e+00 0.000000000000000000e+00
4.953757873191390715e+00 4.953757873191390715e+00 0.000000000000000000e+00
0.000000000000000000e+00 0.000000000000000000e+00 0.000000000000000000e+00
0.000000000000000000e+00 0.000000000000000000e+00 0.000000000000000000e+00
1.259528611511585083e+01 1.023685568823006165e+01 0.000000000000000000e+00
2.335863039106599359e+01 1.845876967688707637e+01 0.000000000000000000e+00
1.888647176170641018e+01 1.946387273497269987e+01 3.886471761706410177e+00
2.042625581228338660e+01 2.633527601801050366e+01 0.000000000000000000e+00
0.000000000000000000e+00 0.000000000000000000e+00 0.000000000000000000e+00
9.744682734579338756e+00 4.053814262619615860e+00 0.000000000000000000e+00
3.345802670907914944e+00 0.000000000000000000e+00 0.000000000000000000e+00
1.810844492982758780e+01 1.810844492982758780e+01 7.653300290404771999e+00
2.824077145009707124e+01 1.870619100744396590e+01 0.000000000000000000e+00
2.507031388831367025e+01 1.480019224055896387e+01 0.000000000000000000e+00
0.000000000000000000e+00 0.000000000000000000e+00 0.000000000000000000e+00
2.238305936870258606e+01 2.361694063129741394e+01 1.433783482640757967e+01
3.807525622494480899e-01 0.000000000000000000e+00 0.000000000000000000e+00
2.076789729991862643e+01 2.223210270008137002e+01 1.215094723881274419e+01
1.400000000000000000e+01 1.300000000000000000e+01 7.000000000000000000e+00
3.315990576806430568e+01 1.961931218353507234e+01 0.000000000000000000e+00
2.325963110482877028e+01 1.891556976732088913e+01 0.000000000000000000e+00
2.569843437233507899e+01 2.545471246499770501e+01 2.698434372335078990e+00
2.663291571033542304e+00 2.663291571033542304e+00 0.000000000000000000e+00
9.860057200743030492e+00 9.860057200743030492e+00 0.000000000000000000e+00
8.596589659469511702e+00 2.428564798914635503e+00 0.000000000000000000e+00
0.000000000000000000e+00 0.000000000000000000e+00 0.000000000000000000e+00
5.310239289800966489e+00 5.310239289800966489e+00 0.000000000000000000e+00
0.000000000000000000e+00 0.000000000000000000e+00 0.000000000000000000e+00
7.294469777628702190e+00 0.000000000000000000e+00 0.000000000000000000e+00
2.322063558414943429e+01 7.602738976008388327e+00 0.000000000000000000e+00
1.568414889123287281e+01 1.600165473755149392e+00 0.000000000000000000e+00
8.552884923451500754e+00 0.000000000000000000e+00 0.000000000000000000e+00
2.411057916857637551e+01 1.536056014049574969e+01 0.000000000000000000e+00
3.178243720816613660e+01 1.184628128086034238e+01 6.846281280860342378e+00
2.811742483695285344e+01 2.238021771969501117e+01 0.000000000000000000e+00
3.301997182893416038e+00 0.000000000000000000e+00 0.000000000000000000e+00
2.951968240023499845e+01 1.487362220743892038e+01 0.000000000000000000e+00
2.775787565980358806e+01 1.675787565980358806e+01 1.130789068976731571e+01
0.000000000000000000e+00 0.000000000000000000e+00 0.000000000000000000e+00
0.000000000000000000e+00 0.000000000000000000e+00 0.000000000000000000e+00
0.000000000000000000e+00 0.000000000000000000e+00 0.000000000000000000e+00
0.000000000000000000e+00 0.000000000000000000e+00 0.000000000000000000e+00
3.428410856932021744e+00 0.000000000000000000e+00 0.000000000000000000e+00
1.169583729827032315e+01 4.041090792987354519e+00 0.000000000000000000e+00
2.469058670226850438e+00 0.000000000000000000e+00 0.000000000000000000e+00
2.055242470381553233e+01 2.055242470381553233e+01 7.526343329952297267e+00
1.646353454302846231e+01 1.004689402215525718e+01 0.000000000000000000e+00
8.406022259604831959e+00 0.000000000000000000e+00 0.000000000000000000e+00
9.000282600626277940e+00 2.457291818711766496e-01 0.000000000000000000e+00
0.000000000000000000e+00 0.000000000000000000e+00 0.000000000000000000e+00
9.573496885927671229e+00 5.573496885927671229e+00 1.568943199882924944e+01
2.100556368304532384e+01 2.143662438545662496e+01 3.436624385456624964e+00
0.000000000000000000e+00 0.000000000000000000e+00 0.000000000000000000e+00
0.000000000000000000e+00 0.000000000000000000e+00 0.000000000000000000e+00
2.362057148612841928e+01 1.290096335699907470e+01 0.000000000000000000e+00
0.000000000000000000e+00 0.000000000000000000e+00 0.000000000000000000e+00
6.126379307877446223e+00 3.724194683446107490e+00 0.000000000000000000e+00
0.000000000000000000e+00 0.000000000000000000e+00 0.000000000000000000e+00
1.405094555284857449e+01 6.431016109079230603e+00 0.000000000000000000e+00
0.000000000000000000e+00 0.000000000000000000e+00 0.000000000000000000e+00
1.895471785876485882e+01 1.895471785876485882e+01 4.937134142800378100e+00
2.325938014858968828e+01 2.485130512644591505e+01 0.000000000000000000e+00
1.797205492483905687e+01 1.297205492483905864e+01 1.200000000000000000e+01
0.000000000000000000e+00 0.000000000000000000e+00 0.000000000000000000e+00
0.000000000000000000e+00 0.000000000000000000e+00 0.000000000000000000e+00
0.000000000000000000e+00 0.000000000000000000e+00 0.000000000000000000e+00
1.665090581220691490e+01 1.365757350719081131e+01 1.721104545654192464e+00
2.400000000000000000e+01 1.200000000000000000e+01 2.000000000000000000e+00
4.811178790589736565e+01 0.000000000000000000e+00 0.000000000000000000e+00
1.206513964826615393e+01 4.339458674877313626e+00 0.000000000000000000e+00
2.084601349978336771e+01 2.603645734939757261e+01 1.315398650021663229e+01
9.844394013584526704e+00 5.363679221462184898e+00 0.000000000000000000e+00
2.123736997393793402e+01 1.967298765783589687e+01 8.237369973937934020e+00
1.600000000000000000e+01 8.000000000000000000e+00 0.000000000000000000e+00
2.029825295935690832e+01 1.029825295935690832e+01 1.569035055664336298e+01
2.836438321676221364e+01 1.490224876845222113e+01 0.000000000000000000e+00
1.362676252152629530e+01 1.362676252152629530e+01 2.557744510346370959e+00
2.735728228078215096e+01 1.652999320018969698e+01 0.000000000000000000e+00
1.861610658652825379e+00 0.000000000000000000e+00 0.000000000000000000e+00
1.200000000000000000e+01 1.000000000000000000e+01 3.000000000000000000e+00
1.567657444539726441e+00 0.000000000000000000e+00 0.000000000000000000e+00
0.000000000000000000e+00 0.000000000000000000e+00 0.000000000000000000e+00
2.658004304157278241e+01 2.757506018583897145e+01 6.580043041572782414e+00
2.450988071150892011e+01 3.507143166147272950e-01 0.000000000000000000e+00
0.000000000000000000e+00 0.000000000000000000e+00 0.000000000000000000e+00
1.784640868743526809e+01 1.184640868743526809e+01 1.500000000000000000e+01
1.990516615065101647e+01 1.990516615065101647e+01 9.051330929118464041e+00
1.804012196344880437e+01 3.378467663223439388e+00 0.000000000000000000e+00
7.303147414633947676e+00 6.123026975647114512e-01 0.000000000000000000e+00
2.097685035510597373e+01 1.136628608325656842e+01 0.000000000000000000e+00
0.000000000000000000e+00 0.000000000000000000e+00 0.000000000000000000e+00
0.000000000000000000e+00 0.000000000000000000e+00 0.000000000000000000e+00
0.000000000000000000e+00 0.000000000000000000e+00 0.000000000000000000e+00
2.819362980057879753e+01 1.832875246117800572e+01 7.328752461178005717e+00
1.427142130012738264e+00 1.427142130012738264e+00 0.000000000000000000e+00
2.217937148792655933e+01 1.917937148792655933e+01 1.471120063357755114e+01
4.029454658832793257e+01 1.046520656381947489e+01 0.000000000000000000e+00
0.000000000000000000e+00 0.000000000000000000e+00 0.000000000000000000e+00
8.386290313688746778e-01 0.000000000000000000e+00 0.000000000000000000e+00
4.063246941006681823e-01 0.000000000000000000e+00 0.000000000000000000e+00
2.659059328308234171e+01 1.707819266000826630e+01 0.000000000000000000e+00
0.000000000000000000e+00 0.000000000000000000e+00 0.000000000000000000e+00
0.000000000000000000e+00 0.000000000000000000e+00 0.000000000000000000e+00
4.400000000000000000e+01 6.456851310350966600e+00 0.000000000000000000e+00
1.520120328203421423e+01 1.520120328203421423e+01 3.377243454472573347e+00
4.100000000000000000e+01 0.000000000000000000e+00 0.000000000000000000e+00
5.339953229399828416e+00 7.265465052828474768e-01 0.000000000000000000e+00
1.804223692602156959e+01 1.204223692602156959e+01 1.321426337103132909e+01
0.000000000000000000e+00 0.000000000000000000e+00 0.000000000000000000e+00
2.665154242900483439e+01 1.446625291501717214e+01 1.466252915017172143e+00
0.000000000000000000e+00 0.000000000000000000e+00 0.000000000000000000e+00
3.200000000000000000e+01 1.875440692212923466e+01 0.000000000000000000e+00
1.572054236924946480e+01 3.183918837650850264e+00 0.000000000000000000e+00
3.421541366420545671e+01 1.294811331453786352e+01 5.948113314537863516e+00
2.605343760825345356e+01 1.883782968059142249e+01 0.000000000000000000e+00
3.011500202064011589e+01 2.227405871575264129e+01 0.000000000000000000e+00
2.461348057281920987e+01 2.478881350987134624e+01 0.000000000000000000e+00
0.000000000000000000e+00 0.000000000000000000e+00 0.000000000000000000e+00
2.759365379674156316e+01 2.157296037387353138e+01 0.000000000000000000e+00
1.252472344724175457e+00 1.252472344724175457e+00 0.000000000000000000e+00
3.045677966260108605e+01 1.492913659510216817e+01 0.000000000000000000e+00
0.000000000000000000e+00 0.000000000000000000e+00 0.000000000000000000e+00
0.000000000000000000e+00 0.000000000000000000e+00 0.000000000000000000e+00
1.925064525035325858e+01 1.023139599652850507e+01 0.000000000000000000e+00
1.661247346142630832e+01 2.895478005277746547e+01 0.000000000000000000e+00
1.894819279819387958e+01 1.894819279819387958e+01 8.750455867201715421e+00
1.300000000000000000e+01 7.000000000000000000e+00 6.000000000000000000e+00
3.329180888600934196e+01 7.578817946626738689e+00 4.578817946626738689e+00
3.072145903638848097e+01 1.868568715600361330e+01 0.000000000000000000e+00
2.726132847509331114e+01 2.063844737572516763e+01 0.000000000000000000e+00
2.551488399648486549e+01 2.434573343708991189e+01 0.000000000000000000e+00
2.561532322173802001e+01 1.376916514269826664e+01 0.000000000000000000e+00
0.000000000000000000e+00 0.000000000000000000e+00 0.000000000000000000e+00
3.610455739824362809e+01 1.408177100735254683e+01 0.000000000000000000e+00
1.724335092031839523e+01 1.124335092031839523e+01 1.908616571123101124e+01
9.000000000000000000e+00 7.000000000000000000e+00 4.000000000000000000e+00
2.779988655056161306e+01 1.414095203570779447e+01 1.140952035707794465e+00
1.220569278090293253e+01 0.000000000000000000e+00 0.000000000000000000e+00
1.628421250069352766e+01 6.072729560933872506e+00 0.000000000000000000e+00
2.049505433963931011e+01 2.124967590862749489e+01 1.050494566036068633e+01
2.579311200502144175e+01 1.779311200502144175e+01 1.000000000000000000e+01
1.705647788002388410e+01 6.218070065147571768e+00 0.000000000000000000e+00
0.000000000000000000e+00 0.000000000000000000e+00 0.000000000000000000e+00
3.820608887060897985e+01 1.630918017672699705e+01 0.000000000000000000e+00
1.657588003414042888e+01 1.126238796120507146e+01 0.000000000000000000e+00
3.031012794233262397e+01 2.122102803760532197e+01 0.000000000000000000e+00
3.500000000000000000e+01 3.003036630908837878e+00 3.036630908837878451e-03
3.400000000000000000e+01 3.180157558332957990e+00 1.801575583329579899e-01
1.314430319732487717e+01 1.314430319732487717e+01 1.511343649625409569e+00
3.414740519042682365e+01 1.547073628332532280e+01 0.000000000000000000e+00
0.000000000000000000e+00 0.000000000000000000e+00 0.000000000000000000e+00
0.000000000000000000e+00 0.000000000000000000e+00 0.000000000000000000e+00
2.630658924519979891e+01 2.263168466216862740e+01 0.000000000000000000e+00
3.149234261992511463e+01 1.723866990243531916e+01 0.000000000000000000e+00
2.898555343052221644e+01 1.758259169839095293e+01 3.582591698390952928e+00
2.387883689382847408e+01 2.848766459702427412e+01 1.812116310617152237e+01
2.050250383380074837e+01 2.114243355677307434e+01 7.497496166199251633e+00
1.972189601031315931e+01 1.772189601031315931e+01 1.752237674020688729e+01
0.000000000000000000e+00 0.000000000000000000e+00 0.000000000000000000e+00
2.518454176148138401e+01 2.128896662203196755e+01 3.184541761481384015e+00
1.327104728113604182e+01 1.327104728113604182e+01 0.000000000000000000e+00
1.690820522501712020e+01 1.690820522501712020e+01 5.550361398529492618e+00
1.659485803783371693e+01 2.826143449840699873e+01 2.226143449840700228e+01
3.896185721285357317e+01 8.169509187413563467e+00 0.000000000000000000e+00
1.921735869461486246e+01 1.118562050212968373e+01 0.000000000000000000e+00
2.093608524767654444e+01 2.504201129059966036e+01 1.106391475232345556e+01
0.000000000000000000e+00 0.000000000000000000e+00 0.000000000000000000e+00
1.109643650086113276e+01 1.109643650086113276e+01 2.376747524044212412e+00
2.455574740542021672e+01 1.618089212722998838e+01 5.555747405420216722e+00
1.017366021426005496e+01 1.017366021426005496e+01 8.780533342399294838e-01
6.273008007865186642e+00 4.726209008004747858e+00 0.000000000000000000e+00
2.214849900088629653e+01 1.414849900088629653e+01 1.300000000000000000e+01
1.500000000000000000e+01 1.000000000000000000e+01 3.000000000000000000e+00
1.618538711723559587e+01 1.518538711723559587e+01 1.694148814723683216e+01
0.000000000000000000e+00 0.000000000000000000e+00 0.000000000000000000e+00
2.430732326516000796e+01 2.451357722753324708e+01 0.000000000000000000e+00
0.000000000000000000e+00 0.000000000000000000e+00 0.000000000000000000e+00
1.096583193194946659e+01 9.904777574382769956e+00 0.000000000000000000e+00
9.500482009349767054e+00 6.227074355794869120e+00 0.000000000000000000e+00
2.206891722223972607e+01 6.446892673734275547e+00 0.000000000000000000e+00
3.857435492848905767e+01 4.373825327573477750e+00 0.000000000000000000e+00
1.438774876375286738e+01 6.780982644877830978e+00 0.000000000000000000e+00
2.439815284228183856e+01 1.017398451768789869e+01 4.398152842281838559e+00
1.925445238170402007e+01 1.425445238170402007e+01 1.609491466531554948e+01
3.177378196698027324e+01 2.439196356678291977e+01 3.608036433217082006e+00
2.683388852221959553e+01 1.483388852221959553e+01 8.976477506283590202e+00
2.029165909673475099e+01 1.040481855877354000e+01 3.291659096734750989e+00
7.365986679895677014e+00 4.423665851439295693e-01 0.000000000000000000e+00
0.000000000000000000e+00 0.000000000000000000e+00 0.000000000000000000e+00
1.139571299964940110e+01 0.000000000000000000e+00 0.000000000000000000e+00
1.568131921516686589e+01 9.681319215166865888e+00 1.779799212057562130e+01
4.500000000000000000e+01 0.000000000000000000e+00 0.000000000000000000e+00
3.038386686609920773e+01 1.533153023554359251e+01 7.331530235543592511e+00
3.432753089993715179e+01 1.934871857221441616e+01 0.000000000000000000e+00
1.880823020987368466e+01 3.099169405063026517e+01 2.499169405063025806e+01
2.191956776793453443e+01 2.349226909551603271e+01 0.000000000000000000e+00
0.000000000000000000e+00 0.000000000000000000e+00 0.000000000000000000e+00
2.240695435803014135e+01 3.036015562156192971e+01 0.000000000000000000e+00
0.000000000000000000e+00 0.000000000000000000e+00 0.000000000000000000e+00
2.385276605682599893e+01 2.085276605682599893e+01 9.000000000000000000e+00
0.000000000000000000e+00 0.000000000000000000e+00 0.000000000000000000e+00
1.754903237937209326e+01 8.643152610511656064e+00 0.000000000000000000e+00
3.312721640310622107e+00 3.312721640310622107e+00 0.000000000000000000e+00
2.852806779828339145e+01 2.091773997408505892e+01 0.000000000000000000e+00
9.461684384964049954e+00 9.461684384964049954e+00 2.779076498286290331e+00
0.000000000000000000e+00 0.000000000000000000e+00 0.000000000000000000e+00
0.000000000000000000e+00 0.000000000000000000e+00 0.000000000000000000e+00
2.600000000000000000e+01 6.000000000000000000e+00 0.000000000000000000e+00
6.759857590477453826e-01 6.759857590477453826e-01 0.000000000000000000e+00
1.400000000000000000e+01 8.000000000000000000e+00 8.000000000000000000e+00
2.671294270636909829e+01 2.686943269592765304e+01 5.712942706369098289e+00
