0.000000000000000000e+00 0.000000000000000000e+00 0.000000000000000000e+00
0.000000000000000000e+00 0.000000000000000000e+00 0.000000000000000000e+00
0.000000000000000000e+00 0.000000000000000000e+00 0.000000000000000000e+00
0.000000000000000000e+00 0.000000000000000000e+00 0.000000000000000000e+00
0.000000000000000000e+00 0.000000000000000000e+00 0.000000000000000000e+00
0.000000000000000000e+00 0.000000000000000000e+00 0.000000000000000000e+00
0.000000000000000000e+00 0.000000000000000000e+00 0.000000000000000000e+00
0.000000000000000000e+00 0.000000000000000000e+00 0.000000000000000000e+00
0.000000000000000000e+00 0.000000000000000000e+00 0.000000000000000000e+00
3.039629999999999299e+01 5.326800000000000423e+00 3.866399999999999615e+00
0.000000000000000000e+00 0.000000000000000000e+00 0.000000000000000000e+00
0.000000000000000000e+00 0.000000000000000000e+00 0.000000000000000000e+00
0.000000000000000000e+00 0.000000000000000000e+00 0.000000000000000000e+00
0.000000000000000000e+00 0.000000000000000000e+00 0.000000000000000000e+00
4.634839999999999094e+01 9.655999999999999028e-01 2.823999999999999844e-01
0.000000000000000000e+00 0.000000000000000000e+00 0.000000000000000000e+00
4.752330000000000609e+01 4.077000000000000624e-01 3.439999999999999725e-01
0.000000000000000000e+00 0.000000000000000000e+00 0.000000000000000000e+00
0.000000000000000000e+00 0.000000000000000000e+00 0.000000000000000000e+00
6.000000000000000000e+00 4.097200000000000131e+01 4.096719999999999828e+01
2.154049999999999798e+01 7.350000000000000533e+00 8.144000000000000128e-01
0.000000000000000000e+00 0.000000000000000000e+00 0.000000000000000000e+00
0.000000000000000000e+00 0.000000000000000000e+00 0.000000000000000000e+00
0.000000000000000000e+00 0.000000000000000000e+00 0.000000000000000000e+00
0.000000000000000000e+00 0.000000000000000000e+00 0.000000000000000000e+00
1.335019999999999918e+01 1.274019999999999975e+01 1.963970000000000127e+01
3.178240000000000265e+01 4.626599999999999824e+00 4.085399999999999920e+00
0.000000000000000000e+00 4.700000000000000000e+01 4.700000000000000000e+01
1.055799999999999983e+01 7.764900000000000801e+00 1.628259999999999863e+01
0.000000000000000000e+00 0.000000000000000000e+00 0.000000000000000000e+00
0.000000000000000000e+00 0.000000000000000000e+00 0.000000000000000000e+00
0.000000000000000000e+00 0.000000000000000000e+00 0.000000000000000000e+00
0.000000000000000000e+00 0.000000000000000000e+00 0.000000000000000000e+00
0.000000000000000000e+00 0.000000000000000000e+00 0.000000000000000000e+00
1.144689999999999941e+01 4.450799999999999201e+00 2.061990000000000123e+01
0.000000000000000000e+00 0.000000000000000000e+00 0.000000000000000000e+00
0.000000000000000000e+00 0.000000000000000000e+00 0.000000000000000000e+00
1.100839999999999996e+01 3.875639999999999930e+01 3.864900000000000091e+01
1.000000000000000000e+00 4.700000000000000000e+01 4.700000000000000000e+01
4.894259999999999877e+01 3.973999999999999755e-01 4.680000000000000132e-02
0.000000000000000000e+00 0.000000000000000000e+00 0.000000000000000000e+00
0.000000000000000000e+00 0.000000000000000000e+00 0.000000000000000000e+00
3.199680000000000035e+01 8.106999999999999318e+00 0.000000000000000000e+00
0.000000000000000000e+00 0.000000000000000000e+00 0.000000000000000000e+00
0.000000000000000000e+00 0.000000000000000000e+00 0.000000000000000000e+00
1.709919999999999973e+01 3.221280000000000143e+01 3.122459999999999880e+01
7.647199999999999775e+00 7.981600000000000250e+00 3.153150000000000119e+01
0.000000000000000000e+00 0.000000000000000000e+00 0.000000000000000000e+00
0.000000000000000000e+00 0.000000000000000000e+00 0.000000000000000000e+00
0.000000000000000000e+00 0.000000000000000000e+00 0.000000000000000000e+00
0.000000000000000000e+00 0.000000000000000000e+00 0.000000000000000000e+00
0.000000000000000000e+00 0.000000000000000000e+00 0.000000000000000000e+00
0.000000000000000000e+00 0.000000000000000000e+00 0.000000000000000000e+00
0.000000000000000000e+00 0.000000000000000000e+00 0.000000000000000000e+00
0.000000000000000000e+00 0.000000000000000000e+00 0.000000000000000000e+00
4.181889999999999930e+01 3.828540000000000276e+01 2.541599999999999859e+00
3.942430000000000234e+01 2.123000000000000220e+00 2.026699999999999946e+00
0.000000000000000000e+00 0.000000000000000000e+00 0.000000000000000000e+00
0.000000000000000000e+00 0.000000000000000000e+00 0.000000000000000000e+00
0.000000000000000000e+00 0.000000000000000000e+00 0.000000000000000000e+00
0.000000000000000000e+00 0.000000000000000000e+00 0.000000000000000000e+00
1.145929999999999893e+01 7.665700000000000180e+00 2.392999999999999972e+01
0.000000000000000000e+00 0.000000000000000000e+00 0.000000000000000000e+00
1.265380000000000038e+01 2.270680000000000121e+01 5.254500000000000171e+00
1.864370000000000260e+01 1.565050000000000097e+01 7.220999999999999641e-01
0.000000000000000000e+00 0.000000000000000000e+00 0.000000000000000000e+00
0.000000000000000000e+00 0.000000000000000000e+00 0.000000000000000000e+00
0.000000000000000000e+00 0.000000000000000000e+00 0.000000000000000000e+00
0.000000000000000000e+00 0.000000000000000000e+00 0.000000000000000000e+00
0.000000000000000000e+00 0.000000000000000000e+00 0.000000000000000000e+00
0.000000000000000000e+00 0.000000000000000000e+00 0.000000000000000000e+00
0.000000000000000000e+00 0.000000000000000000e+00 0.000000000000000000e+00
0.000000000000000000e+00 0.000000000000000000e+00 0.000000000000000000e+00
0.000000000000000000e+00 0.000000000000000000e+00 0.000000000000000000e+00
0.000000000000000000e+00 0.000000000000000000e+00 0.000000000000000000e+00
0.000000000000000000e+00 0.000000000000000000e+00 0.000000000000000000e+00
0.000000000000000000e+00 0.000000000000000000e+00 0.000000000000000000e+00
0.000000000000000000e+00 0.000000000000000000e+00 0.000000000000000000e+00
6.000000000000000000e+00 4.396959999999999980e+01 4.396479999999999677e+01
0.000000000000000000e+00 0.000000000000000000e+00 0.000000000000000000e+00
8.037700000000000955e+00 3.769999999999999740e-02 2.892459999999999809e+01
4.550280000000000058e+01 1.293599999999999861e+00 8.861999999999999877e-01
4.233230000000000359e+01 2.091399999999999704e+00 4.669999999999999707e-01
0.000000000000000000e+00 0.000000000000000000e+00 0.000000000000000000e+00
0.000000000000000000e+00 4.400000000000000000e+01 4.400000000000000000e+01
3.944399999999999551e+01 4.001599999999999824e+00 2.471999999999999975e+00
0.000000000000000000e+00 0.000000000000000000e+00 0.000000000000000000e+00
0.000000000000000000e+00 0.000000000000000000e+00 0.000000000000000000e+00
8.075400000000000134e+00 3.392719999999999914e+01 3.380619999999999692e+01
2.232279999999999731e+01 7.586500000000000021e+00 8.653699999999998838e+00
4.257670000000000243e+01 2.549700000000000077e+00 1.585799999999999876e+00
0.000000000000000000e+00 0.000000000000000000e+00 0.000000000000000000e+00
3.070400000000000240e+00 3.500000000000000000e+01 3.492300000000000182e+01
1.206479999999999997e+01 3.556240000000000379e+01 6.400000000000000307e-03
0.000000000000000000e+00 0.000000000000000000e+00 0.000000000000000000e+00
4.136660000000000537e+01 3.018299999999999983e+00 4.527999999999999803e-01
0.000000000000000000e+00 0.000000000000000000e+00 0.000000000000000000e+00
0.000000000000000000e+00 0.000000000000000000e+00 0.000000000000000000e+00
0.000000000000000000e+00 0.000000000000000000e+00 0.000000000000000000e+00
0.000000000000000000e+00 0.000000000000000000e+00 0.000000000000000000e+00
0.000000000000000000e+00 0.000000000000000000e+00 0.000000000000000000e+00
0.000000000000000000e+00 0.000000000000000000e+00 0.000000000000000000e+00
0.000000000000000000e+00 0.000000000000000000e+00 0.000000000000000000e+00
0.000000000000000000e+00 0.000000000000000000e+00 0.000000000000000000e+00
2.046799999999999731e+00 3.599860000000000326e+01 2.599999999999999881e-03
3.064470000000000027e+01 2.839700000000000113e+00 8.519999999999999796e-01
5.022800000000000153e+00 3.794500000000000028e+01 8.399999999999999481e-03
4.259579999999999700e+01 2.399599999999999955e+00 2.280199999999999783e+00
1.003359999999999985e+01 1.092580000000000062e+01 1.627380000000000138e+01
0.000000000000000000e+00 0.000000000000000000e+00 0.000000000000000000e+00
0.000000000000000000e+00 0.000000000000000000e+00 0.000000000000000000e+00
0.000000000000000000e+00 0.000000000000000000e+00 0.000000000000000000e+00
4.295320000000000249e+01 1.308400000000000007e+00 9.623999999999999222e-01
0.000000000000000000e+00 0.000000000000000000e+00 0.000000000000000000e+00
0.000000000000000000e+00 0.000000000000000000e+00 0.000000000000000000e+00
8.895000000000001350e+00 2.560999999999999943e+01 1.568000000000000060e+00
0.000000000000000000e+00 0.000000000000000000e+00 0.000000000000000000e+00
0.000000000000000000e+00 0.000000000000000000e+00 0.000000000000000000e+00
0.000000000000000000e+00 0.000000000000000000e+00 0.000000000000000000e+00
0.000000000000000000e+00 0.000000000000000000e+00 0.000000000000000000e+00
2.034820000000000206e+01 8.533599999999999852e+00 8.400999999999999579e-01
0.000000000000000000e+00 0.000000000000000000e+00 0.000000000000000000e+00
3.173120000000000118e+01 3.250199999999999978e+00 2.256000000000000227e+00
0.000000000000000000e+00 0.000000000000000000e+00 0.000000000000000000e+00
0.000000000000000000e+00 0.000000000000000000e+00 0.000000000000000000e+00
0.000000000000000000e+00 0.000000000000000000e+00 0.000000000000000000e+00
0.000000000000000000e+00 0.000000000000000000e+00 0.000000000000000000e+00
0.000000000000000000e+00 0.000000000000000000e+00 0.000000000000000000e+00
0.000000000000000000e+00 0.000000000000000000e+00 0.000000000000000000e+00
4.023610000000000042e+01 9.636000000000000121e-01 6.955000000000000071e-01
0.000000000000000000e+00 0.000000000000000000e+00 0.000000000000000000e+00
0.000000000000000000e+00 0.000000000000000000e+00 0.000000000000000000e+00
0.000000000000000000e+00 0.000000000000000000e+00 0.000000000000000000e+00
0.000000000000000000e+00 0.000000000000000000e+00 0.000000000000000000e+00
3.491420000000000101e+01 5.728399999999999714e+00 1.059199999999999919e+00
0.000000000000000000e+00 0.000000000000000000e+00 0.000000000000000000e+00
0.000000000000000000e+00 0.000000000000000000e+00 0.000000000000000000e+00
3.993000000000000327e+00 1.999800000000000022e+00 3.487750000000000483e+01
3.849549999999999983e+01 3.874500000000000277e+00 3.207599999999999785e+00
0.000000000000000000e+00 0.000000000000000000e+00 0.000000000000000000e+00
0.000000000000000000e+00 0.000000000000000000e+00 0.000000000000000000e+00
3.000000000000000000e+00 4.300000000000000000e+01 4.300000000000000000e+01
6.007800000000000473e+00 3.896880000000000166e+01 0.000000000000000000e+00
0.000000000000000000e+00 0.000000000000000000e+00 0.000000000000000000e+00
0.000000000000000000e+00 0.000000000000000000e+00 0.000000000000000000e+00
0.000000000000000000e+00 0.000000000000000000e+00 0.000000000000000000e+00
1.306720000000000148e+01 3.363879999999999626e+01 3.332679999999999865e+01
0.000000000000000000e+00 0.000000000000000000e+00 0.000000000000000000e+00
1.141869999999999941e+01 7.534599999999999298e+00 9.592999999999999972e+00
3.358530000000000371e+01 3.576300000000000257e+00 6.518399999999999750e+00
4.695400000000000063e+01 6.884000000000000119e-01 5.460000000000000270e-02
2.056299999999999883e+01 8.650199999999999889e+00 3.339999999999999858e+00
0.000000000000000000e+00 0.000000000000000000e+00 0.000000000000000000e+00
3.000000000000000000e+00 4.300000000000000000e+01 4.300000000000000000e+01
0.000000000000000000e+00 0.000000000000000000e+00 0.000000000000000000e+00
1.032460000000000022e+01 5.385600000000000165e+00 2.545139999999999958e+01
1.505199999999999783e+01 3.440400000000000347e+01 3.390800000000000125e+01
0.000000000000000000e+00 0.000000000000000000e+00 0.000000000000000000e+00
0.000000000000000000e+00 0.000000000000000000e+00 0.000000000000000000e+00
0.000000000000000000e+00 0.000000000000000000e+00 0.000000000000000000e+00
0.000000000000000000e+00 0.000000000000000000e+00 0.000000000000000000e+00
0.000000000000000000e+00 0.000000000000000000e+00 0.000000000000000000e+00
3.290100000000000335e+01 7.402000000000000135e+00 3.229999999999999982e+00
2.878289999999999793e+01 9.543099999999999028e+00 3.876799999999999802e+00
0.000000000000000000e+00 0.000000000000000000e+00 0.000000000000000000e+00
2.998700000000000365e+00 1.000000000000000000e+00 4.693890000000000384e+01
1.881510000000000105e+01 1.087490000000000023e+01 6.884800000000000253e+00
1.694079999999999941e+01 6.816699999999999982e+00 2.719040000000000035e+01
0.000000000000000000e+00 0.000000000000000000e+00 0.000000000000000000e+00
0.000000000000000000e+00 0.000000000000000000e+00 0.000000000000000000e+00
1.217959999999999887e+01 7.325200000000000600e+00 2.113100000000000023e+01
5.006800000000000139e+00 3.897959999999999781e+01 3.896880000000000166e+01
4.513840000000000430e+01 1.107599999999999918e+00 6.045000000000000373e-01
0.000000000000000000e+00 0.000000000000000000e+00 0.000000000000000000e+00
2.000000000000000000e+00 4.700000000000000000e+01 4.700000000000000000e+01
0.000000000000000000e+00 0.000000000000000000e+00 0.000000000000000000e+00
1.115440000000000076e+01 8.378399999999999181e+00 7.583999999999999631e+00
0.000000000000000000e+00 0.000000000000000000e+00 0.000000000000000000e+00
4.897240000000000038e+01 4.443999999999999617e-01 2.280000000000000082e-02
4.795889999999999986e+01 6.001999999999999558e-01 3.579999999999999849e-02
0.000000000000000000e+00 0.000000000000000000e+00 0.000000000000000000e+00
0.000000000000000000e+00 0.000000000000000000e+00 0.000000000000000000e+00
0.000000000000000000e+00 0.000000000000000000e+00 0.000000000000000000e+00
3.381390000000000384e+01 3.630499999999999616e+00 3.020999999999999797e-01
3.918240000000000123e+01 1.610299999999999843e+00 8.129999999999999449e-01
0.000000000000000000e+00 0.000000000000000000e+00 0.000000000000000000e+00
0.000000000000000000e+00 0.000000000000000000e+00 0.000000000000000000e+00
0.000000000000000000e+00 0.000000000000000000e+00 0.000000000000000000e+00
1.350190000000000090e+01 5.487300000000000288e+00 9.693000000000001393e+00
0.000000000000000000e+00 0.000000000000000000e+00 0.000000000000000000e+00
1.461209999999999809e+01 1.000820000000000043e+01 1.559070000000000000e+01
6.863800000000000345e+00 5.991000000000000547e+00 3.614900000000000091e+01
0.000000000000000000e+00 0.000000000000000000e+00 0.000000000000000000e+00
2.476980000000000359e+01 4.654399999999999871e+00 6.971000000000000085e+00
3.718289999999999651e+01 3.367800000000000349e+00 1.899900000000000144e+00
6.085900000000000531e+00 3.480880000000000507e+01 4.000000000000000083e-02
2.050990000000000180e+01 5.736200000000000188e+00 1.708599999999999897e+00
4.188490000000000180e+01 4.995000000000000551e-01 2.069999999999999896e-01
3.771150000000000091e+01 2.058800000000000185e+00 1.391599999999999948e+00
4.987890000000000157e+01 3.287000000000000477e-01 6.160000000000000198e-02
1.259730000000000061e+01 3.566399999999999793e+00 1.665830000000000055e+01
0.000000000000000000e+00 0.000000000000000000e+00 0.000000000000000000e+00
0.000000000000000000e+00 0.000000000000000000e+00 0.000000000000000000e+00
0.000000000000000000e+00 0.000000000000000000e+00 0.000000000000000000e+00
1.420940000000000047e+01 8.415200000000000458e+00 2.445560000000000045e+01
4.752040000000000219e+01 4.511000000000000565e-01 3.439999999999999725e-01
0.000000000000000000e+00 0.000000000000000000e+00 0.000000000000000000e+00
0.000000000000000000e+00 0.000000000000000000e+00 0.000000000000000000e+00
3.795239999999999725e+01 3.755999999999999783e+00 1.903000000000000025e+00
7.033300000000000551e+00 3.690959999999999752e+01 1.080000000000000057e-02
9.507500000000000284e+00 5.074999999999999512e-01 2.487500000000000000e+01
1.406600000000000072e+01 3.355199999999999960e+01 3.316700000000000159e+01
0.000000000000000000e+00 0.000000000000000000e+00 0.000000000000000000e+00
1.848840000000000217e+01 3.291599999999999859e+00 2.504250000000000043e+01
0.000000000000000000e+00 0.000000000000000000e+00 0.000000000000000000e+00
1.357099999999999973e+01 8.892000000000001236e+00 2.811299999999999955e+01
4.096620000000000061e+01 1.597699999999999898e+00 0.000000000000000000e+00
1.000000000000000000e+00 4.100000000000000000e+01 0.000000000000000000e+00
0.000000000000000000e+00 0.000000000000000000e+00 0.000000000000000000e+00
0.000000000000000000e+00 0.000000000000000000e+00 0.000000000000000000e+00
4.939780000000000371e+01 1.862000000000000044e-01 1.423999999999999988e-01
3.048310000000000031e+01 5.861599999999999255e+00 7.235199999999999854e+00
0.000000000000000000e+00 0.000000000000000000e+00 0.000000000000000000e+00
1.245599999999999952e+01 2.401820000000000022e+01 3.225200000000000067e+00
1.800439999999999685e+01 1.002159999999999940e+01 7.123999999999999666e+00
0.000000000000000000e+00 0.000000000000000000e+00 0.000000000000000000e+00
0.000000000000000000e+00 0.000000000000000000e+00 0.000000000000000000e+00
2.439579999999999771e+01 1.731600000000000250e+00 2.151299999999999990e+00
0.000000000000000000e+00 0.000000000000000000e+00 0.000000000000000000e+00
2.000000000000000000e+00 4.500000000000000000e+01 4.500000000000000000e+01
0.000000000000000000e+00 0.000000000000000000e+00 0.000000000000000000e+00
0.000000000000000000e+00 0.000000000000000000e+00 0.000000000000000000e+00
0.000000000000000000e+00 0.000000000000000000e+00 0.000000000000000000e+00
0.000000000000000000e+00 0.000000000000000000e+00 0.000000000000000000e+00
0.000000000000000000e+00 0.000000000000000000e+00 0.000000000000000000e+00
0.000000000000000000e+00 0.000000000000000000e+00 0.000000000000000000e+00
0.000000000000000000e+00 0.000000000000000000e+00 0.000000000000000000e+00
4.007800000000000473e+00 3.897080000000000410e+01 4.599999999999999922e-03
1.751139999999999830e+01 5.326999999999999957e+00 1.124640000000000128e+01
8.990199999999999747e+00 1.984599999999999920e+00 2.285050000000000026e+01
0.000000000000000000e+00 0.000000000000000000e+00 0.000000000000000000e+00
0.000000000000000000e+00 0.000000000000000000e+00 0.000000000000000000e+00
0.000000000000000000e+00 0.000000000000000000e+00 0.000000000000000000e+00
0.000000000000000000e+00 0.000000000000000000e+00 0.000000000000000000e+00
2.669569999999999865e+01 9.782999999999999474e+00 8.682000000000000384e+00
1.224610000000000021e+01 3.073299999999999699e+01 3.021570000000000178e+01
0.000000000000000000e+00 0.000000000000000000e+00 0.000000000000000000e+00
0.000000000000000000e+00 0.000000000000000000e+00 0.000000000000000000e+00
1.424810000000000088e+01 3.057850000000000179e+01 2.988400000000000034e+01
3.684120000000000061e+01 3.352799999999999780e+00 3.507200000000000095e+00
0.000000000000000000e+00 0.000000000000000000e+00 0.000000000000000000e+00
0.000000000000000000e+00 0.000000000000000000e+00 0.000000000000000000e+00
0.000000000000000000e+00 0.000000000000000000e+00 0.000000000000000000e+00
2.723499999999999943e+01 5.933000000000000718e+00 5.792000000000000703e+00
0.000000000000000000e+00 0.000000000000000000e+00 0.000000000000000000e+00
0.000000000000000000e+00 0.000000000000000000e+00 0.000000000000000000e+00
0.000000000000000000e+00 0.000000000000000000e+00 0.000000000000000000e+00
0.000000000000000000e+00 0.000000000000000000e+00 0.000000000000000000e+00
0.000000000000000000e+00 0.000000000000000000e+00 0.000000000000000000e+00
4.000000000000000000e+00 3.999640000000000128e+01 3.999600000000000222e+01
2.050399999999999778e+00 3.589290000000000447e+01 2.379999999999999824e-02
4.075240000000000151e+01 2.279400000000000315e+00 1.510800000000000143e+00
0.000000000000000000e+00 0.000000000000000000e+00 0.000000000000000000e+00
0.000000000000000000e+00 0.000000000000000000e+00 0.000000000000000000e+00
3.655499999999999972e+01 3.417399999999999771e+00 3.176599999999999646e+00
0.000000000000000000e+00 0.000000000000000000e+00 0.000000000000000000e+00
0.000000000000000000e+00 0.000000000000000000e+00 0.000000000000000000e+00
0.000000000000000000e+00 0.000000000000000000e+00 0.000000000000000000e+00
0.000000000000000000e+00 0.000000000000000000e+00 0.000000000000000000e+00
4.040180000000000149e+01 1.179499999999999771e+00 1.206900000000000084e+00
1.424810000000000088e+01 3.057850000000000179e+01 2.988400000000000034e+01
0.000000000000000000e+00 0.000000000000000000e+00 0.000000000000000000e+00
1.149089999999999989e+01 2.145550000000000068e+01 4.604600000000000470e+00
1.814709999999999823e+01 1.018229999999999968e+01 1.150629999999999953e+01
2.074199999999999822e+00 1.075599999999999890e+00 2.796080000000000254e+01
1.086379999999999946e+01 5.952600000000000335e+00 3.217170000000000130e+01
0.000000000000000000e+00 0.000000000000000000e+00 0.000000000000000000e+00
0.000000000000000000e+00 4.500000000000000000e+01 0.000000000000000000e+00
4.011299999999999955e+01 2.122799999999999798e+00 2.545199999999999907e+00
0.000000000000000000e+00 0.000000000000000000e+00 0.000000000000000000e+00
0.000000000000000000e+00 0.000000000000000000e+00 0.000000000000000000e+00
0.000000000000000000e+00 0.000000000000000000e+00 0.000000000000000000e+00
2.380100000000000193e+01 8.363900000000001000e+00 4.345200000000000173e+00
0.000000000000000000e+00 0.000000000000000000e+00 0.000000000000000000e+00
0.000000000000000000e+00 0.000000000000000000e+00 0.000000000000000000e+00
2.021599999999999842e+00 3.800000000000000000e+01 3.797719999999999629e+01
0.000000000000000000e+00 0.000000000000000000e+00 0.000000000000000000e+00
0.000000000000000000e+00 0.000000000000000000e+00 0.000000000000000000e+00
2.089460000000000051e+01 2.724180000000000135e+01 2.222269999999999968e+01
0.000000000000000000e+00 0.000000000000000000e+00 0.000000000000000000e+00
4.041599999999999859e+00 3.599360000000000070e+01 3.594600000000000506e+01
0.000000000000000000e+00 0.000000000000000000e+00 0.000000000000000000e+00
1.221659999999999968e+01 8.516000000000000014e+00 1.889599999999999946e+00
0.000000000000000000e+00 0.000000000000000000e+00 0.000000000000000000e+00
8.000000000000000000e+00 3.989600000000000080e+01 0.000000000000000000e+00
0.000000000000000000e+00 0.000000000000000000e+00 0.000000000000000000e+00
4.478350000000001074e+01 9.003999999999998671e-01 9.537999999999999812e-01
0.000000000000000000e+00 0.000000000000000000e+00 0.000000000000000000e+00
6.625999999999999446e+00 1.625999999999999890e+00 1.992799999999999727e+01
3.933559999999999945e+01 2.028599999999999959e+00 1.428300000000000125e+00
1.817220000000000368e+01 3.107039999999999935e+01 2.969280000000000186e+01
0.000000000000000000e+00 0.000000000000000000e+00 0.000000000000000000e+00
0.000000000000000000e+00 0.000000000000000000e+00 0.000000000000000000e+00
2.157639999999999958e+01 9.235599999999999810e+00 4.786799999999999500e+00
3.099239999999999640e+01 8.029500000000000526e+00 2.361600000000000144e+00
0.000000000000000000e+00 0.000000000000000000e+00 0.000000000000000000e+00
0.000000000000000000e+00 0.000000000000000000e+00 0.000000000000000000e+00
0.000000000000000000e+00 0.000000000000000000e+00 0.000000000000000000e+00
2.334540000000000148e+01 4.131599999999999717e+00 2.281499999999999861e+00
1.998700000000000143e+00 1.000000000000000000e+00 4.793760000000000332e+01
0.000000000000000000e+00 0.000000000000000000e+00 0.000000000000000000e+00
0.000000000000000000e+00 0.000000000000000000e+00 0.000000000000000000e+00
0.000000000000000000e+00 0.000000000000000000e+00 0.000000000000000000e+00
4.022959999999999781e+01 3.805200000000000138e+00 5.512000000000000233e-01
0.000000000000000000e+00 0.000000000000000000e+00 0.000000000000000000e+00
0.000000000000000000e+00 0.000000000000000000e+00 0.000000000000000000e+00
5.000000000000000000e+00 3.997599999999999909e+01 0.000000000000000000e+00
0.000000000000000000e+00 0.000000000000000000e+00 0.000000000000000000e+00
2.596959999999999980e+01 1.165860000000000163e+01 0.000000000000000000e+00
1.077519999999999811e+01 2.740769999999999840e+01 2.564799999999999969e+00
0.000000000000000000e+00 0.000000000000000000e+00 0.000000000000000000e+00
0.000000000000000000e+00 0.000000000000000000e+00 0.000000000000000000e+00
0.000000000000000000e+00 0.000000000000000000e+00 0.000000000000000000e+00
2.038879999999999981e+01 8.422100000000000364e+00 6.724000000000000199e+00
0.000000000000000000e+00 0.000000000000000000e+00 0.000000000000000000e+00
4.397870000000000346e+01 1.113099999999999978e+00 5.023999999999999577e-01
0.000000000000000000e+00 0.000000000000000000e+00 0.000000000000000000e+00
4.386029999999999518e+01 1.565100000000000158e+00 8.358999999999999764e-01
4.515800000000000125e+01 1.350800000000000001e+00 3.695999999999999841e-01
2.065399999999999991e+01 7.362400000000000055e+00 1.685200000000000031e+01
0.000000000000000000e+00 0.000000000000000000e+00 0.000000000000000000e+00
3.454500000000000171e+01 3.626900000000000013e+00 3.615300000000000402e+00
2.000000000000000000e+00 4.300000000000000000e+01 0.000000000000000000e+00
4.256009999999999138e+01 2.748900000000000343e+00 1.596600000000000019e+00
3.933559999999999945e+01 2.028599999999999959e+00 1.428300000000000125e+00
0.000000000000000000e+00 0.000000000000000000e+00 0.000000000000000000e+00
0.000000000000000000e+00 0.000000000000000000e+00 0.000000000000000000e+00
4.387660000000001048e+01 2.000999999999999890e+00 6.389999999999999847e-02
0.000000000000000000e+00 0.000000000000000000e+00 0.000000000000000000e+00
0.000000000000000000e+00 0.000000000000000000e+00 0.000000000000000000e+00
1.000000000000000000e+00 4.500000000000000000e+01 0.000000000000000000e+00
1.752260000000000062e+01 1.621900000000000119e+01 2.823199999999999932e+00
0.000000000000000000e+00 0.000000000000000000e+00 0.000000000000000000e+00
0.000000000000000000e+00 0.000000000000000000e+00 0.000000000000000000e+00
0.000000000000000000e+00 0.000000000000000000e+00 0.000000000000000000e+00
0.000000000000000000e+00 0.000000000000000000e+00 0.000000000000000000e+00
0.000000000000000000e+00 0.000000000000000000e+00 0.000000000000000000e+00
0.000000000000000000e+00 0.000000000000000000e+00 0.000000000000000000e+00
1.302639999999999887e+01 3.658959999999999724e+01 3.634139999999999304e+01
0.000000000000000000e+00 0.000000000000000000e+00 0.000000000000000000e+00
4.636570000000001102e+01 7.853000000000001091e-01 2.816000000000000170e-01
1.009100000000000108e+01 1.086099999999999843e+00 2.780120000000000147e+01
0.000000000000000000e+00 0.000000000000000000e+00 0.000000000000000000e+00
0.000000000000000000e+00 0.000000000000000000e+00 0.000000000000000000e+00
0.000000000000000000e+00 0.000000000000000000e+00 0.000000000000000000e+00
5.129000000000000448e+00 4.151399999999999757e+00 1.780020000000000024e+01
5.033300000000000551e+00 3.697679999999999723e+01 1.799999999999999951e-03
0.000000000000000000e+00 0.000000000000000000e+00 0.000000000000000000e+00
8.689200000000001367e+00 2.584290000000000020e+01 1.290000000000000036e+00
0.000000000000000000e+00 0.000000000000000000e+00 0.000000000000000000e+00
0.000000000000000000e+00 0.000000000000000000e+00 0.000000000000000000e+00
3.762039999999998940e+01 3.486899999999999888e+00 1.391599999999999948e+00
4.121800000000000352e+00 3.299129999999999541e+01 3.285150000000000148e+01
9.648900000000001143e+00 2.087859999999999872e+01 2.256499999999999950e+00
7.142399999999998528e+00 3.274560000000000315e+01 6.160000000000000198e-02
0.000000000000000000e+00 0.000000000000000000e+00 0.000000000000000000e+00
0.000000000000000000e+00 0.000000000000000000e+00 0.000000000000000000e+00
4.163479999999999848e+01 2.472999999999999865e+00 3.245999999999999996e-01
0.000000000000000000e+00 0.000000000000000000e+00 0.000000000000000000e+00
6.993500000000000050e+00 4.019000000000000128e+00 2.276079999999999970e+01
4.199769999999998760e+01 1.934500000000000108e+00 1.612800000000000011e+00
0.000000000000000000e+00 0.000000000000000000e+00 0.000000000000000000e+00
3.301330000000000098e+01 3.273500000000000298e+00 1.643000000000000016e+00
0.000000000000000000e+00 0.000000000000000000e+00 0.000000000000000000e+00
0.000000000000000000e+00 0.000000000000000000e+00 0.000000000000000000e+00
0.000000000000000000e+00 0.000000000000000000e+00 0.000000000000000000e+00
0.000000000000000000e+00 0.000000000000000000e+00 0.000000000000000000e+00
0.000000000000000000e+00 0.000000000000000000e+00 0.000000000000000000e+00
0.000000000000000000e+00 0.000000000000000000e+00 0.000000000000000000e+00
4.244970000000000709e+01 2.810500000000000220e+00 3.652000000000000246e-01
3.627609999999999957e+01 4.830000000000000071e+00 6.969000000000000750e-01
0.000000000000000000e+00 0.000000000000000000e+00 0.000000000000000000e+00
2.000000000000000000e+00 4.500000000000000000e+01 0.000000000000000000e+00
1.889789999999999992e+01 9.745799999999999130e+00 2.107679999999999865e+01
0.000000000000000000e+00 0.000000000000000000e+00 0.000000000000000000e+00
0.000000000000000000e+00 0.000000000000000000e+00 0.000000000000000000e+00
0.000000000000000000e+00 0.000000000000000000e+00 0.000000000000000000e+00
0.000000000000000000e+00 0.000000000000000000e+00 0.000000000000000000e+00
2.050900000000000034e+01 1.332989999999999853e+01 1.579199999999999982e+01
2.768929999999999936e+01 3.877899999999999903e+00 1.066660000000000075e+01
4.781319999999999482e+01 1.567999999999999949e-01 1.205999999999999989e-01
0.000000000000000000e+00 0.000000000000000000e+00 0.000000000000000000e+00
4.086360000000000525e+01 2.621100000000000207e+00 1.238999999999999962e-01
0.000000000000000000e+00 0.000000000000000000e+00 0.000000000000000000e+00
0.000000000000000000e+00 0.000000000000000000e+00 0.000000000000000000e+00
0.000000000000000000e+00 0.000000000000000000e+00 0.000000000000000000e+00
0.000000000000000000e+00 0.000000000000000000e+00 0.000000000000000000e+00
4.673519999999999897e+01 4.548099999999999454e+01 6.622000000000000108e-01
0.000000000000000000e+00 0.000000000000000000e+00 0.000000000000000000e+00
0.000000000000000000e+00 0.000000000000000000e+00 0.000000000000000000e+00
5.022800000000000153e+00 3.796840000000000259e+01 4.799999999999999580e-03
3.000000000000000000e+00 4.400000000000000000e+01 0.000000000000000000e+00
0.000000000000000000e+00 0.000000000000000000e+00 0.000000000000000000e+00
0.000000000000000000e+00 0.000000000000000000e+00 0.000000000000000000e+00
0.000000000000000000e+00 0.000000000000000000e+00 0.000000000000000000e+00
0.000000000000000000e+00 0.000000000000000000e+00 0.000000000000000000e+00
1.007859999999999978e+01 3.082200000000000273e+00 2.769480000000000075e+01
2.021599999999999842e+00 3.800000000000000000e+01 3.797719999999999629e+01
3.682070000000000221e+01 3.459499999999999797e+00 1.315799999999999859e+00
0.000000000000000000e+00 0.000000000000000000e+00 0.000000000000000000e+00
1.830740000000000123e+01 1.041140000000000043e+01 1.404640000000000022e+01
0.000000000000000000e+00 0.000000000000000000e+00 0.000000000000000000e+00
4.872850000000000392e+01 3.638000000000000123e-01 1.142999999999999988e-01
0.000000000000000000e+00 0.000000000000000000e+00 0.000000000000000000e+00
0.000000000000000000e+00 0.000000000000000000e+00 0.000000000000000000e+00
0.000000000000000000e+00 0.000000000000000000e+00 0.000000000000000000e+00
0.000000000000000000e+00 0.000000000000000000e+00 0.000000000000000000e+00
0.000000000000000000e+00 0.000000000000000000e+00 0.000000000000000000e+00
0.000000000000000000e+00 0.000000000000000000e+00 0.000000000000000000e+00
4.585349999999999682e+01 1.325999999999999845e+00 5.940000000000000835e-01
4.090550000000000352e+01 3.986699999999999910e+00 1.832999999999999963e+00
9.242800000000000793e+00 5.289900000000000269e+00 2.941200000000000259e+00
0.000000000000000000e+00 0.000000000000000000e+00 0.000000000000000000e+00
0.000000000000000000e+00 0.000000000000000000e+00 0.000000000000000000e+00
1.625440000000000040e+01 3.039310000000000045e+01 2.937869999999999848e+01
4.498799999999999955e+01 7.170000000000000817e-01 0.000000000000000000e+00
0.000000000000000000e+00 0.000000000000000000e+00 0.000000000000000000e+00
4.000000000000000000e+00 4.599580000000000268e+01 4.599540000000000362e+01
2.207150000000000034e+01 5.571300000000000807e+00 1.932240000000000180e+01
0.000000000000000000e+00 0.000000000000000000e+00 0.000000000000000000e+00
1.657750000000000057e+01 1.609759999999999991e+01 5.020399999999999530e+00
0.000000000000000000e+00 0.000000000000000000e+00 0.000000000000000000e+00
2.992999999999999883e+00 2.000000000000000000e+00 3.188800000000000168e+01
0.000000000000000000e+00 0.000000000000000000e+00 0.000000000000000000e+00
0.000000000000000000e+00 0.000000000000000000e+00 0.000000000000000000e+00
3.434939999999999571e+01 6.489600000000000257e+00 1.677000000000000046e+00
1.386739999999999995e+01 5.872200000000000308e+00 0.000000000000000000e+00
1.375830000000000020e+01 2.707489999999999952e+01 5.075999999999999401e-01
0.000000000000000000e+00 0.000000000000000000e+00 0.000000000000000000e+00
0.000000000000000000e+00 0.000000000000000000e+00 0.000000000000000000e+00
0.000000000000000000e+00 0.000000000000000000e+00 0.000000000000000000e+00
3.573840000000000572e+01 1.428799999999999848e+00 5.020000000000000018e-01
0.000000000000000000e+00 0.000000000000000000e+00 0.000000000000000000e+00
0.000000000000000000e+00 0.000000000000000000e+00 0.000000000000000000e+00
1.299649999999999750e+01 8.203500000000000014e+00 2.840999999999999748e+00
2.473699999999999832e+01 5.009399999999999409e+00 1.256219999999999892e+01
9.851299999999998391e+00 2.679380000000000095e+01 1.794000000000000039e-01
0.000000000000000000e+00 0.000000000000000000e+00 0.000000000000000000e+00
0.000000000000000000e+00 0.000000000000000000e+00 0.000000000000000000e+00
0.000000000000000000e+00 0.000000000000000000e+00 0.000000000000000000e+00
0.000000000000000000e+00 0.000000000000000000e+00 0.000000000000000000e+00
0.000000000000000000e+00 0.000000000000000000e+00 0.000000000000000000e+00
0.000000000000000000e+00 4.900000000000000000e+01 0.000000000000000000e+00
0.000000000000000000e+00 0.000000000000000000e+00 0.000000000000000000e+00
0.000000000000000000e+00 0.000000000000000000e+00 0.000000000000000000e+00
0.000000000000000000e+00 0.000000000000000000e+00 0.000000000000000000e+00
0.000000000000000000e+00 0.000000000000000000e+00 0.000000000000000000e+00
0.000000000000000000e+00 0.000000000000000000e+00 0.000000000000000000e+00
0.000000000000000000e+00 0.000000000000000000e+00 0.000000000000000000e+00
3.681860000000000355e+01 3.312000000000000277e+00 2.195999999999999897e-01
1.509180000000000099e+01 3.245640000000000214e+01 3.188129999999999953e+01
0.000000000000000000e+00 0.000000000000000000e+00 0.000000000000000000e+00
3.861739999999999640e+01 4.657399999999999984e+00 1.921699999999999964e+00
0.000000000000000000e+00 0.000000000000000000e+00 0.000000000000000000e+00
0.000000000000000000e+00 0.000000000000000000e+00 0.000000000000000000e+00
0.000000000000000000e+00 0.000000000000000000e+00 0.000000000000000000e+00
0.000000000000000000e+00 0.000000000000000000e+00 0.000000000000000000e+00
0.000000000000000000e+00 0.000000000000000000e+00 0.000000000000000000e+00
0.000000000000000000e+00 0.000000000000000000e+00 0.000000000000000000e+00
0.000000000000000000e+00 0.000000000000000000e+00 0.000000000000000000e+00
0.000000000000000000e+00 0.000000000000000000e+00 0.000000000000000000e+00
0.000000000000000000e+00 0.000000000000000000e+00 0.000000000000000000e+00
1.728739999999999810e+01 1.797550000000000026e+01 5.542200000000000237e+00
1.431879999999999953e+01 1.491310000000000002e+01 6.989399999999999835e+00
9.298600000000000421e+00 8.565300000000000580e+00 1.041699999999999982e+01
0.000000000000000000e+00 0.000000000000000000e+00 0.000000000000000000e+00
0.000000000000000000e+00 0.000000000000000000e+00 0.000000000000000000e+00
1.530779999999999852e+01 6.235099999999999199e+00 2.102759999999999962e+01
5.000000000000000000e+00 4.497299999999999898e+01 0.000000000000000000e+00
0.000000000000000000e+00 4.800000000000000000e+01 0.000000000000000000e+00
1.513120000000000154e+01 7.130899999999999572e+00 2.849699999999999900e+00
1.336890000000000001e+01 1.568570000000000064e+01 9.668100000000000804e+00
1.394240000000000101e+01 2.242379999999999995e+01 5.464500000000000135e+00
4.373309999999999320e+01 2.047500000000000320e+00 1.976999999999999869e-01
4.126579999999999870e+01 1.985800000000000010e+00 5.789999999999999591e-01
0.000000000000000000e+00 0.000000000000000000e+00 0.000000000000000000e+00
0.000000000000000000e+00 0.000000000000000000e+00 0.000000000000000000e+00
8.000000000000000000e+00 3.991680000000000206e+01 3.989600000000000080e+01
0.000000000000000000e+00 0.000000000000000000e+00 0.000000000000000000e+00
0.000000000000000000e+00 0.000000000000000000e+00 0.000000000000000000e+00
0.000000000000000000e+00 0.000000000000000000e+00 0.000000000000000000e+00
0.000000000000000000e+00 0.000000000000000000e+00 0.000000000000000000e+00
0.000000000000000000e+00 0.000000000000000000e+00 0.000000000000000000e+00
0.000000000000000000e+00 0.000000000000000000e+00 0.000000000000000000e+00
2.584930000000000661e+01 3.762999999999999901e+00 4.544399999999999551e+00
0.000000000000000000e+00 0.000000000000000000e+00 0.000000000000000000e+00
2.373460000000000036e+01 1.038010000000000055e+01 7.058999999999999719e-01
0.000000000000000000e+00 0.000000000000000000e+00 0.000000000000000000e+00
0.000000000000000000e+00 0.000000000000000000e+00 0.000000000000000000e+00
4.581530000000000058e+01 7.582999999999999741e-01 1.607999999999999985e-01
0.000000000000000000e+00 0.000000000000000000e+00 0.000000000000000000e+00
0.000000000000000000e+00 0.000000000000000000e+00 0.000000000000000000e+00
0.000000000000000000e+00 0.000000000000000000e+00 0.000000000000000000e+00
1.029200000000000159e+01 3.146839999999999904e+01 1.092000000000000054e-01
0.000000000000000000e+00 0.000000000000000000e+00 0.000000000000000000e+00
0.000000000000000000e+00 0.000000000000000000e+00 0.000000000000000000e+00
3.677009999999999224e+01 6.013999999999999346e-01 4.454000000000000181e-01
0.000000000000000000e+00 0.000000000000000000e+00 0.000000000000000000e+00
0.000000000000000000e+00 0.000000000000000000e+00 0.000000000000000000e+00
0.000000000000000000e+00 0.000000000000000000e+00 0.000000000000000000e+00
0.000000000000000000e+00 0.000000000000000000e+00 0.000000000000000000e+00
0.000000000000000000e+00 0.000000000000000000e+00 0.000000000000000000e+00
3.000000000000000000e+00 4.200000000000000000e+01 0.000000000000000000e+00
2.983210000000000051e+01 3.193699999999999761e+00 4.615000000000000213e-01
0.000000000000000000e+00 0.000000000000000000e+00 0.000000000000000000e+00
0.000000000000000000e+00 0.000000000000000000e+00 0.000000000000000000e+00
5.802700000000000635e+00 2.928190000000000026e+01 1.342500000000000027e+00
0.000000000000000000e+00 0.000000000000000000e+00 0.000000000000000000e+00
0.000000000000000000e+00 0.000000000000000000e+00 0.000000000000000000e+00
0.000000000000000000e+00 0.000000000000000000e+00 0.000000000000000000e+00
1.540939999999999976e+01 1.711820000000000164e+01 9.988500000000000156e+00
3.942430000000000234e+01 2.123000000000000220e+00 2.026699999999999946e+00
0.000000000000000000e+00 0.000000000000000000e+00 0.000000000000000000e+00
0.000000000000000000e+00 0.000000000000000000e+00 0.000000000000000000e+00
0.000000000000000000e+00 0.000000000000000000e+00 0.000000000000000000e+00
0.000000000000000000e+00 0.000000000000000000e+00 0.000000000000000000e+00
1.000000000000000000e+00 4.200000000000000000e+01 4.200000000000000000e+01
4.000000000000000000e+00 4.499549999999999983e+01 0.000000000000000000e+00
0.000000000000000000e+00 0.000000000000000000e+00 0.000000000000000000e+00
0.000000000000000000e+00 0.000000000000000000e+00 0.000000000000000000e+00
0.000000000000000000e+00 0.000000000000000000e+00 0.000000000000000000e+00
0.000000000000000000e+00 0.000000000000000000e+00 0.000000000000000000e+00
0.000000000000000000e+00 0.000000000000000000e+00 0.000000000000000000e+00
0.000000000000000000e+00 0.000000000000000000e+00 0.000000000000000000e+00
0.000000000000000000e+00 0.000000000000000000e+00 0.000000000000000000e+00
0.000000000000000000e+00 0.000000000000000000e+00 0.000000000000000000e+00
4.311840000000000117e+01 1.893600000000000172e+00 1.241600000000000037e+00
6.011000000000001009e+00 2.016399999999999970e+00 2.988599999999999923e+01
0.000000000000000000e+00 0.000000000000000000e+00 0.000000000000000000e+00
0.000000000000000000e+00 0.000000000000000000e+00 0.000000000000000000e+00
0.000000000000000000e+00 0.000000000000000000e+00 0.000000000000000000e+00
1.861080000000000112e+01 3.401800000000000157e+00 2.035440000000000182e+01
0.000000000000000000e+00 0.000000000000000000e+00 0.000000000000000000e+00
0.000000000000000000e+00 0.000000000000000000e+00 0.000000000000000000e+00
8.006199999999999761e+00 3.891939999999999600e+01 3.889079999999999870e+01
0.000000000000000000e+00 0.000000000000000000e+00 0.000000000000000000e+00
0.000000000000000000e+00 0.000000000000000000e+00 0.000000000000000000e+00
0.000000000000000000e+00 0.000000000000000000e+00 0.000000000000000000e+00
0.000000000000000000e+00 0.000000000000000000e+00 0.000000000000000000e+00
1.472199999999999953e+01 2.349299999999999855e+01 1.565499999999999892e+00
9.734799999999999898e+00 6.823699999999999655e+00 1.356320000000000014e+01
0.000000000000000000e+00 0.000000000000000000e+00 0.000000000000000000e+00
4.666400000000000148e+01 8.663999999999999480e-01 1.871999999999999775e-01
5.050400000000000666e+00 3.582639999999999958e+01 2.800000000000000058e-02
0.000000000000000000e+00 0.000000000000000000e+00 0.000000000000000000e+00
0.000000000000000000e+00 0.000000000000000000e+00 0.000000000000000000e+00
0.000000000000000000e+00 0.000000000000000000e+00 0.000000000000000000e+00
4.496920000000000783e+01 1.062599999999999989e+00 0.000000000000000000e+00
5.100199999999999179e+00 3.374740000000000606e+01 5.399999999999999939e-02
1.166720000000000113e+01 5.695199999999999818e+00 1.949000000000000199e+01
0.000000000000000000e+00 0.000000000000000000e+00 0.000000000000000000e+00
0.000000000000000000e+00 0.000000000000000000e+00 0.000000000000000000e+00
0.000000000000000000e+00 0.000000000000000000e+00 0.000000000000000000e+00
0.000000000000000000e+00 0.000000000000000000e+00 0.000000000000000000e+00
8.741999999999997328e+00 8.072400000000000020e+00 2.767180000000000106e+01
0.000000000000000000e+00 0.000000000000000000e+00 0.000000000000000000e+00
2.967449999999999832e+01 7.624100000000000321e+00 1.824799999999999978e+00
0.000000000000000000e+00 0.000000000000000000e+00 0.000000000000000000e+00
0.000000000000000000e+00 0.000000000000000000e+00 0.000000000000000000e+00
1.568119999999999870e+01 1.979820000000000135e+01 1.538400000000000212e+00
0.000000000000000000e+00 0.000000000000000000e+00 0.000000000000000000e+00
0.000000000000000000e+00 0.000000000000000000e+00 0.000000000000000000e+00
1.424810000000000088e+01 3.057850000000000179e+01 2.988400000000000034e+01
0.000000000000000000e+00 0.000000000000000000e+00 0.000000000000000000e+00
0.000000000000000000e+00 0.000000000000000000e+00 0.000000000000000000e+00
0.000000000000000000e+00 0.000000000000000000e+00 0.000000000000000000e+00
0.000000000000000000e+00 0.000000000000000000e+00 0.000000000000000000e+00
0.000000000000000000e+00 0.000000000000000000e+00 0.000000000000000000e+00
0.000000000000000000e+00 0.000000000000000000e+00 0.000000000000000000e+00
0.000000000000000000e+00 0.000000000000000000e+00 0.000000000000000000e+00
1.595340000000000025e+01 7.991099999999999426e+00 1.779350000000000165e+01
0.000000000000000000e+00 0.000000000000000000e+00 0.000000000000000000e+00
0.000000000000000000e+00 0.000000000000000000e+00 0.000000000000000000e+00
1.352560000000000251e+01 8.822099999999998943e+00 1.875999999999999801e+01
0.000000000000000000e+00 0.000000000000000000e+00 0.000000000000000000e+00
0.000000000000000000e+00 0.000000000000000000e+00 0.000000000000000000e+00
0.000000000000000000e+00 0.000000000000000000e+00 0.000000000000000000e+00
0.000000000000000000e+00 0.000000000000000000e+00 0.000000000000000000e+00
0.000000000000000000e+00 0.000000000000000000e+00 0.000000000000000000e+00
0.000000000000000000e+00 0.000000000000000000e+00 0.000000000000000000e+00
5.019800000000000040e+00 3.798019999999999641e+01 3.795439999999999969e+01
3.065559999999999974e+01 2.409999999999999698e+00 8.518000000000000016e-01
4.264620000000000744e+01 1.637800000000000145e+00 1.569599999999999884e+00
0.000000000000000000e+00 0.000000000000000000e+00 0.000000000000000000e+00
3.141400000000000148e+01 5.332000000000000739e+00 5.777999999999999581e+00
0.000000000000000000e+00 0.000000000000000000e+00 0.000000000000000000e+00
0.000000000000000000e+00 0.000000000000000000e+00 0.000000000000000000e+00
2.148300000000000409e+01 7.978500000000000369e+00 2.028249999999999886e+01
0.000000000000000000e+00 0.000000000000000000e+00 0.000000000000000000e+00
0.000000000000000000e+00 0.000000000000000000e+00 0.000000000000000000e+00
0.000000000000000000e+00 0.000000000000000000e+00 0.000000000000000000e+00
0.000000000000000000e+00 0.000000000000000000e+00 0.000000000000000000e+00
0.000000000000000000e+00 0.000000000000000000e+00 0.000000000000000000e+00
0.000000000000000000e+00 0.000000000000000000e+00 0.000000000000000000e+00
2.033300000000000107e+00 3.688040000000000163e+01 2.069999999999999965e-02
0.000000000000000000e+00 0.000000000000000000e+00 0.000000000000000000e+00
4.988320000000000221e+01 4.950300000000000011e+01 6.160000000000000198e-02
0.000000000000000000e+00 0.000000000000000000e+00 0.000000000000000000e+00
3.000000000000000000e+00 4.100000000000000000e+01 0.000000000000000000e+00
0.000000000000000000e+00 0.000000000000000000e+00 0.000000000000000000e+00
3.000000000000000000e+00 4.300000000000000000e+01 4.300000000000000000e+01
8.000000000000000000e+00 3.989600000000000080e+01 0.000000000000000000e+00
8.017999999999998906e+00 3.792199999999999704e+01 3.787839999999999918e+01
0.000000000000000000e+00 0.000000000000000000e+00 0.000000000000000000e+00
0.000000000000000000e+00 0.000000000000000000e+00 0.000000000000000000e+00
0.000000000000000000e+00 0.000000000000000000e+00 0.000000000000000000e+00
0.000000000000000000e+00 0.000000000000000000e+00 0.000000000000000000e+00
3.277050000000000551e+01 5.017700000000000493e+00 5.693299999999999805e+00
3.228000000000000203e+00 2.234199999999999964e+00 2.191199999999999903e+01
4.000000000000000000e+00 4.399560000000000315e+01 0.000000000000000000e+00
0.000000000000000000e+00 0.000000000000000000e+00 0.000000000000000000e+00
3.040310000000000201e+01 5.694000000000000838e+00 4.719000000000000306e+00
0.000000000000000000e+00 0.000000000000000000e+00 0.000000000000000000e+00
0.000000000000000000e+00 0.000000000000000000e+00 0.000000000000000000e+00
4.169230000000000302e+01 2.560400000000000009e+00 1.818999999999999950e+00
1.000000000000000000e+00 0.000000000000000000e+00 4.300000000000000000e+01
3.388689999999999714e+01 6.778700000000000614e+00 8.816999999999999282e-01
7.000000000000000000e+00 3.995050000000000523e+01 3.994000000000000483e+01
0.000000000000000000e+00 0.000000000000000000e+00 0.000000000000000000e+00
0.000000000000000000e+00 0.000000000000000000e+00 0.000000000000000000e+00
4.266769999999999641e+01 2.423000000000000043e+00 2.594999999999999529e-01
0.000000000000000000e+00 0.000000000000000000e+00 0.000000000000000000e+00
0.000000000000000000e+00 0.000000000000000000e+00 0.000000000000000000e+00
7.098600000000000243e+00 3.393869999999999720e+01 8.699999999999999400e-03
0.000000000000000000e+00 0.000000000000000000e+00 0.000000000000000000e+00
3.919850000000000989e+01 6.295000000000000595e-01 8.129999999999999449e-01
0.000000000000000000e+00 0.000000000000000000e+00 0.000000000000000000e+00
0.000000000000000000e+00 0.000000000000000000e+00 0.000000000000000000e+00
4.267609999999999815e+01 2.558500000000000441e+00 6.887999999999999678e-01
0.000000000000000000e+00 0.000000000000000000e+00 0.000000000000000000e+00
1.214800000000000146e+01 3.174800000000000111e+01 3.137279999999999802e+01
0.000000000000000000e+00 0.000000000000000000e+00 0.000000000000000000e+00
0.000000000000000000e+00 0.000000000000000000e+00 0.000000000000000000e+00
0.000000000000000000e+00 0.000000000000000000e+00 0.000000000000000000e+00
0.000000000000000000e+00 0.000000000000000000e+00 0.000000000000000000e+00
6.000000000000000000e+00 4.296560000000000201e+01 0.000000000000000000e+00
0.000000000000000000e+00 0.000000000000000000e+00 0.000000000000000000e+00
0.000000000000000000e+00 0.000000000000000000e+00 0.000000000000000000e+00
0.000000000000000000e+00 0.000000000000000000e+00 0.000000000000000000e+00
1.646780000000000044e+01 2.081449999999999889e+01 6.301400000000000112e+00
2.478059999999999974e+01 9.583800000000000097e+00 1.337800000000000100e+00
0.000000000000000000e+00 0.000000000000000000e+00 0.000000000000000000e+00
8.960000000000000853e+00 3.982400000000000162e+00 3.459049999999999869e+01
4.899080000000000723e+01 3.585000000000000409e-01 2.033999999999999975e-01
0.000000000000000000e+00 0.000000000000000000e+00 0.000000000000000000e+00
0.000000000000000000e+00 0.000000000000000000e+00 0.000000000000000000e+00
0.000000000000000000e+00 0.000000000000000000e+00 0.000000000000000000e+00
1.100839999999999996e+01 3.875639999999999930e+01 3.864900000000000091e+01
0.000000000000000000e+00 0.000000000000000000e+00 0.000000000000000000e+00
1.417939999999999934e+01 2.305720000000000169e+01 3.330000000000000071e+00
0.000000000000000000e+00 0.000000000000000000e+00 0.000000000000000000e+00
4.233779999999999433e+01 2.388199999999999878e+00 1.770800000000000152e+00
0.000000000000000000e+00 0.000000000000000000e+00 0.000000000000000000e+00
0.000000000000000000e+00 0.000000000000000000e+00 0.000000000000000000e+00
7.415199999999999569e+00 2.413300000000000001e+00 2.088240000000000052e+01
9.003099999999999881e+00 3.986359999999999815e+01 3.982000000000000028e+01
0.000000000000000000e+00 0.000000000000000000e+00 0.000000000000000000e+00
3.588359999999999417e+01 5.726799999999999891e+00 9.667999999999999927e-01
0.000000000000000000e+00 0.000000000000000000e+00 0.000000000000000000e+00
1.298170000000000002e+01 2.949300000000000033e+00 3.431400000000000006e+01
0.000000000000000000e+00 0.000000000000000000e+00 0.000000000000000000e+00
7.959999999999999964e+00 3.990000000000000213e+00 3.956799999999999784e+01
4.183440000000000225e+01 3.595599999999999685e+00 1.133000000000000007e+00
2.193250000000000099e+01 2.371689999999999898e+01 1.662959999999999994e+01
2.670649999999999835e+01 5.767199999999999882e+00 7.240800000000000125e+00
0.000000000000000000e+00 0.000000000000000000e+00 0.000000000000000000e+00
4.678600000000000314e+00 2.739760000000000062e+01 2.098199999999999843e+00
0.000000000000000000e+00 0.000000000000000000e+00 0.000000000000000000e+00
8.796699999999999520e+00 6.989200000000000301e+00 2.998939999999999984e+01
7.924500000000000099e+00 4.987500000000000711e+00 3.346620000000000061e+01
4.638449999999999562e+01 4.945999999999999841e-01 2.783999999999999808e-01
0.000000000000000000e+00 0.000000000000000000e+00 0.000000000000000000e+00
0.000000000000000000e+00 0.000000000000000000e+00 0.000000000000000000e+00
0.000000000000000000e+00 0.000000000000000000e+00 0.000000000000000000e+00
0.000000000000000000e+00 0.000000000000000000e+00 0.000000000000000000e+00
0.000000000000000000e+00 0.000000000000000000e+00 0.000000000000000000e+00
0.000000000000000000e+00 0.000000000000000000e+00 0.000000000000000000e+00
0.000000000000000000e+00 0.000000000000000000e+00 0.000000000000000000e+00
5.040000000000000036e-02 3.592050000000000409e+01 2.100000000000000130e-02
0.000000000000000000e+00 0.000000000000000000e+00 0.000000000000000000e+00
0.000000000000000000e+00 0.000000000000000000e+00 0.000000000000000000e+00
3.000000000000000000e+00 4.500000000000000000e+01 0.000000000000000000e+00
0.000000000000000000e+00 0.000000000000000000e+00 0.000000000000000000e+00
0.000000000000000000e+00 0.000000000000000000e+00 0.000000000000000000e+00
1.645139999999999958e+01 1.737899999999999778e+01 6.504999999999999893e+00
1.534069999999999823e+01 7.307100000000000151e+00 1.136880000000000024e+01
0.000000000000000000e+00 0.000000000000000000e+00 0.000000000000000000e+00
0.000000000000000000e+00 0.000000000000000000e+00 0.000000000000000000e+00
1.716590000000000060e+01 1.359580000000000055e+01 1.138899999999999935e+01
0.000000000000000000e+00 0.000000000000000000e+00 0.000000000000000000e+00
0.000000000000000000e+00 0.000000000000000000e+00 0.000000000000000000e+00
0.000000000000000000e+00 0.000000000000000000e+00 0.000000000000000000e+00
0.000000000000000000e+00 0.000000000000000000e+00 0.000000000000000000e+00
0.000000000000000000e+00 0.000000000000000000e+00 0.000000000000000000e+00
4.394500000000000028e+01 1.399199999999999999e+00 0.000000000000000000e+00
1.099319999999999986e+01 1.982599999999999918e+00 0.000000000000000000e+00
0.000000000000000000e+00 0.000000000000000000e+00 0.000000000000000000e+00
0.000000000000000000e+00 0.000000000000000000e+00 0.000000000000000000e+00
0.000000000000000000e+00 0.000000000000000000e+00 0.000000000000000000e+00
1.328979999999999961e+01 5.274200000000000443e+00 2.136199999999999832e+01
0.000000000000000000e+00 0.000000000000000000e+00 0.000000000000000000e+00
1.280259999999999820e+01 6.907600000000000406e+00 2.981889999999999930e+01
0.000000000000000000e+00 0.000000000000000000e+00 0.000000000000000000e+00
0.000000000000000000e+00 0.000000000000000000e+00 0.000000000000000000e+00
1.006250000000000178e+01 3.484499999999999886e+01 3.469549999999999557e+01
0.000000000000000000e+00 0.000000000000000000e+00 0.000000000000000000e+00
4.573239999999999839e+01 4.294999999999999929e-01 4.510000000000000120e-01
0.000000000000000000e+00 0.000000000000000000e+00 0.000000000000000000e+00
0.000000000000000000e+00 0.000000000000000000e+00 0.000000000000000000e+00
0.000000000000000000e+00 0.000000000000000000e+00 0.000000000000000000e+00
3.613460000000000605e+01 4.502200000000000202e+00 2.847599999999999909e+00
0.000000000000000000e+00 0.000000000000000000e+00 0.000000000000000000e+00
1.359259999999999913e+01 3.558799999999999741e+00 1.951799999999999979e+00
0.000000000000000000e+00 0.000000000000000000e+00 0.000000000000000000e+00
2.779500000000000171e+01 4.940999999999999837e+00 2.773499999999999854e+00
3.767569999999999908e+01 2.870100000000000318e+00 1.391599999999999948e+00
3.000000000000000000e+00 4.100000000000000000e+01 0.000000000000000000e+00
0.000000000000000000e+00 0.000000000000000000e+00 0.000000000000000000e+00
0.000000000000000000e+00 0.000000000000000000e+00 0.000000000000000000e+00
0.000000000000000000e+00 0.000000000000000000e+00 0.000000000000000000e+00
0.000000000000000000e+00 0.000000000000000000e+00 0.000000000000000000e+00
0.000000000000000000e+00 0.000000000000000000e+00 0.000000000000000000e+00
1.525050000000000061e+01 3.047749999999999915e+01 2.962979999999999592e+01
7.910499999999999865e+00 2.985719999999999885e+01 9.120000000000000329e-02
3.188009999999999877e+01 4.107400000000000162e+00 0.000000000000000000e+00
0.000000000000000000e+00 0.000000000000000000e+00 0.000000000000000000e+00
0.000000000000000000e+00 0.000000000000000000e+00 0.000000000000000000e+00
9.391199999999999548e+00 6.470399999999999707e+00 1.458450000000000024e+01
0.000000000000000000e+00 0.000000000000000000e+00 0.000000000000000000e+00
0.000000000000000000e+00 4.900000000000000000e+01 0.000000000000000000e+00
0.000000000000000000e+00 0.000000000000000000e+00 0.000000000000000000e+00
0.000000000000000000e+00 0.000000000000000000e+00 0.000000000000000000e+00
4.000000000000000000e+00 4.199580000000000268e+01 0.000000000000000000e+00
1.652769999999999939e+01 9.684000000000001052e+00 1.365300000000000047e+01
0.000000000000000000e+00 0.000000000000000000e+00 0.000000000000000000e+00
0.000000000000000000e+00 0.000000000000000000e+00 0.000000000000000000e+00
4.975689999999999458e+01 4.936850000000000449e+01 8.690000000000000502e-02
0.000000000000000000e+00 0.000000000000000000e+00 0.000000000000000000e+00
0.000000000000000000e+00 0.000000000000000000e+00 0.000000000000000000e+00
4.693780000000000285e+01 8.322000000000000508e-01 5.500000000000000028e-02
2.074910000000000210e+01 1.066280000000000072e+01 2.090139999999999887e+01
0.000000000000000000e+00 0.000000000000000000e+00 0.000000000000000000e+00
2.086760000000000304e+01 1.114139999999999908e+01 3.164400000000000102e+00
0.000000000000000000e+00 0.000000000000000000e+00 0.000000000000000000e+00
0.000000000000000000e+00 0.000000000000000000e+00 0.000000000000000000e+00
4.022800000000000153e+00 3.797579999999999245e+01 7.199999999999999803e-03
0.000000000000000000e+00 0.000000000000000000e+00 0.000000000000000000e+00
0.000000000000000000e+00 0.000000000000000000e+00 0.000000000000000000e+00
7.026999999999999247e+00 3.695199999999999818e+01 3.690749999999999886e+01
4.745599999999999596e+00 2.890240000000000009e+01 1.913599999999999968e+00
0.000000000000000000e+00 0.000000000000000000e+00 0.000000000000000000e+00
0.000000000000000000e+00 0.000000000000000000e+00 0.000000000000000000e+00
0.000000000000000000e+00 0.000000000000000000e+00 0.000000000000000000e+00
0.000000000000000000e+00 0.000000000000000000e+00 0.000000000000000000e+00
1.276980000000000004e+01 2.718029999999999546e+01 1.335199999999999942e+00
1.548209999999999908e+01 1.644050000000000011e+01 1.194420000000000037e+01
4.062060000000000315e+01 1.046000000000000041e+00 1.036799999999999944e+00
0.000000000000000000e+00 0.000000000000000000e+00 0.000000000000000000e+00
7.998700000000000365e+00 9.973999999999999533e-01 3.587760000000000105e+01
2.391960000000000264e+01 4.219200000000000728e+00 8.824799999999999756e+00
0.000000000000000000e+00 0.000000000000000000e+00 0.000000000000000000e+00
0.000000000000000000e+00 0.000000000000000000e+00 0.000000000000000000e+00
0.000000000000000000e+00 0.000000000000000000e+00 0.000000000000000000e+00
6.924500000000000099e+00 4.992500000000000604e+00 3.839939999999999998e+01
0.000000000000000000e+00 0.000000000000000000e+00 0.000000000000000000e+00
3.050400000000000222e+00 3.593280000000000030e+01 1.959999999999999937e-02
9.416200000000001680e+00 5.438600000000000101e+00 8.817299999999999471e+00
7.000000000000000000e+00 4.093850000000000477e+01 0.000000000000000000e+00
1.209939999999999927e+01 1.088600000000000012e+00 2.763599999999999923e+01
0.000000000000000000e+00 0.000000000000000000e+00 0.000000000000000000e+00
0.000000000000000000e+00 0.000000000000000000e+00 0.000000000000000000e+00
0.000000000000000000e+00 0.000000000000000000e+00 0.000000000000000000e+00
2.000000000000000000e+00 4.500000000000000000e+01 4.500000000000000000e+01
0.000000000000000000e+00 0.000000000000000000e+00 0.000000000000000000e+00
3.000000000000000000e+00 4.500000000000000000e+01 0.000000000000000000e+00
3.511460000000000292e+01 7.092000000000000526e+00 1.542599999999999971e+00
0.000000000000000000e+00 0.000000000000000000e+00 0.000000000000000000e+00
0.000000000000000000e+00 0.000000000000000000e+00 0.000000000000000000e+00
0.000000000000000000e+00 0.000000000000000000e+00 0.000000000000000000e+00
0.000000000000000000e+00 0.000000000000000000e+00 0.000000000000000000e+00
0.000000000000000000e+00 0.000000000000000000e+00 0.000000000000000000e+00
0.000000000000000000e+00 0.000000000000000000e+00 0.000000000000000000e+00
0.000000000000000000e+00 0.000000000000000000e+00 0.000000000000000000e+00
0.000000000000000000e+00 0.000000000000000000e+00 0.000000000000000000e+00
0.000000000000000000e+00 0.000000000000000000e+00 0.000000000000000000e+00
9.835399999999999920e+00 2.227200000000000202e+01 4.501199999999999868e+00
1.000000000000000000e+00 4.000000000000000000e+01 0.000000000000000000e+00
0.000000000000000000e+00 0.000000000000000000e+00 0.000000000000000000e+00
0.000000000000000000e+00 0.000000000000000000e+00 0.000000000000000000e+00
0.000000000000000000e+00 0.000000000000000000e+00 0.000000000000000000e+00
0.000000000000000000e+00 0.000000000000000000e+00 0.000000000000000000e+00
0.000000000000000000e+00 0.000000000000000000e+00 0.000000000000000000e+00
0.000000000000000000e+00 0.000000000000000000e+00 0.000000000000000000e+00
0.000000000000000000e+00 0.000000000000000000e+00 0.000000000000000000e+00
1.525050000000000061e+01 3.047749999999999915e+01 2.962979999999999592e+01
0.000000000000000000e+00 0.000000000000000000e+00 0.000000000000000000e+00
1.413850000000000051e+01 2.948340000000000316e+01 2.738100000000000023e+01
1.062509999999999799e+01 1.017570000000000086e+01 6.444899999999999629e+00
3.875130000000000052e+01 4.130600000000000271e+00 1.035600000000000076e+00
0.000000000000000000e+00 0.000000000000000000e+00 0.000000000000000000e+00
8.848599999999999355e+00 2.702519999999999811e+01 1.719999999999999751e+00
0.000000000000000000e+00 0.000000000000000000e+00 0.000000000000000000e+00
0.000000000000000000e+00 0.000000000000000000e+00 0.000000000000000000e+00
0.000000000000000000e+00 0.000000000000000000e+00 0.000000000000000000e+00
0.000000000000000000e+00 0.000000000000000000e+00 0.000000000000000000e+00
0.000000000000000000e+00 0.000000000000000000e+00 0.000000000000000000e+00
0.000000000000000000e+00 0.000000000000000000e+00 0.000000000000000000e+00
0.000000000000000000e+00 0.000000000000000000e+00 0.000000000000000000e+00
0.000000000000000000e+00 0.000000000000000000e+00 0.000000000000000000e+00
0.000000000000000000e+00 0.000000000000000000e+00 0.000000000000000000e+00
0.000000000000000000e+00 0.000000000000000000e+00 0.000000000000000000e+00
0.000000000000000000e+00 0.000000000000000000e+00 0.000000000000000000e+00
2.544400000000000261e+01 7.528999999999999915e+00 9.832499999999999574e+00
0.000000000000000000e+00 0.000000000000000000e+00 0.000000000000000000e+00
0.000000000000000000e+00 0.000000000000000000e+00 0.000000000000000000e+00
4.149459999999999127e+01 3.405299999999999994e+00 2.326799999999999979e+00
2.200700000000000145e+01 9.061999999999999389e+00 1.414079999999999870e+01
0.000000000000000000e+00 0.000000000000000000e+00 0.000000000000000000e+00
0.000000000000000000e+00 0.000000000000000000e+00 0.000000000000000000e+00
0.000000000000000000e+00 0.000000000000000000e+00 0.000000000000000000e+00
0.000000000000000000e+00 0.000000000000000000e+00 0.000000000000000000e+00
0.000000000000000000e+00 0.000000000000000000e+00 0.000000000000000000e+00
0.000000000000000000e+00 0.000000000000000000e+00 0.000000000000000000e+00
0.000000000000000000e+00 0.000000000000000000e+00 0.000000000000000000e+00
0.000000000000000000e+00 0.000000000000000000e+00 0.000000000000000000e+00
0.000000000000000000e+00 0.000000000000000000e+00 0.000000000000000000e+00
0.000000000000000000e+00 0.000000000000000000e+00 0.000000000000000000e+00
0.000000000000000000e+00 0.000000000000000000e+00 0.000000000000000000e+00
0.000000000000000000e+00 0.000000000000000000e+00 0.000000000000000000e+00
5.492500000000000604e+00 1.496800000000000130e+00 2.492749999999999844e+01
0.000000000000000000e+00 0.000000000000000000e+00 0.000000000000000000e+00
0.000000000000000000e+00 0.000000000000000000e+00 0.000000000000000000e+00
0.000000000000000000e+00 0.000000000000000000e+00 0.000000000000000000e+00
0.000000000000000000e+00 0.000000000000000000e+00 0.000000000000000000e+00
0.000000000000000000e+00 0.000000000000000000e+00 0.000000000000000000e+00
0.000000000000000000e+00 0.000000000000000000e+00 0.000000000000000000e+00
0.000000000000000000e+00 0.000000000000000000e+00 0.000000000000000000e+00
0.000000000000000000e+00 0.000000000000000000e+00 0.000000000000000000e+00
0.000000000000000000e+00 0.000000000000000000e+00 0.000000000000000000e+00
0.000000000000000000e+00 0.000000000000000000e+00 0.000000000000000000e+00
1.000000000000000000e+00 4.700000000000000000e+01 0.000000000000000000e+00
1.417509999999999870e+01 9.438000000000000611e+00 1.112519999999999953e+01
0.000000000000000000e+00 0.000000000000000000e+00 0.000000000000000000e+00
0.000000000000000000e+00 0.000000000000000000e+00 0.000000000000000000e+00
0.000000000000000000e+00 0.000000000000000000e+00 0.000000000000000000e+00
0.000000000000000000e+00 0.000000000000000000e+00 0.000000000000000000e+00
2.300119999999999720e+01 9.074600000000000222e+00 1.500399999999999956e+00
4.975560000000000116e+01 9.940000000000000224e-02 8.690000000000000502e-02
0.000000000000000000e+00 0.000000000000000000e+00 0.000000000000000000e+00
1.206600000000000072e+01 3.373599999999999710e+01 3.350359999999999872e+01
0.000000000000000000e+00 0.000000000000000000e+00 0.000000000000000000e+00
2.000000000000000000e+00 4.700000000000000000e+01 0.000000000000000000e+00
1.567440000000000033e+01 7.731200000000000294e+00 0.000000000000000000e+00
1.209600000000000009e+01 2.079200000000000159e+00 2.761639999999999873e+01
0.000000000000000000e+00 0.000000000000000000e+00 0.000000000000000000e+00
0.000000000000000000e+00 0.000000000000000000e+00 0.000000000000000000e+00
0.000000000000000000e+00 0.000000000000000000e+00 0.000000000000000000e+00
0.000000000000000000e+00 0.000000000000000000e+00 0.000000000000000000e+00
1.082759999999999856e+01 9.265100000000000335e+00 2.810999999999999943e+00
0.000000000000000000e+00 0.000000000000000000e+00 0.000000000000000000e+00
0.000000000000000000e+00 0.000000000000000000e+00 0.000000000000000000e+00
2.000000000000000000e+00 4.300000000000000000e+01 0.000000000000000000e+00
0.000000000000000000e+00 0.000000000000000000e+00 0.000000000000000000e+00
0.000000000000000000e+00 0.000000000000000000e+00 0.000000000000000000e+00
1.242600000000000016e+01 6.460199999999999498e+00 1.450950000000000095e+01
0.000000000000000000e+00 0.000000000000000000e+00 0.000000000000000000e+00
0.000000000000000000e+00 0.000000000000000000e+00 0.000000000000000000e+00
0.000000000000000000e+00 0.000000000000000000e+00 0.000000000000000000e+00
0.000000000000000000e+00 0.000000000000000000e+00 0.000000000000000000e+00
0.000000000000000000e+00 0.000000000000000000e+00 0.000000000000000000e+00
0.000000000000000000e+00 0.000000000000000000e+00 0.000000000000000000e+00
0.000000000000000000e+00 0.000000000000000000e+00 0.000000000000000000e+00
2.415249999999999986e+01 1.227810000000000024e+01 6.554000000000000270e+00
0.000000000000000000e+00 0.000000000000000000e+00 0.000000000000000000e+00
1.074520000000000053e+01 8.043599999999999639e+00 2.765729999999999933e+01
4.246650000000000347e+01 2.388599999999999834e+00 8.172000000000000375e-01
0.000000000000000000e+00 0.000000000000000000e+00 0.000000000000000000e+00
0.000000000000000000e+00 0.000000000000000000e+00 0.000000000000000000e+00
0.000000000000000000e+00 0.000000000000000000e+00 0.000000000000000000e+00
0.000000000000000000e+00 0.000000000000000000e+00 0.000000000000000000e+00
0.000000000000000000e+00 0.000000000000000000e+00 0.000000000000000000e+00
0.000000000000000000e+00 0.000000000000000000e+00 0.000000000000000000e+00
4.396580000000000155e+01 1.202699999999999880e+00 0.000000000000000000e+00
0.000000000000000000e+00 0.000000000000000000e+00 0.000000000000000000e+00
3.979250000000000398e+01 1.088799999999999990e+00 1.042999999999999927e+00
0.000000000000000000e+00 0.000000000000000000e+00 0.000000000000000000e+00
1.006079999999999863e+01 4.078800000000000203e+00 2.761920000000000286e+01
0.000000000000000000e+00 0.000000000000000000e+00 0.000000000000000000e+00
2.666140000000000398e+01 1.254640000000000200e+01 8.689600000000000435e+00
0.000000000000000000e+00 0.000000000000000000e+00 0.000000000000000000e+00
1.596079999999999899e+01 2.313839999999999719e+01 0.000000000000000000e+00
0.000000000000000000e+00 0.000000000000000000e+00 0.000000000000000000e+00
3.529460000000000264e+01 4.589400000000000368e+00 4.123199999999999754e+00
0.000000000000000000e+00 0.000000000000000000e+00 0.000000000000000000e+00
0.000000000000000000e+00 0.000000000000000000e+00 0.000000000000000000e+00
7.419100000000000250e+00 2.893619999999999948e+01 0.000000000000000000e+00
0.000000000000000000e+00 0.000000000000000000e+00 0.000000000000000000e+00
4.993100000000000449e+01 4.955219999999999914e+01 4.560000000000000164e-02
0.000000000000000000e+00 0.000000000000000000e+00 0.000000000000000000e+00
4.082639999999999958e+01 3.555099999999999927e+00 1.366200000000000081e+00
0.000000000000000000e+00 0.000000000000000000e+00 0.000000000000000000e+00
0.000000000000000000e+00 0.000000000000000000e+00 0.000000000000000000e+00
0.000000000000000000e+00 0.000000000000000000e+00 0.000000000000000000e+00
1.022799999999999931e+00 3.799300000000000210e+01 4.199999999999999740e-03
0.000000000000000000e+00 0.000000000000000000e+00 0.000000000000000000e+00
1.075839999999999819e+01 4.766300000000000203e+00 5.896200000000000330e+00
3.769740000000000180e+01 2.958800000000000097e+00 3.374500000000000277e+00
7.033299999999999663e+00 3.693800000000000239e+01 3.599999999999999901e-03
1.001169999999999938e+01 3.872619999999999862e+01 5.999999999999999258e-03
6.138199999999999434e+00 3.295759999999999934e+01 1.679999999999999896e-02
0.000000000000000000e+00 0.000000000000000000e+00 0.000000000000000000e+00
0.000000000000000000e+00 0.000000000000000000e+00 0.000000000000000000e+00
4.980639999999999645e+01 2.813999999999999835e-01 7.900000000000001465e-02
8.980500000000001037e+00 2.986800000000000122e+00 3.766939999999999600e+01
7.814499999999999780e+00 5.884500000000000064e+00 3.909600000000000186e+00
2.643299999999999983e+01 1.121180000000000021e+01 4.020800000000000374e+00
0.000000000000000000e+00 0.000000000000000000e+00 0.000000000000000000e+00
0.000000000000000000e+00 0.000000000000000000e+00 0.000000000000000000e+00
9.262299999999997979e+00 3.088949999999999818e+01 3.050090000000000146e+01
2.016360000000000241e+01 1.165840000000000032e+01 7.989000000000000767e+00
0.000000000000000000e+00 0.000000000000000000e+00 0.000000000000000000e+00
0.000000000000000000e+00 0.000000000000000000e+00 0.000000000000000000e+00
4.077370000000000516e+01 3.159000000000000252e+00 1.250999999999999890e-01
0.000000000000000000e+00 0.000000000000000000e+00 0.000000000000000000e+00
6.000000000000000000e+00 4.196640000000000015e+01 0.000000000000000000e+00
3.450529999999999831e+01 1.516199999999999992e+00 8.430000000000000826e-01
3.348490000000000322e+01 1.706099999999999950e+00 9.476999999999999869e-01
0.000000000000000000e+00 0.000000000000000000e+00 0.000000000000000000e+00
4.996529999999999916e+01 2.550999999999999934e-01 2.920000000000000026e-02
0.000000000000000000e+00 0.000000000000000000e+00 0.000000000000000000e+00
0.000000000000000000e+00 0.000000000000000000e+00 0.000000000000000000e+00
5.000000000000000000e+00 4.397359999999999758e+01 0.000000000000000000e+00
0.000000000000000000e+00 0.000000000000000000e+00 0.000000000000000000e+00
4.516300000000000381e+01 1.632499999999999840e+00 1.247399999999999842e+00
6.000000000000000000e+00 4.197120000000000317e+01 4.196640000000000015e+01
0.000000000000000000e+00 0.000000000000000000e+00 0.000000000000000000e+00
8.811999999999999389e+00 7.006600000000000605e+00 2.901299999999999812e+01
0.000000000000000000e+00 0.000000000000000000e+00 0.000000000000000000e+00
1.358680000000000021e+01 2.388990000000000080e+01 3.281299999999999883e+00
0.000000000000000000e+00 0.000000000000000000e+00 0.000000000000000000e+00
0.000000000000000000e+00 0.000000000000000000e+00 0.000000000000000000e+00
6.000000000000000000e+00 4.197120000000000317e+01 4.196640000000000015e+01
4.785949999999999704e+01 5.293999999999999817e-01 9.750000000000000333e-02
0.000000000000000000e+00 0.000000000000000000e+00 0.000000000000000000e+00
1.204599999999999893e+00 3.200000000000000000e+01 3.178879999999999839e+01
0.000000000000000000e+00 0.000000000000000000e+00 0.000000000000000000e+00
0.000000000000000000e+00 0.000000000000000000e+00 0.000000000000000000e+00
0.000000000000000000e+00 0.000000000000000000e+00 0.000000000000000000e+00
0.000000000000000000e+00 0.000000000000000000e+00 0.000000000000000000e+00
0.000000000000000000e+00 0.000000000000000000e+00 0.000000000000000000e+00
1.413900000000000112e+01 6.111799999999999677e+00 1.252420000000000044e+01
1.384560000000000102e+01 9.158799999999999386e+00 2.798399999999999999e+00
7.165000000000000924e+00 6.262999999999999901e+00 1.755539999999999878e+01
0.000000000000000000e+00 0.000000000000000000e+00 0.000000000000000000e+00
1.459340000000000082e+01 2.489610000000000056e+01 7.610999999999998877e-01
0.000000000000000000e+00 0.000000000000000000e+00 0.000000000000000000e+00
0.000000000000000000e+00 0.000000000000000000e+00 0.000000000000000000e+00
0.000000000000000000e+00 0.000000000000000000e+00 0.000000000000000000e+00
0.000000000000000000e+00 0.000000000000000000e+00 0.000000000000000000e+00
4.799040000000000106e+01 4.319999999999999396e-01 0.000000000000000000e+00
0.000000000000000000e+00 0.000000000000000000e+00 0.000000000000000000e+00
0.000000000000000000e+00 0.000000000000000000e+00 0.000000000000000000e+00
7.980500000000000149e+00 2.992500000000000160e+00 3.275250000000000483e+01
2.142259999999999920e+01 2.616459999999999653e+01 2.044559999999999889e+01
1.796460000000000079e+01 5.717999999999999972e+00 2.787300000000000111e+01
0.000000000000000000e+00 0.000000000000000000e+00 0.000000000000000000e+00
0.000000000000000000e+00 0.000000000000000000e+00 0.000000000000000000e+00
0.000000000000000000e+00 0.000000000000000000e+00 0.000000000000000000e+00
0.000000000000000000e+00 0.000000000000000000e+00 0.000000000000000000e+00
7.016699999999999271e+00 1.016499999999999959e+00 2.992199999999999704e+01
4.425419999999999732e+01 4.069999999999999729e-01 4.073999999999999844e-01
1.851399999999999579e+01 8.325400000000000134e+00 2.350659999999999883e+01
0.000000000000000000e+00 0.000000000000000000e+00 0.000000000000000000e+00
6.000000000000000000e+00 4.396959999999999980e+01 4.396479999999999677e+01
2.000000000000000000e+00 4.500000000000000000e+01 0.000000000000000000e+00
0.000000000000000000e+00 0.000000000000000000e+00 0.000000000000000000e+00
4.138599999999999390e+00 3.298910000000000053e+01 4.199999999999999740e-03
0.000000000000000000e+00 0.000000000000000000e+00 0.000000000000000000e+00
1.469170000000000087e+01 1.853699999999999903e+01 5.291999999999999815e+00
0.000000000000000000e+00 0.000000000000000000e+00 0.000000000000000000e+00
0.000000000000000000e+00 0.000000000000000000e+00 0.000000000000000000e+00
0.000000000000000000e+00 0.000000000000000000e+00 0.000000000000000000e+00
8.007799999999999585e+00 3.888599999999999568e+01 3.600000000000000335e-03
0.000000000000000000e+00 0.000000000000000000e+00 0.000000000000000000e+00
0.000000000000000000e+00 0.000000000000000000e+00 0.000000000000000000e+00
0.000000000000000000e+00 0.000000000000000000e+00 0.000000000000000000e+00
2.594179999999999708e+01 3.891000000000000014e+00 0.000000000000000000e+00
0.000000000000000000e+00 0.000000000000000000e+00 0.000000000000000000e+00
1.032080000000000197e+01 4.320000000000000284e+00 7.879999999999999893e+00
1.081339999999999968e+01 2.595960000000000178e+01 2.741700000000000248e+00
