0.000000000000000000e+00
0.000000000000000000e+00
0.000000000000000000e+00
0.000000000000000000e+00
0.000000000000000000e+00
0.000000000000000000e+00
0.000000000000000000e+00
0.000000000000000000e+00
0.000000000000000000e+00
6.179991666681319273e+00
0.000000000000000000e+00
0.000000000000000000e+00
0.000000000000000000e+00
0.000000000000000000e+00
1.729714532986772824e+01
0.000000000000000000e+00
1.926308856333766784e+01
0.000000000000000000e+00
0.000000000000000000e+00
1.191653002937394135e+01
7.303886922040278007e-01
0.000000000000000000e+00
0.000000000000000000e+00
0.000000000000000000e+00
0.000000000000000000e+00
1.404872369480293415e+01
7.680288530430788185e+00
1.791465484953805998e+01
8.322925227301189111e+00
0.000000000000000000e+00
0.000000000000000000e+00
0.000000000000000000e+00
0.000000000000000000e+00
0.000000000000000000e+00
1.195492440145698509e+01
0.000000000000000000e+00
0.000000000000000000e+00
9.933618849098582615e+00
1.791465484953805998e+01
1.924129312203805497e+01
0.000000000000000000e+00
0.000000000000000000e+00
5.570068332836839886e+00
0.000000000000000000e+00
0.000000000000000000e+00
4.092716847083060827e+00
2.387133265730590281e+01
0.000000000000000000e+00
0.000000000000000000e+00
0.000000000000000000e+00
0.000000000000000000e+00
0.000000000000000000e+00
0.000000000000000000e+00
0.000000000000000000e+00
0.000000000000000000e+00
-2.178618157976436098e+00
1.298013461597708940e+01
0.000000000000000000e+00
0.000000000000000000e+00
0.000000000000000000e+00
0.000000000000000000e+00
1.582928695408386055e+01
0.000000000000000000e+00
8.267883059037897553e+00
1.247910764606129819e+00
0.000000000000000000e+00
0.000000000000000000e+00
0.000000000000000000e+00
0.000000000000000000e+00
0.000000000000000000e+00
0.000000000000000000e+00
0.000000000000000000e+00
0.000000000000000000e+00
0.000000000000000000e+00
0.000000000000000000e+00
0.000000000000000000e+00
0.000000000000000000e+00
0.000000000000000000e+00
1.491653002937394490e+01
0.000000000000000000e+00
1.976149603904696050e+01
1.935209033821545432e+01
1.354584420160164271e+01
0.000000000000000000e+00
1.491465484953809018e+01
1.396560981927988543e+01
0.000000000000000000e+00
0.000000000000000000e+00
4.923958726873174818e+00
4.546800449178170389e+00
1.656763875540078956e+01
0.000000000000000000e+00
5.917285077987736841e+00
1.618996234936874856e+01
0.000000000000000000e+00
1.265798192105476794e+01
0.000000000000000000e+00
0.000000000000000000e+00
0.000000000000000000e+00
0.000000000000000000e+00
0.000000000000000000e+00
0.000000000000000000e+00
0.000000000000000000e+00
0.000000000000000000e+00
1.616100456055213286e+01
4.291527727076720033e+00
1.816103038570129158e+01
1.857986640870765171e+01
9.368099664967388662e+00
0.000000000000000000e+00
0.000000000000000000e+00
0.000000000000000000e+00
1.550968653405830011e+01
0.000000000000000000e+00
0.000000000000000000e+00
7.578418372013167037e+00
0.000000000000000000e+00
0.000000000000000000e+00
0.000000000000000000e+00
0.000000000000000000e+00
5.590833421305771989e-01
0.000000000000000000e+00
5.853909090015900318e+00
0.000000000000000000e+00
0.000000000000000000e+00
0.000000000000000000e+00
0.000000000000000000e+00
0.000000000000000000e+00
0.000000000000000000e+00
1.180679544341669285e+01
0.000000000000000000e+00
0.000000000000000000e+00
0.000000000000000000e+00
0.000000000000000000e+00
7.842376664820569943e+00
0.000000000000000000e+00
0.000000000000000000e+00
2.575836070721911142e+01
1.408224498907488531e+01
0.000000000000000000e+00
0.000000000000000000e+00
1.391489136232763180e+01
1.916160028073802124e+01
0.000000000000000000e+00
0.000000000000000000e+00
0.000000000000000000e+00
4.961350662885009477e+00
0.000000000000000000e+00
3.208716104479409026e+00
1.367791392360051894e+01
1.727724053616089961e+01
1.175230108358543912e+00
0.000000000000000000e+00
1.391489136232763180e+01
0.000000000000000000e+00
1.679419713725430086e+01
6.004979892003838415e+00
0.000000000000000000e+00
0.000000000000000000e+00
0.000000000000000000e+00
0.000000000000000000e+00
0.000000000000000000e+00
8.259288624795024347e+00
5.473296372845537050e+00
0.000000000000000000e+00
3.775593130436113398e+01
2.359774864237515146e+00
1.989400212555908354e+01
0.000000000000000000e+00
0.000000000000000000e+00
1.292697000969227439e+01
9.915878827605597579e+00
1.736050017976488391e+01
0.000000000000000000e+00
1.791467113927783217e+01
0.000000000000000000e+00
2.196339927438109907e+00
0.000000000000000000e+00
1.924038137985175823e+01
1.825529508827532865e+01
0.000000000000000000e+00
0.000000000000000000e+00
0.000000000000000000e+00
6.186302600755077208e+00
1.097281444850175980e+01
0.000000000000000000e+00
0.000000000000000000e+00
0.000000000000000000e+00
3.230092276631479020e+00
0.000000000000000000e+00
8.375938487814494238e+00
2.780690061420412817e+01
0.000000000000000000e+00
4.546659322853233931e+00
1.037622694678385038e+01
1.516359332385674996e+01
7.141072243496568994e-01
1.259753077072387484e+01
1.026147521231732895e+01
2.023037457177873577e+01
8.327094659046816005e+00
0.000000000000000000e+00
0.000000000000000000e+00
0.000000000000000000e+00
1.684574806678000058e+01
1.926308856333766784e+01
0.000000000000000000e+00
0.000000000000000000e+00
1.122380651252298200e+01
1.716339504495192969e+01
1.579527321025242870e+01
4.980964196691589407e+00
0.000000000000000000e+00
1.796510282136369341e+01
0.000000000000000000e+00
2.087924169589108914e+01
1.170659509319071212e+01
2.115960255643090093e+01
0.000000000000000000e+00
0.000000000000000000e+00
2.023781464609189840e+01
1.054004056540912160e+01
0.000000000000000000e+00
7.543256887848890813e+00
2.274469534603781096e+00
0.000000000000000000e+00
0.000000000000000000e+00
1.749587591769274919e+00
0.000000000000000000e+00
1.591467113927785171e+01
0.000000000000000000e+00
0.000000000000000000e+00
0.000000000000000000e+00
0.000000000000000000e+00
0.000000000000000000e+00
0.000000000000000000e+00
0.000000000000000000e+00
1.916033854097852540e+01
4.559376134818308834e+00
1.384678861533387462e+01
0.000000000000000000e+00
0.000000000000000000e+00
0.000000000000000000e+00
0.000000000000000000e+00
8.353874197300418913e+00
1.964884627241343606e+00
0.000000000000000000e+00
0.000000000000000000e+00
1.997102966509116229e+00
1.236267026977798444e+01
0.000000000000000000e+00
0.000000000000000000e+00
0.000000000000000000e+00
5.320677138559204877e+00
0.000000000000000000e+00
0.000000000000000000e+00
0.000000000000000000e+00
0.000000000000000000e+00
0.000000000000000000e+00
1.091529431235475478e+01
1.616090269157589532e+01
1.378384745862138239e+01
0.000000000000000000e+00
0.000000000000000000e+00
1.145478419070487952e+01
0.000000000000000000e+00
0.000000000000000000e+00
0.000000000000000000e+00
0.000000000000000000e+00
1.281196905823703958e+01
1.997102966509116229e+00
0.000000000000000000e+00
6.046045366393650866e+00
5.200414706848754953e+00
1.875933060191515978e+01
2.379389914144091023e+01
0.000000000000000000e+00
2.515960255643086185e+01
1.487072984120658603e+01
0.000000000000000000e+00
0.000000000000000000e+00
0.000000000000000000e+00
2.498089712927604733e+00
0.000000000000000000e+00
0.000000000000000000e+00
8.915013434124629654e+00
0.000000000000000000e+00
0.000000000000000000e+00
1.587404259070819279e+00
0.000000000000000000e+00
6.916658766558293259e+00
0.000000000000000000e+00
3.572717164463167783e-01
0.000000000000000000e+00
2.016453110727865550e+01
0.000000000000000000e+00
1.838440473979707335e+01
0.000000000000000000e+00
1.101163832687591260e+01
1.197821976784719489e+01
3.156063642411700787e+00
0.000000000000000000e+00
0.000000000000000000e+00
1.974204566877132638e+00
5.875867073994511358e+00
0.000000000000000000e+00
0.000000000000000000e+00
0.000000000000000000e+00
1.469006485992777833e+00
3.875581108131132879e+01
0.000000000000000000e+00
0.000000000000000000e+00
0.000000000000000000e+00
1.181340897330220585e+01
0.000000000000000000e+00
0.000000000000000000e+00
2.016072653449838725e+01
0.000000000000000000e+00
2.666554641746836207e+00
1.096183456979126625e+01
0.000000000000000000e+00
0.000000000000000000e+00
0.000000000000000000e+00
2.591746934151187620e+00
0.000000000000000000e+00
1.541552350169130037e+01
0.000000000000000000e+00
1.643046287960458329e+01
1.635126497562987780e+01
1.164917043887704828e+01
0.000000000000000000e+00
9.937805749873495742e+00
2.315961884617065536e+01
1.656639993551151591e+01
1.197821976784719489e+01
0.000000000000000000e+00
0.000000000000000000e+00
1.441790940904582996e+01
0.000000000000000000e+00
0.000000000000000000e+00
2.515960255643086185e+01
1.798414064469865847e+00
0.000000000000000000e+00
0.000000000000000000e+00
0.000000000000000000e+00
0.000000000000000000e+00
0.000000000000000000e+00
0.000000000000000000e+00
7.957840759171162404e+00
0.000000000000000000e+00
1.729711966762980424e+01
1.877033451443492496e+01
0.000000000000000000e+00
0.000000000000000000e+00
0.000000000000000000e+00
9.195056760725798028e+00
1.716152537288290603e+01
0.000000000000000000e+00
7.567053747005280329e+00
0.000000000000000000e+00
0.000000000000000000e+00
1.027397281214267366e+01
3.923021763897748926e+00
3.984180386226717996e+00
1.317516353952666996e+01
0.000000000000000000e+00
0.000000000000000000e+00
1.262793041902385660e+01
0.000000000000000000e+00
1.385081843760199050e+01
1.562394695612623785e+01
0.000000000000000000e+00
6.441331141215236755e+00
0.000000000000000000e+00
0.000000000000000000e+00
0.000000000000000000e+00
0.000000000000000000e+00
0.000000000000000000e+00
0.000000000000000000e+00
1.353555730124991641e+01
8.523919060606964138e+00
0.000000000000000000e+00
2.515961884617063404e+01
1.499124495828651149e+01
0.000000000000000000e+00
0.000000000000000000e+00
0.000000000000000000e+00
0.000000000000000000e+00
1.276613943174664634e+01
1.161261701710803251e+01
1.825921203685086525e+01
0.000000000000000000e+00
1.172818834046481129e+01
0.000000000000000000e+00
0.000000000000000000e+00
0.000000000000000000e+00
0.000000000000000000e+00
4.485262594465461161e-01
0.000000000000000000e+00
0.000000000000000000e+00
1.816103925504585703e+01
2.415983906922046742e+01
0.000000000000000000e+00
0.000000000000000000e+00
0.000000000000000000e+00
0.000000000000000000e+00
1.877148085942795319e+01
8.915013434124629654e+00
9.434149173592476956e+00
0.000000000000000000e+00
7.517680267923102733e+00
0.000000000000000000e+00
1.924598048421746199e+01
0.000000000000000000e+00
0.000000000000000000e+00
0.000000000000000000e+00
0.000000000000000000e+00
0.000000000000000000e+00
0.000000000000000000e+00
1.832678970970611942e+01
1.477269458822177484e+01
5.107427363697465417e-01
0.000000000000000000e+00
0.000000000000000000e+00
2.061681217901331742e+00
1.535226162008292405e+01
0.000000000000000000e+00
1.691527176788343212e+01
1.560077085943662389e+01
0.000000000000000000e+00
2.492791027846136487e+00
0.000000000000000000e+00
2.275824208329087028e+01
0.000000000000000000e+00
0.000000000000000000e+00
7.980424926086312709e+00
5.598218662980594673e-02
8.362780367641715173e+00
0.000000000000000000e+00
0.000000000000000000e+00
0.000000000000000000e+00
7.669261801361246356e+00
0.000000000000000000e+00
0.000000000000000000e+00
5.354974596930637265e-01
1.041515663830710459e+01
7.527297277977214485e+00
0.000000000000000000e+00
0.000000000000000000e+00
0.000000000000000000e+00
0.000000000000000000e+00
0.000000000000000000e+00
2.915960255643086185e+01
0.000000000000000000e+00
0.000000000000000000e+00
0.000000000000000000e+00
0.000000000000000000e+00
0.000000000000000000e+00
0.000000000000000000e+00
8.409564796685980781e+00
4.015169440609001938e+00
0.000000000000000000e+00
1.210936845378579463e+01
0.000000000000000000e+00
0.000000000000000000e+00
0.000000000000000000e+00
0.000000000000000000e+00
0.000000000000000000e+00
0.000000000000000000e+00
0.000000000000000000e+00
0.000000000000000000e+00
0.000000000000000000e+00
3.858048467333758058e+00
3.112786713868652910e+00
3.842888571301753320e+00
0.000000000000000000e+00
0.000000000000000000e+00
1.294179064606085738e+01
2.516070399002705571e+01
2.815960255643082633e+01
5.359939976945364837e-01
5.564581590649436471e+00
8.215914342467529607e+00
1.442979981276301871e+01
1.266605231604311399e+01
0.000000000000000000e+00
0.000000000000000000e+00
1.091958340038584652e+01
0.000000000000000000e+00
0.000000000000000000e+00
0.000000000000000000e+00
0.000000000000000000e+00
0.000000000000000000e+00
0.000000000000000000e+00
3.450782491864028412e+00
0.000000000000000000e+00
1.470258554751736391e+00
0.000000000000000000e+00
0.000000000000000000e+00
1.631920491106852467e+01
0.000000000000000000e+00
0.000000000000000000e+00
0.000000000000000000e+00
1.219031300297430498e+01
0.000000000000000000e+00
0.000000000000000000e+00
8.429821604125535828e+00
0.000000000000000000e+00
0.000000000000000000e+00
0.000000000000000000e+00
0.000000000000000000e+00
0.000000000000000000e+00
2.215983906922048874e+01
3.655655940253529135e+00
0.000000000000000000e+00
0.000000000000000000e+00
1.199903800986908387e+01
0.000000000000000000e+00
0.000000000000000000e+00
0.000000000000000000e+00
7.049464047745409800e+00
1.298013461597708940e+01
0.000000000000000000e+00
0.000000000000000000e+00
0.000000000000000000e+00
0.000000000000000000e+00
1.291465484953808662e+01
2.516021947477623399e+01
0.000000000000000000e+00
0.000000000000000000e+00
0.000000000000000000e+00
0.000000000000000000e+00
0.000000000000000000e+00
0.000000000000000000e+00
0.000000000000000000e+00
0.000000000000000000e+00
1.651367773522923699e+01
2.075989324223849053e+01
0.000000000000000000e+00
0.000000000000000000e+00
0.000000000000000000e+00
1.307838469075678312e+01
0.000000000000000000e+00
0.000000000000000000e+00
9.919683400385872929e+00
0.000000000000000000e+00
0.000000000000000000e+00
0.000000000000000000e+00
0.000000000000000000e+00
5.906195018252834217e+00
5.878288767416234961e+00
0.000000000000000000e+00
1.728687153714244928e+01
1.616194158451493834e+01
0.000000000000000000e+00
0.000000000000000000e+00
0.000000000000000000e+00
1.535445422452517583e+01
1.416636483785731038e+01
1.101291002546538955e+01
0.000000000000000000e+00
0.000000000000000000e+00
0.000000000000000000e+00
0.000000000000000000e+00
1.986509356194853737e+01
0.000000000000000000e+00
4.464869881330062462e+00
0.000000000000000000e+00
0.000000000000000000e+00
3.148848028256442166e+00
0.000000000000000000e+00
0.000000000000000000e+00
1.997102966509116229e+00
0.000000000000000000e+00
0.000000000000000000e+00
0.000000000000000000e+00
0.000000000000000000e+00
0.000000000000000000e+00
0.000000000000000000e+00
0.000000000000000000e+00
1.014729779116630581e+01
0.000000000000000000e+00
0.000000000000000000e+00
1.109496162306662015e+01
0.000000000000000000e+00
0.000000000000000000e+00
0.000000000000000000e+00
0.000000000000000000e+00
0.000000000000000000e+00
0.000000000000000000e+00
8.916098577981045992e+00
4.291292690660757359e+00
1.656647584689204677e+01
0.000000000000000000e+00
9.557464004629284915e+00
0.000000000000000000e+00
0.000000000000000000e+00
1.652957569154903439e+01
0.000000000000000000e+00
0.000000000000000000e+00
0.000000000000000000e+00
0.000000000000000000e+00
0.000000000000000000e+00
0.000000000000000000e+00
1.716037267531685373e+01
0.000000000000000000e+00
3.901041820579391195e-01
0.000000000000000000e+00
2.115983906922048874e+01
0.000000000000000000e+00
1.391489136232763180e+01
2.016453110727865550e+01
8.919900072221521370e+00
0.000000000000000000e+00
0.000000000000000000e+00
0.000000000000000000e+00
0.000000000000000000e+00
1.115304380980809640e+01
1.288678113889750065e+01
2.416021947477625176e+01
0.000000000000000000e+00
7.057029397845873575e+00
0.000000000000000000e+00
0.000000000000000000e+00
1.567265141661276040e+01
3.375505229310716260e+01
7.078989878370007816e+00
1.091766753780974675e+01
0.000000000000000000e+00
0.000000000000000000e+00
1.351841528825439198e+01
0.000000000000000000e+00
0.000000000000000000e+00
1.416727258367604492e+01
0.000000000000000000e+00
1.097100510335562440e+01
0.000000000000000000e+00
0.000000000000000000e+00
1.452242101176089228e+01
0.000000000000000000e+00
2.956466410223804075e+00
0.000000000000000000e+00
0.000000000000000000e+00
0.000000000000000000e+00
0.000000000000000000e+00
2.316147773626673612e+01
0.000000000000000000e+00
0.000000000000000000e+00
0.000000000000000000e+00
7.250594365056471702e+00
1.914989210478966974e+00
0.000000000000000000e+00
2.577231904991957023e+01
2.024170173951890206e+01
0.000000000000000000e+00
0.000000000000000000e+00
0.000000000000000000e+00
9.933618849098582615e+00
0.000000000000000000e+00
6.722572421096912443e+00
0.000000000000000000e+00
1.659847515749488167e+01
0.000000000000000000e+00
0.000000000000000000e+00
1.194164291967856784e+01
1.092236723818212063e+01
0.000000000000000000e+00
8.611485221433136772e+00
0.000000000000000000e+00
2.579417289710767847e+01
0.000000000000000000e+00
3.077193865592734667e+01
1.462956896516270966e+01
-2.015358909666227147e-02
6.246681084838500375e+00
0.000000000000000000e+00
1.012070337745200632e+01
0.000000000000000000e+00
2.182883525094496591e+01
2.478370130088304535e+01
1.729697227928734904e+01
0.000000000000000000e+00
0.000000000000000000e+00
0.000000000000000000e+00
0.000000000000000000e+00
0.000000000000000000e+00
0.000000000000000000e+00
0.000000000000000000e+00
1.616091323243589883e+01
0.000000000000000000e+00
0.000000000000000000e+00
2.515983906922044966e+01
0.000000000000000000e+00
0.000000000000000000e+00
4.027446217661161398e+00
4.452924013709140816e+00
0.000000000000000000e+00
0.000000000000000000e+00
6.073542598753141952e+00
0.000000000000000000e+00
0.000000000000000000e+00
0.000000000000000000e+00
0.000000000000000000e+00
0.000000000000000000e+00
1.441553931870500094e+01
1.853295085564393013e-02
0.000000000000000000e+00
0.000000000000000000e+00
0.000000000000000000e+00
1.291696890113447083e+01
0.000000000000000000e+00
2.181296654076740538e+01
0.000000000000000000e+00
0.000000000000000000e+00
5.928856221145698768e+00
0.000000000000000000e+00
1.732478575573934521e+01
0.000000000000000000e+00
0.000000000000000000e+00
0.000000000000000000e+00
1.058714957492029285e+01
0.000000000000000000e+00
3.260933124166047192e-01
0.000000000000000000e+00
3.540422261553964223e+00
1.026783965981494262e+01
2.115983906922048874e+01
0.000000000000000000e+00
0.000000000000000000e+00
0.000000000000000000e+00
0.000000000000000000e+00
0.000000000000000000e+00
2.026908707587910197e+00
1.019798612398508730e+01
4.826613352121426281e+00
0.000000000000000000e+00
0.000000000000000000e+00
6.655770447654549393e+00
0.000000000000000000e+00
2.915960255643086185e+01
0.000000000000000000e+00
0.000000000000000000e+00
2.216021947477627307e+01
6.683439678683475549e+00
0.000000000000000000e+00
0.000000000000000000e+00
3.898325655376415622e-01
0.000000000000000000e+00
0.000000000000000000e+00
1.727691032905365986e+01
1.744873509933662348e+01
0.000000000000000000e+00
1.357590855326958890e+00
0.000000000000000000e+00
0.000000000000000000e+00
1.816055121555647744e+01
0.000000000000000000e+00
0.000000000000000000e+00
7.918466788146094615e+00
1.190923732673174484e+01
0.000000000000000000e+00
0.000000000000000000e+00
0.000000000000000000e+00
0.000000000000000000e+00
9.231685972049383793e+00
8.576593854576950449e+00
1.277282665432651676e+01
0.000000000000000000e+00
2.676020079794805540e+01
5.538475673024370494e+00
0.000000000000000000e+00
0.000000000000000000e+00
0.000000000000000000e+00
2.978578278023036674e+01
0.000000000000000000e+00
1.616116210832355904e+01
2.694398352444117517e+00
2.116259270023125794e+01
1.878722861513055165e+01
0.000000000000000000e+00
0.000000000000000000e+00
0.000000000000000000e+00
1.591467113927785171e+01
0.000000000000000000e+00
2.515983906922044966e+01
8.749788299025182070e+00
0.000000000000000000e+00
0.000000000000000000e+00
0.000000000000000000e+00
0.000000000000000000e+00
0.000000000000000000e+00
0.000000000000000000e+00
0.000000000000000000e+00
0.000000000000000000e+00
0.000000000000000000e+00
6.809782392078707502e+00
2.015962510090219695e+01
0.000000000000000000e+00
0.000000000000000000e+00
0.000000000000000000e+00
0.000000000000000000e+00
0.000000000000000000e+00
0.000000000000000000e+00
0.000000000000000000e+00
2.026908707587910197e+00
0.000000000000000000e+00
1.062273021907121695e+00
1.831908108560959869e+00
1.105338431342494232e+01
0.000000000000000000e+00
9.255645471296622517e+00
0.000000000000000000e+00
0.000000000000000000e+00
0.000000000000000000e+00
0.000000000000000000e+00
0.000000000000000000e+00
0.000000000000000000e+00
0.000000000000000000e+00
0.000000000000000000e+00
0.000000000000000000e+00
0.000000000000000000e+00
0.000000000000000000e+00
8.003113606715416495e+00
0.000000000000000000e+00
0.000000000000000000e+00
1.669911449313425678e+01
9.993202654406376340e+00
0.000000000000000000e+00
0.000000000000000000e+00
0.000000000000000000e+00
0.000000000000000000e+00
0.000000000000000000e+00
0.000000000000000000e+00
0.000000000000000000e+00
0.000000000000000000e+00
0.000000000000000000e+00
0.000000000000000000e+00
0.000000000000000000e+00
0.000000000000000000e+00
1.578923807291742953e+01
0.000000000000000000e+00
0.000000000000000000e+00
0.000000000000000000e+00
0.000000000000000000e+00
0.000000000000000000e+00
0.000000000000000000e+00
0.000000000000000000e+00
0.000000000000000000e+00
0.000000000000000000e+00
0.000000000000000000e+00
2.715960255643086185e+01
4.466603326482424308e+00
0.000000000000000000e+00
0.000000000000000000e+00
0.000000000000000000e+00
0.000000000000000000e+00
1.296927032576563832e+00
2.023022046422191522e+01
0.000000000000000000e+00
4.948021266058650447e+00
0.000000000000000000e+00
2.715961884617063404e+01
1.096057256980826622e-01
1.878653326732327855e+01
0.000000000000000000e+00
0.000000000000000000e+00
0.000000000000000000e+00
0.000000000000000000e+00
5.824217649957061926e-01
0.000000000000000000e+00
0.000000000000000000e+00
2.315961884617065536e+01
0.000000000000000000e+00
0.000000000000000000e+00
6.643345721782998758e+00
0.000000000000000000e+00
0.000000000000000000e+00
0.000000000000000000e+00
0.000000000000000000e+00
0.000000000000000000e+00
0.000000000000000000e+00
0.000000000000000000e+00
4.783421883699019439e+00
0.000000000000000000e+00
1.984493681933895104e+01
1.454401400201407135e+01
0.000000000000000000e+00
0.000000000000000000e+00
0.000000000000000000e+00
0.000000000000000000e+00
0.000000000000000000e+00
0.000000000000000000e+00
1.441289137510957907e+01
0.000000000000000000e+00
1.188763196845140691e+01
0.000000000000000000e+00
1.877491626752387788e+01
0.000000000000000000e+00
9.638865700600563358e+00
0.000000000000000000e+00
5.086998424091778936e+00
0.000000000000000000e+00
1.165765013968383990e+01
0.000000000000000000e+00
0.000000000000000000e+00
9.255218330859731779e+00
0.000000000000000000e+00
3.896490910054769552e-01
0.000000000000000000e+00
1.376558020439227725e+01
0.000000000000000000e+00
0.000000000000000000e+00
0.000000000000000000e+00
1.815994179424534849e+01
0.000000000000000000e+00
1.383906258510175125e+00
1.322257005011188369e+01
1.716341227282972071e+01
1.917154584742257839e+01
1.316957105444489606e+01
0.000000000000000000e+00
0.000000000000000000e+00
2.023017181368375361e+01
2.876550188810850273e+01
7.612715309569393352e-01
4.275140618408075355e+00
0.000000000000000000e+00
0.000000000000000000e+00
1.943852087198554290e+00
3.655695859218948129e+00
0.000000000000000000e+00
0.000000000000000000e+00
1.173444074915418334e+01
0.000000000000000000e+00
2.216147773626674677e+01
6.994136071186843218e+00
6.291638294038196300e+00
0.000000000000000000e+00
2.023017348063562082e+01
0.000000000000000000e+00
0.000000000000000000e+00
2.416070399002706637e+01
0.000000000000000000e+00
2.038750385578378754e+01
1.291653002937393602e+01
0.000000000000000000e+00
2.082773765692118673e+01
0.000000000000000000e+00
7.534573714446679560e+00
0.000000000000000000e+00
0.000000000000000000e+00
1.291653002937393602e+01
1.825784774557742196e+01
0.000000000000000000e+00
2.927651223927909996e+00
0.000000000000000000e+00
0.000000000000000000e+00
0.000000000000000000e+00
0.000000000000000000e+00
0.000000000000000000e+00
5.147869847923762343e+00
5.678210175355902223e-01
9.206819606267394818e+00
0.000000000000000000e+00
6.669558572477854774e+00
0.000000000000000000e+00
0.000000000000000000e+00
0.000000000000000000e+00
0.000000000000000000e+00
1.825476859181333822e+01
0.000000000000000000e+00
0.000000000000000000e+00
2.376481805031223615e+01
1.046595373567723142e+00
2.094257212888087949e+01
0.000000000000000000e+00
0.000000000000000000e+00
0.000000000000000000e+00
0.000000000000000000e+00
2.075905920890084744e+01
1.540002511526559914e+01
1.692839154680191527e+01
0.000000000000000000e+00
1.491653002937394490e+01
2.515961884617063404e+01
0.000000000000000000e+00
1.316806641375828413e+01
0.000000000000000000e+00
4.001497080639611958e+00
0.000000000000000000e+00
0.000000000000000000e+00
0.000000000000000000e+00
1.916462888506946172e+01
0.000000000000000000e+00
0.000000000000000000e+00
0.000000000000000000e+00
1.784240343206882518e+00
0.000000000000000000e+00
2.216512343044194644e+00
9.236366393930696361e+00
