0.000000000000000000e+00
0.000000000000000000e+00
0.000000000000000000e+00
0.000000000000000000e+00
0.000000000000000000e+00
0.000000000000000000e+00
0.000000000000000000e+00
0.000000000000000000e+00
0.000000000000000000e+00
5.503102020437793840e+00
0.000000000000000000e+00
0.000000000000000000e+00
0.000000000000000000e+00
0.000000000000000000e+00
1.727576933756919075e+01
0.000000000000000000e+00
1.924012516858045885e+01
0.000000000000000000e+00
0.000000000000000000e+00
-2.564427289377075869e+00
6.682315996657124391e-01
0.000000000000000000e+00
0.000000000000000000e+00
0.000000000000000000e+00
0.000000000000000000e+00
1.416402344300645133e+01
6.904942587985006597e+00
-2.564427289377075869e+00
3.814796164148680724e+00
0.000000000000000000e+00
0.000000000000000000e+00
0.000000000000000000e+00
0.000000000000000000e+00
0.000000000000000000e+00
5.113963776121705607e+00
0.000000000000000000e+00
0.000000000000000000e+00
3.900135790894135868e-01
-1.585501797907451493e+00
1.924007059347394843e+01
0.000000000000000000e+00
0.000000000000000000e+00
5.547619863086360681e+00
0.000000000000000000e+00
0.000000000000000000e+00
3.900135790894135868e-01
2.115960255643090093e+01
0.000000000000000000e+00
0.000000000000000000e+00
0.000000000000000000e+00
0.000000000000000000e+00
0.000000000000000000e+00
0.000000000000000000e+00
0.000000000000000000e+00
0.000000000000000000e+00
-2.564427289377075869e+00
1.258764918896324048e+01
0.000000000000000000e+00
0.000000000000000000e+00
0.000000000000000000e+00
0.000000000000000000e+00
1.217313964973697793e+01
0.000000000000000000e+00
8.380764271992219960e+00
1.241692887349317154e+00
0.000000000000000000e+00
0.000000000000000000e+00
0.000000000000000000e+00
0.000000000000000000e+00
0.000000000000000000e+00
0.000000000000000000e+00
0.000000000000000000e+00
0.000000000000000000e+00
0.000000000000000000e+00
0.000000000000000000e+00
0.000000000000000000e+00
0.000000000000000000e+00
0.000000000000000000e+00
3.900135790894135868e-01
0.000000000000000000e+00
8.500752987602490762e+00
1.924006596974599148e+01
1.349073309500775864e+01
0.000000000000000000e+00
-5.425759320985767076e+00
1.349932685364452745e+01
0.000000000000000000e+00
0.000000000000000000e+00
-7.231028584197524367e+00
2.615734311392376110e+00
1.630870950958986043e+01
0.000000000000000000e+00
0.000000000000000000e+00
1.618984924621306121e+01
0.000000000000000000e+00
1.260423006142259617e+01
0.000000000000000000e+00
0.000000000000000000e+00
0.000000000000000000e+00
0.000000000000000000e+00
0.000000000000000000e+00
0.000000000000000000e+00
0.000000000000000000e+00
0.000000000000000000e+00
1.616100584484547298e+01
4.196896068749087938e+00
1.816104320633402125e+01
1.825475245378996902e+01
6.722080049389990819e+00
0.000000000000000000e+00
0.000000000000000000e+00
0.000000000000000000e+00
1.535223750237940621e+01
0.000000000000000000e+00
0.000000000000000000e+00
7.533905385947173627e+00
0.000000000000000000e+00
0.000000000000000000e+00
0.000000000000000000e+00
0.000000000000000000e+00
4.920873312129705468e-01
0.000000000000000000e+00
5.473819878611791978e+00
0.000000000000000000e+00
0.000000000000000000e+00
0.000000000000000000e+00
0.000000000000000000e+00
0.000000000000000000e+00
0.000000000000000000e+00
1.170267386263630449e+01
0.000000000000000000e+00
0.000000000000000000e+00
0.000000000000000000e+00
0.000000000000000000e+00
7.690167601435285327e+00
0.000000000000000000e+00
0.000000000000000000e+00
1.021934343369627918e+01
1.349603869743855888e+01
0.000000000000000000e+00
0.000000000000000000e+00
-3.533560160015850826e+00
1.916160028073802124e+01
0.000000000000000000e+00
0.000000000000000000e+00
0.000000000000000000e+00
0.000000000000000000e+00
0.000000000000000000e+00
4.609276560741503159e-01
1.259061632626318605e+01
1.727578052561753452e+01
6.597121984826950225e-01
0.000000000000000000e+00
-3.533560160015850826e+00
0.000000000000000000e+00
1.118200157727038047e+01
3.900135790894135868e-01
0.000000000000000000e+00
0.000000000000000000e+00
0.000000000000000000e+00
0.000000000000000000e+00
0.000000000000000000e+00
7.718892838255662525e+00
4.882469808043483184e+00
0.000000000000000000e+00
2.023027845735626329e+01
9.654801918995590260e-01
1.630885969651653866e+01
0.000000000000000000e+00
0.000000000000000000e+00
8.378231591054371208e+00
-5.426230045968955196e+00
1.727577524785071361e+01
0.000000000000000000e+00
-6.001942165440290466e-01
0.000000000000000000e+00
3.616581432945959462e-01
0.000000000000000000e+00
1.924006596974599148e+01
1.825475245378996902e+01
0.000000000000000000e+00
0.000000000000000000e+00
0.000000000000000000e+00
6.167737354815341355e+00
1.084330802001089822e+01
0.000000000000000000e+00
0.000000000000000000e+00
0.000000000000000000e+00
2.950396628771061458e-01
0.000000000000000000e+00
5.151671007410526748e+00
2.315960255643088672e+01
0.000000000000000000e+00
3.105218798991130402e+00
1.001669496815114613e+01
1.516385702455569628e+01
5.047434762624911642e-01
1.258471944664799835e+01
1.000348571267873687e+01
2.316259270023124373e+01
2.168665576349627866e+00
0.000000000000000000e+00
0.000000000000000000e+00
0.000000000000000000e+00
1.096161607147623762e+01
1.924009798697276352e+01
0.000000000000000000e+00
0.000000000000000000e+00
1.086964086184938871e+01
1.716341449503890004e+01
6.282265164616224418e+00
-1.585501797907451493e+00
0.000000000000000000e+00
1.535543414997063572e+01
0.000000000000000000e+00
1.442238341736014107e+01
1.170657667809051539e+01
2.115960255643090093e+01
0.000000000000000000e+00
0.000000000000000000e+00
2.023035871277781439e+01
9.228029061274309441e+00
0.000000000000000000e+00
7.528187194505107094e+00
7.397457431175049614e-01
0.000000000000000000e+00
0.000000000000000000e+00
1.444407201006370878e+00
0.000000000000000000e+00
-2.564427289377075869e+00
0.000000000000000000e+00
0.000000000000000000e+00
0.000000000000000000e+00
0.000000000000000000e+00
0.000000000000000000e+00
0.000000000000000000e+00
0.000000000000000000e+00
1.916034201924754754e+01
1.424114775628743779e+00
5.113963776121705607e+00
0.000000000000000000e+00
0.000000000000000000e+00
0.000000000000000000e+00
0.000000000000000000e+00
6.964661165841272705e+00
0.000000000000000000e+00
0.000000000000000000e+00
0.000000000000000000e+00
0.000000000000000000e+00
1.172163820798143696e+01
0.000000000000000000e+00
0.000000000000000000e+00
0.000000000000000000e+00
4.217010261974960095e+00
0.000000000000000000e+00
0.000000000000000000e+00
0.000000000000000000e+00
0.000000000000000000e+00
0.000000000000000000e+00
-5.426130045968955429e+00
1.616100584484547298e+01
1.349098666415656389e+01
0.000000000000000000e+00
0.000000000000000000e+00
1.086114611523135665e+01
0.000000000000000000e+00
0.000000000000000000e+00
0.000000000000000000e+00
0.000000000000000000e+00
1.258645216637692243e+01
0.000000000000000000e+00
0.000000000000000000e+00
5.937479123208493803e+00
2.180427861021372760e+00
9.257102649449061360e+00
1.442238341736014107e+01
0.000000000000000000e+00
2.515960255643086185e+01
1.441490141261237667e+01
0.000000000000000000e+00
0.000000000000000000e+00
0.000000000000000000e+00
1.769222119482924294e+00
0.000000000000000000e+00
0.000000000000000000e+00
0.000000000000000000e+00
0.000000000000000000e+00
0.000000000000000000e+00
3.900135790894135868e-01
0.000000000000000000e+00
0.000000000000000000e+00
0.000000000000000000e+00
1.314643785975991574e-01
0.000000000000000000e+00
2.016453110727865550e+01
0.000000000000000000e+00
1.825476678817936715e+01
0.000000000000000000e+00
2.547342988862157487e+00
1.170786640207771789e+01
3.900135790894135868e-01
0.000000000000000000e+00
0.000000000000000000e+00
1.119209183111254724e+00
5.534307732693046766e+00
0.000000000000000000e+00
0.000000000000000000e+00
0.000000000000000000e+00
1.148787196315576242e+00
2.023027845735626329e+01
0.000000000000000000e+00
0.000000000000000000e+00
0.000000000000000000e+00
1.174722368654622784e+01
0.000000000000000000e+00
0.000000000000000000e+00
2.016072653449838725e+01
0.000000000000000000e+00
2.629342615402867622e+00
1.118276083474998295e+01
0.000000000000000000e+00
0.000000000000000000e+00
0.000000000000000000e+00
1.119209183111254724e+00
0.000000000000000000e+00
1.535223750237940621e+01
0.000000000000000000e+00
1.630593487336330227e+01
1.630865636428390530e+01
9.260475920551108686e+00
0.000000000000000000e+00
9.196376598494671484e+00
2.315961884617065536e+01
1.630875969651653890e+01
1.170786640207771789e+01
0.000000000000000000e+00
0.000000000000000000e+00
1.441444978017833201e+01
0.000000000000000000e+00
0.000000000000000000e+00
2.515960255643086185e+01
1.632655085757710456e+00
0.000000000000000000e+00
0.000000000000000000e+00
0.000000000000000000e+00
0.000000000000000000e+00
0.000000000000000000e+00
0.000000000000000000e+00
3.900135790894135868e-01
0.000000000000000000e+00
1.727584310034372095e+01
9.295394902518923530e+00
0.000000000000000000e+00
0.000000000000000000e+00
0.000000000000000000e+00
2.694282945278566377e+00
1.716152578483472979e+01
0.000000000000000000e+00
7.533905385947173627e+00
0.000000000000000000e+00
0.000000000000000000e+00
1.002112234712372363e+01
0.000000000000000000e+00
3.862922235698845963e+00
1.317029416865539382e+01
0.000000000000000000e+00
0.000000000000000000e+00
1.259938500702593522e+01
0.000000000000000000e+00
6.716441803625773588e+00
1.535452059339249153e+01
0.000000000000000000e+00
6.163640998311147534e+00
0.000000000000000000e+00
0.000000000000000000e+00
0.000000000000000000e+00
0.000000000000000000e+00
0.000000000000000000e+00
0.000000000000000000e+00
1.349937217475671147e+01
8.436921582984886925e+00
0.000000000000000000e+00
2.515961884617063404e+01
1.262942418187449078e+01
0.000000000000000000e+00
0.000000000000000000e+00
0.000000000000000000e+00
0.000000000000000000e+00
1.317029416865539382e+01
1.002112234712372363e+01
1.825487429927869698e+01
0.000000000000000000e+00
1.172229113657241584e+01
0.000000000000000000e+00
0.000000000000000000e+00
0.000000000000000000e+00
0.000000000000000000e+00
3.900135790894135868e-01
0.000000000000000000e+00
0.000000000000000000e+00
1.816104320633402125e+01
2.415983906922046742e+01
0.000000000000000000e+00
0.000000000000000000e+00
0.000000000000000000e+00
0.000000000000000000e+00
9.305265123779818737e+00
0.000000000000000000e+00
9.196376598494671484e+00
0.000000000000000000e+00
4.334058492443280564e+00
0.000000000000000000e+00
1.924007059347394843e+01
0.000000000000000000e+00
0.000000000000000000e+00
0.000000000000000000e+00
0.000000000000000000e+00
0.000000000000000000e+00
0.000000000000000000e+00
1.825469433076096593e+01
1.442281588773592915e+01
4.550080621041566187e-02
0.000000000000000000e+00
0.000000000000000000e+00
0.000000000000000000e+00
1.535233008588733128e+01
0.000000000000000000e+00
3.900135790894135868e-01
1.441453037856402020e+01
0.000000000000000000e+00
2.098603076082607544e+00
0.000000000000000000e+00
1.416400715326667914e+01
0.000000000000000000e+00
0.000000000000000000e+00
7.698698792770650279e+00
5.703057437393382889e-02
8.368273279653728025e+00
0.000000000000000000e+00
0.000000000000000000e+00
0.000000000000000000e+00
7.615596306614360600e+00
0.000000000000000000e+00
0.000000000000000000e+00
1.305296895219181796e-01
8.427851313041411885e+00
7.528187194505107094e+00
0.000000000000000000e+00
0.000000000000000000e+00
0.000000000000000000e+00
0.000000000000000000e+00
0.000000000000000000e+00
2.915960255643086185e+01
0.000000000000000000e+00
0.000000000000000000e+00
0.000000000000000000e+00
0.000000000000000000e+00
0.000000000000000000e+00
0.000000000000000000e+00
8.399284651878017982e+00
-1.585501797907451493e+00
0.000000000000000000e+00
1.175187570861436726e+01
0.000000000000000000e+00
0.000000000000000000e+00
0.000000000000000000e+00
0.000000000000000000e+00
0.000000000000000000e+00
0.000000000000000000e+00
0.000000000000000000e+00
0.000000000000000000e+00
0.000000000000000000e+00
3.769994772533051375e+00
2.180422473716055798e+00
8.643759228790588445e-01
0.000000000000000000e+00
0.000000000000000000e+00
7.725992578834862456e+00
2.516070399002705571e+01
2.815960255643082633e+01
1.120169477251150292e-01
4.503323549558988503e+00
8.378231591054371208e+00
1.441444978017833201e+01
1.258761822004345809e+01
0.000000000000000000e+00
0.000000000000000000e+00
-1.585501797907451493e+00
0.000000000000000000e+00
0.000000000000000000e+00
0.000000000000000000e+00
0.000000000000000000e+00
0.000000000000000000e+00
0.000000000000000000e+00
2.612825331337980117e+00
0.000000000000000000e+00
1.414372462583733503e+00
0.000000000000000000e+00
0.000000000000000000e+00
1.630663931121887700e+01
0.000000000000000000e+00
0.000000000000000000e+00
0.000000000000000000e+00
1.218387937153693201e+01
0.000000000000000000e+00
0.000000000000000000e+00
8.383655174814666822e+00
0.000000000000000000e+00
0.000000000000000000e+00
0.000000000000000000e+00
0.000000000000000000e+00
0.000000000000000000e+00
2.215983906922048874e+01
3.624770784070717511e+00
0.000000000000000000e+00
0.000000000000000000e+00
1.217273964973697886e+01
0.000000000000000000e+00
0.000000000000000000e+00
0.000000000000000000e+00
6.716441803625773588e+00
1.258764918896324048e+01
0.000000000000000000e+00
0.000000000000000000e+00
0.000000000000000000e+00
0.000000000000000000e+00
-6.348344346297644769e+00
2.516021947477623399e+01
0.000000000000000000e+00
0.000000000000000000e+00
0.000000000000000000e+00
0.000000000000000000e+00
0.000000000000000000e+00
0.000000000000000000e+00
0.000000000000000000e+00
0.000000000000000000e+00
1.630593487336330227e+01
1.217313964973697793e+01
0.000000000000000000e+00
0.000000000000000000e+00
0.000000000000000000e+00
1.004735258421436406e+01
0.000000000000000000e+00
0.000000000000000000e+00
-2.564427289377075869e+00
0.000000000000000000e+00
0.000000000000000000e+00
0.000000000000000000e+00
0.000000000000000000e+00
5.885768556609896507e+00
1.346664017939825042e+00
0.000000000000000000e+00
1.727576933756919075e+01
1.616209098870189464e+01
0.000000000000000000e+00
0.000000000000000000e+00
0.000000000000000000e+00
1.535233187809340549e+01
1.416510186098574842e+01
5.137847124153488210e+00
0.000000000000000000e+00
0.000000000000000000e+00
0.000000000000000000e+00
0.000000000000000000e+00
1.716042435123853949e+01
0.000000000000000000e+00
4.221584328480807002e+00
0.000000000000000000e+00
0.000000000000000000e+00
3.131824004301468456e+00
0.000000000000000000e+00
0.000000000000000000e+00
0.000000000000000000e+00
0.000000000000000000e+00
0.000000000000000000e+00
0.000000000000000000e+00
0.000000000000000000e+00
0.000000000000000000e+00
0.000000000000000000e+00
0.000000000000000000e+00
5.558113164299467890e+00
0.000000000000000000e+00
0.000000000000000000e+00
7.528187194505107094e+00
0.000000000000000000e+00
0.000000000000000000e+00
0.000000000000000000e+00
0.000000000000000000e+00
0.000000000000000000e+00
0.000000000000000000e+00
-6.348719746149820153e+00
4.196362637861647649e+00
1.630632580557281486e+01
0.000000000000000000e+00
8.427851313041411885e+00
0.000000000000000000e+00
0.000000000000000000e+00
1.535507632401133904e+01
0.000000000000000000e+00
0.000000000000000000e+00
0.000000000000000000e+00
0.000000000000000000e+00
0.000000000000000000e+00
0.000000000000000000e+00
1.716044064097831168e+01
0.000000000000000000e+00
3.900135790894135868e-01
0.000000000000000000e+00
2.115983906922048874e+01
0.000000000000000000e+00
-3.533560160015850826e+00
2.016453110727865550e+01
-3.533560160015850826e+00
0.000000000000000000e+00
0.000000000000000000e+00
0.000000000000000000e+00
0.000000000000000000e+00
1.003394866868728030e+01
4.503323549558988503e+00
2.416021947477625176e+01
0.000000000000000000e+00
6.196314702509400085e+00
0.000000000000000000e+00
0.000000000000000000e+00
1.535508499308048691e+01
1.443346034070526862e+01
6.962019353496940788e+00
-2.564427289377075869e+00
0.000000000000000000e+00
0.000000000000000000e+00
1.349742317222314369e+01
0.000000000000000000e+00
0.000000000000000000e+00
1.416696783222949918e+01
0.000000000000000000e+00
1.083931629325152279e+01
0.000000000000000000e+00
0.000000000000000000e+00
1.441444978017833201e+01
0.000000000000000000e+00
0.000000000000000000e+00
0.000000000000000000e+00
0.000000000000000000e+00
0.000000000000000000e+00
0.000000000000000000e+00
2.316147773626673612e+01
0.000000000000000000e+00
0.000000000000000000e+00
0.000000000000000000e+00
7.520674448531208256e+00
1.773756519981244395e+00
0.000000000000000000e+00
1.442238341736014107e+01
2.023028256705763184e+01
0.000000000000000000e+00
0.000000000000000000e+00
0.000000000000000000e+00
3.900135790894135868e-01
0.000000000000000000e+00
6.692411673795216842e+00
0.000000000000000000e+00
1.630865636428390530e+01
0.000000000000000000e+00
0.000000000000000000e+00
3.769994772533051375e+00
-6.001942165440290466e-01
0.000000000000000000e+00
8.467082085243305301e+00
0.000000000000000000e+00
1.825469433076096593e+01
0.000000000000000000e+00
1.825462307106072402e+01
1.442335436174496799e+01
-6.001942165440290466e-01
4.845483898309263182e+00
0.000000000000000000e+00
1.019463963656674643e+01
0.000000000000000000e+00
1.815995806247760314e+01
1.267719921804808791e+01
1.727584310034372095e+01
0.000000000000000000e+00
0.000000000000000000e+00
0.000000000000000000e+00
0.000000000000000000e+00
0.000000000000000000e+00
0.000000000000000000e+00
0.000000000000000000e+00
1.616098955510570434e+01
0.000000000000000000e+00
0.000000000000000000e+00
2.515983906922044966e+01
0.000000000000000000e+00
0.000000000000000000e+00
3.794242003659411999e+00
9.654801918995590260e-01
0.000000000000000000e+00
0.000000000000000000e+00
4.441747153181394125e+00
0.000000000000000000e+00
0.000000000000000000e+00
0.000000000000000000e+00
0.000000000000000000e+00
0.000000000000000000e+00
1.441542172863293025e+01
1.853202389980068698e-02
0.000000000000000000e+00
0.000000000000000000e+00
0.000000000000000000e+00
6.299372642239324804e+00
0.000000000000000000e+00
1.442305801737212434e+01
0.000000000000000000e+00
0.000000000000000000e+00
0.000000000000000000e+00
0.000000000000000000e+00
1.727584310034372095e+01
0.000000000000000000e+00
0.000000000000000000e+00
0.000000000000000000e+00
1.003394866868728030e+01
0.000000000000000000e+00
5.637317159784534237e-02
0.000000000000000000e+00
3.100619252701498851e+00
1.001275403384765461e+01
2.115983906922048874e+01
0.000000000000000000e+00
0.000000000000000000e+00
0.000000000000000000e+00
0.000000000000000000e+00
0.000000000000000000e+00
0.000000000000000000e+00
1.019506709105476894e+01
4.826199297912423525e+00
0.000000000000000000e+00
0.000000000000000000e+00
1.719064190045476836e+00
0.000000000000000000e+00
2.915960255643086185e+01
0.000000000000000000e+00
0.000000000000000000e+00
2.216021947477627307e+01
2.995499009326119566e+00
0.000000000000000000e+00
0.000000000000000000e+00
3.900135790894135868e-01
0.000000000000000000e+00
0.000000000000000000e+00
1.727568408416730605e+01
1.716811419541127748e+01
0.000000000000000000e+00
9.105956469133283937e-01
0.000000000000000000e+00
0.000000000000000000e+00
1.816055869108320309e+01
0.000000000000000000e+00
0.000000000000000000e+00
-5.426379286570661264e+00
1.217253714919318064e+01
0.000000000000000000e+00
0.000000000000000000e+00
0.000000000000000000e+00
0.000000000000000000e+00
9.247576038784719898e+00
8.383558368950609463e+00
1.258547695194961946e+01
0.000000000000000000e+00
1.442335436174496799e+01
3.636415371075591096e+00
0.000000000000000000e+00
0.000000000000000000e+00
0.000000000000000000e+00
1.630853625661519501e+01
0.000000000000000000e+00
1.616122606789529215e+01
1.862553954957850422e-01
2.116259270023125794e+01
1.091988302475784600e+01
0.000000000000000000e+00
0.000000000000000000e+00
0.000000000000000000e+00
-2.564427289377075869e+00
0.000000000000000000e+00
2.515983906922044966e+01
8.503786579571169568e+00
0.000000000000000000e+00
0.000000000000000000e+00
0.000000000000000000e+00
0.000000000000000000e+00
0.000000000000000000e+00
0.000000000000000000e+00
0.000000000000000000e+00
0.000000000000000000e+00
0.000000000000000000e+00
6.721237454720993654e+00
2.015962510090219695e+01
0.000000000000000000e+00
0.000000000000000000e+00
0.000000000000000000e+00
0.000000000000000000e+00
0.000000000000000000e+00
0.000000000000000000e+00
0.000000000000000000e+00
0.000000000000000000e+00
0.000000000000000000e+00
0.000000000000000000e+00
5.092591179550393088e-01
1.088450803854380489e+01
0.000000000000000000e+00
9.254940884789055744e+00
0.000000000000000000e+00
0.000000000000000000e+00
0.000000000000000000e+00
0.000000000000000000e+00
0.000000000000000000e+00
0.000000000000000000e+00
0.000000000000000000e+00
0.000000000000000000e+00
0.000000000000000000e+00
0.000000000000000000e+00
0.000000000000000000e+00
6.218241918766231890e+00
-6.001942165440290466e-01
0.000000000000000000e+00
1.630885969651653866e+01
7.718892838255662525e+00
0.000000000000000000e+00
0.000000000000000000e+00
0.000000000000000000e+00
0.000000000000000000e+00
0.000000000000000000e+00
0.000000000000000000e+00
0.000000000000000000e+00
0.000000000000000000e+00
0.000000000000000000e+00
0.000000000000000000e+00
0.000000000000000000e+00
0.000000000000000000e+00
6.712635507567680904e+00
0.000000000000000000e+00
0.000000000000000000e+00
0.000000000000000000e+00
0.000000000000000000e+00
0.000000000000000000e+00
0.000000000000000000e+00
0.000000000000000000e+00
0.000000000000000000e+00
0.000000000000000000e+00
0.000000000000000000e+00
2.715960255643086185e+01
1.287633121516438051e+00
0.000000000000000000e+00
0.000000000000000000e+00
0.000000000000000000e+00
0.000000000000000000e+00
1.130048411074441761e+00
2.023040147777366471e+01
0.000000000000000000e+00
0.000000000000000000e+00
0.000000000000000000e+00
2.715961884617063404e+01
1.120169477251150292e-01
1.092087724718671105e+01
0.000000000000000000e+00
0.000000000000000000e+00
0.000000000000000000e+00
0.000000000000000000e+00
2.026130340962481458e-01
0.000000000000000000e+00
0.000000000000000000e+00
2.315961884617065536e+01
0.000000000000000000e+00
0.000000000000000000e+00
1.567585315634728138e+00
0.000000000000000000e+00
0.000000000000000000e+00
0.000000000000000000e+00
0.000000000000000000e+00
0.000000000000000000e+00
0.000000000000000000e+00
0.000000000000000000e+00
3.644111786492066241e+00
0.000000000000000000e+00
1.099750472746261565e+01
1.441472745174890235e+01
0.000000000000000000e+00
0.000000000000000000e+00
0.000000000000000000e+00
0.000000000000000000e+00
0.000000000000000000e+00
0.000000000000000000e+00
1.441283326903335116e+01
0.000000000000000000e+00
1.170354995912165030e+01
0.000000000000000000e+00
9.308475812738995714e+00
0.000000000000000000e+00
8.500752987602490762e+00
0.000000000000000000e+00
5.078489914576699071e+00
0.000000000000000000e+00
1.087188041644811953e+01
0.000000000000000000e+00
-6.001942165440290466e-01
9.254940884789055744e+00
0.000000000000000000e+00
3.900135790894135868e-01
0.000000000000000000e+00
1.349937217475671147e+01
0.000000000000000000e+00
0.000000000000000000e+00
0.000000000000000000e+00
1.815994485127763625e+01
0.000000000000000000e+00
5.918495604863350384e-02
1.258678345044966207e+01
1.716341449503890004e+01
1.917152383027167772e+01
1.316920199481680243e+01
0.000000000000000000e+00
0.000000000000000000e+00
2.023027845735626329e+01
1.727499539986143517e+01
7.503027081729095327e-02
3.673943379259994035e+00
0.000000000000000000e+00
0.000000000000000000e+00
0.000000000000000000e+00
1.853545110862888423e+00
0.000000000000000000e+00
0.000000000000000000e+00
1.173156612484224404e+01
0.000000000000000000e+00
2.216147773626674677e+01
6.871364086834137908e+00
6.153541886211407963e+00
0.000000000000000000e+00
2.023027845735626329e+01
0.000000000000000000e+00
0.000000000000000000e+00
2.416070399002706637e+01
0.000000000000000000e+00
2.023027845735626329e+01
-1.585501797907451493e+00
0.000000000000000000e+00
1.021934343369627918e+01
0.000000000000000000e+00
7.520674448531208256e+00
0.000000000000000000e+00
0.000000000000000000e+00
-1.585501797907451493e+00
1.825476678817936715e+01
0.000000000000000000e+00
0.000000000000000000e+00
0.000000000000000000e+00
0.000000000000000000e+00
0.000000000000000000e+00
0.000000000000000000e+00
0.000000000000000000e+00
9.654801918995590260e-01
1.859679459370177368e-01
3.855417491946264708e+00
0.000000000000000000e+00
6.680900337802569311e+00
0.000000000000000000e+00
0.000000000000000000e+00
0.000000000000000000e+00
0.000000000000000000e+00
1.825476678817936715e+01
0.000000000000000000e+00
0.000000000000000000e+00
1.181640719869074019e+01
3.900135790894135868e-01
1.825469433076096593e+01
0.000000000000000000e+00
0.000000000000000000e+00
0.000000000000000000e+00
0.000000000000000000e+00
8.554989965224605086e+00
1.535169100281216892e+01
1.441567503520022520e+01
0.000000000000000000e+00
3.900135790894135868e-01
2.515961884617063404e+01
0.000000000000000000e+00
1.316796947079057212e+01
0.000000000000000000e+00
3.814796164148680724e+00
0.000000000000000000e+00
0.000000000000000000e+00
0.000000000000000000e+00
1.916460180790637935e+01
0.000000000000000000e+00
0.000000000000000000e+00
0.000000000000000000e+00
1.784817930044960699e+00
0.000000000000000000e+00
8.988709541710671047e-02
9.254179950674540578e+00
