0.000000000000000000e+00
0.000000000000000000e+00
0.000000000000000000e+00
0.000000000000000000e+00
0.000000000000000000e+00
0.000000000000000000e+00
2.228174551634989342e+00
1.099292482241704683e+01
0.000000000000000000e+00
0.000000000000000000e+00
1.737829836327227895e+01
0.000000000000000000e+00
1.699067968949703555e+01
0.000000000000000000e+00
0.000000000000000000e+00
2.792246506351728552e+00
0.000000000000000000e+00
0.000000000000000000e+00
0.000000000000000000e+00
0.000000000000000000e+00
0.000000000000000000e+00
5.821287027076921916e+00
0.000000000000000000e+00
0.000000000000000000e+00
0.000000000000000000e+00
0.000000000000000000e+00
3.790958088754721178e+00
0.000000000000000000e+00
0.000000000000000000e+00
0.000000000000000000e+00
8.596604809768306765e+00
0.000000000000000000e+00
8.385610547937748294e+00
1.437577703830704223e+01
0.000000000000000000e+00
0.000000000000000000e+00
0.000000000000000000e+00
0.000000000000000000e+00
0.000000000000000000e+00
0.000000000000000000e+00
0.000000000000000000e+00
9.004475594393316129e+00
0.000000000000000000e+00
0.000000000000000000e+00
0.000000000000000000e+00
0.000000000000000000e+00
0.000000000000000000e+00
0.000000000000000000e+00
0.000000000000000000e+00
0.000000000000000000e+00
0.000000000000000000e+00
0.000000000000000000e+00
0.000000000000000000e+00
0.000000000000000000e+00
0.000000000000000000e+00
2.025891158637401102e+00
0.000000000000000000e+00
0.000000000000000000e+00
0.000000000000000000e+00
0.000000000000000000e+00
0.000000000000000000e+00
0.000000000000000000e+00
0.000000000000000000e+00
0.000000000000000000e+00
0.000000000000000000e+00
1.599067968949701424e+01
0.000000000000000000e+00
0.000000000000000000e+00
0.000000000000000000e+00
0.000000000000000000e+00
2.812278981276362000e+00
0.000000000000000000e+00
0.000000000000000000e+00
0.000000000000000000e+00
1.357049366551775216e-01
1.499067968949702312e+01
0.000000000000000000e+00
0.000000000000000000e+00
0.000000000000000000e+00
0.000000000000000000e+00
0.000000000000000000e+00
7.058458446512672957e+00
0.000000000000000000e+00
0.000000000000000000e+00
0.000000000000000000e+00
0.000000000000000000e+00
0.000000000000000000e+00
0.000000000000000000e+00
7.381624369374614858e+00
0.000000000000000000e+00
0.000000000000000000e+00
0.000000000000000000e+00
3.998856268439233030e+00
0.000000000000000000e+00
0.000000000000000000e+00
0.000000000000000000e+00
0.000000000000000000e+00
0.000000000000000000e+00
-2.450745563140048766e+00
0.000000000000000000e+00
0.000000000000000000e+00
0.000000000000000000e+00
0.000000000000000000e+00
8.356116156301668596e+00
0.000000000000000000e+00
0.000000000000000000e+00
0.000000000000000000e+00
0.000000000000000000e+00
9.343037690416316821e+00
0.000000000000000000e+00
0.000000000000000000e+00
1.345433995565298524e+01
0.000000000000000000e+00
0.000000000000000000e+00
0.000000000000000000e+00
0.000000000000000000e+00
0.000000000000000000e+00
0.000000000000000000e+00
0.000000000000000000e+00
0.000000000000000000e+00
0.000000000000000000e+00
3.865480786196695551e+00
0.000000000000000000e+00
0.000000000000000000e+00
0.000000000000000000e+00
0.000000000000000000e+00
1.278983551050263578e+01
0.000000000000000000e+00
0.000000000000000000e+00
0.000000000000000000e+00
0.000000000000000000e+00
0.000000000000000000e+00
0.000000000000000000e+00
4.790361373402795664e+00
0.000000000000000000e+00
0.000000000000000000e+00
0.000000000000000000e+00
0.000000000000000000e+00
1.433513831585530696e+01
-1.889944471235591505e+00
0.000000000000000000e+00
1.441355306098219557e+01
1.699067968949703555e+01
0.000000000000000000e+00
0.000000000000000000e+00
8.597166169133192426e+00
0.000000000000000000e+00
0.000000000000000000e+00
0.000000000000000000e+00
2.199067968949699647e+01
0.000000000000000000e+00
-8.530449385701787790e+00
0.000000000000000000e+00
0.000000000000000000e+00
0.000000000000000000e+00
0.000000000000000000e+00
0.000000000000000000e+00
1.894806203957451807e+00
0.000000000000000000e+00
0.000000000000000000e+00
0.000000000000000000e+00
0.000000000000000000e+00
0.000000000000000000e+00
0.000000000000000000e+00
8.074375589619235960e-01
-8.445267939591513340e+00
1.678983551050263401e+01
3.288763458443395571e-01
1.239259743477569620e+00
0.000000000000000000e+00
1.467473752994576941e+00
-3.698907507605961431e+00
0.000000000000000000e+00
0.000000000000000000e+00
0.000000000000000000e+00
0.000000000000000000e+00
1.341371962439755450e+01
1.541378701588081235e+01
1.220092803674060589e+00
0.000000000000000000e+00
2.841345492462385991e+01
0.000000000000000000e+00
0.000000000000000000e+00
1.841345492462382794e+01
0.000000000000000000e+00
0.000000000000000000e+00
0.000000000000000000e+00
0.000000000000000000e+00
1.599067968949701424e+01
0.000000000000000000e+00
0.000000000000000000e+00
0.000000000000000000e+00
1.437651031302685212e+01
0.000000000000000000e+00
0.000000000000000000e+00
0.000000000000000000e+00
0.000000000000000000e+00
0.000000000000000000e+00
6.424225160201984863e+00
9.946892003406951899e-01
0.000000000000000000e+00
1.041586592047296911e+01
2.904381458050031117e+00
3.127596293445037201e+00
0.000000000000000000e+00
3.909634303910209496e+00
0.000000000000000000e+00
0.000000000000000000e+00
9.343037690416316821e+00
0.000000000000000000e+00
0.000000000000000000e+00
0.000000000000000000e+00
0.000000000000000000e+00
1.333518015346792751e+01
1.999067968949699292e+01
0.000000000000000000e+00
0.000000000000000000e+00
0.000000000000000000e+00
0.000000000000000000e+00
0.000000000000000000e+00
0.000000000000000000e+00
2.037929621471010577e+01
0.000000000000000000e+00
0.000000000000000000e+00
0.000000000000000000e+00
0.000000000000000000e+00
6.505120341265055117e+00
0.000000000000000000e+00
0.000000000000000000e+00
0.000000000000000000e+00
0.000000000000000000e+00
0.000000000000000000e+00
0.000000000000000000e+00
0.000000000000000000e+00
0.000000000000000000e+00
0.000000000000000000e+00
0.000000000000000000e+00
0.000000000000000000e+00
0.000000000000000000e+00
0.000000000000000000e+00
0.000000000000000000e+00
0.000000000000000000e+00
0.000000000000000000e+00
9.184785349324975368e-01
0.000000000000000000e+00
0.000000000000000000e+00
0.000000000000000000e+00
0.000000000000000000e+00
0.000000000000000000e+00
9.004475594393316129e+00
0.000000000000000000e+00
0.000000000000000000e+00
0.000000000000000000e+00
1.659387203642846975e-01
1.578983551050266598e+01
0.000000000000000000e+00
0.000000000000000000e+00
0.000000000000000000e+00
0.000000000000000000e+00
0.000000000000000000e+00
-2.390782998867105880e-01
0.000000000000000000e+00
0.000000000000000000e+00
0.000000000000000000e+00
0.000000000000000000e+00
0.000000000000000000e+00
0.000000000000000000e+00
0.000000000000000000e+00
0.000000000000000000e+00
0.000000000000000000e+00
0.000000000000000000e+00
0.000000000000000000e+00
0.000000000000000000e+00
0.000000000000000000e+00
0.000000000000000000e+00
8.104018025788004564e-01
0.000000000000000000e+00
0.000000000000000000e+00
0.000000000000000000e+00
-2.029870194904146441e+00
5.536267517749397626e+00
0.000000000000000000e+00
0.000000000000000000e+00
5.916247683635952326e-01
0.000000000000000000e+00
0.000000000000000000e+00
0.000000000000000000e+00
0.000000000000000000e+00
0.000000000000000000e+00
0.000000000000000000e+00
3.314803495011276357e+00
0.000000000000000000e+00
0.000000000000000000e+00
7.038685317938934149e-01
0.000000000000000000e+00
0.000000000000000000e+00
0.000000000000000000e+00
0.000000000000000000e+00
0.000000000000000000e+00
0.000000000000000000e+00
0.000000000000000000e+00
0.000000000000000000e+00
2.808907601035372584e-02
5.953089654934196062e-01
0.000000000000000000e+00
0.000000000000000000e+00
2.792257615179605690e+00
0.000000000000000000e+00
0.000000000000000000e+00
0.000000000000000000e+00
0.000000000000000000e+00
2.685924961515337994e+00
5.790100210276327708e+00
0.000000000000000000e+00
0.000000000000000000e+00
0.000000000000000000e+00
0.000000000000000000e+00
0.000000000000000000e+00
9.419437298272656633e+00
0.000000000000000000e+00
0.000000000000000000e+00
0.000000000000000000e+00
1.478733299589498840e+00
0.000000000000000000e+00
0.000000000000000000e+00
7.782948428167841826e-01
0.000000000000000000e+00
0.000000000000000000e+00
1.333518015346792751e+01
0.000000000000000000e+00
0.000000000000000000e+00
0.000000000000000000e+00
0.000000000000000000e+00
0.000000000000000000e+00
0.000000000000000000e+00
0.000000000000000000e+00
0.000000000000000000e+00
2.348063965118885488e+00
1.641345492462383859e+01
0.000000000000000000e+00
0.000000000000000000e+00
0.000000000000000000e+00
0.000000000000000000e+00
0.000000000000000000e+00
0.000000000000000000e+00
0.000000000000000000e+00
0.000000000000000000e+00
0.000000000000000000e+00
0.000000000000000000e+00
8.789835510502626903e+00
0.000000000000000000e+00
0.000000000000000000e+00
0.000000000000000000e+00
0.000000000000000000e+00
7.383684007396101201e+00
0.000000000000000000e+00
0.000000000000000000e+00
0.000000000000000000e+00
0.000000000000000000e+00
1.499067968949702312e+01
0.000000000000000000e+00
0.000000000000000000e+00
0.000000000000000000e+00
0.000000000000000000e+00
0.000000000000000000e+00
6.574900226886944310e+00
0.000000000000000000e+00
0.000000000000000000e+00
0.000000000000000000e+00
0.000000000000000000e+00
0.000000000000000000e+00
0.000000000000000000e+00
0.000000000000000000e+00
0.000000000000000000e+00
0.000000000000000000e+00
0.000000000000000000e+00
0.000000000000000000e+00
0.000000000000000000e+00
0.000000000000000000e+00
0.000000000000000000e+00
0.000000000000000000e+00
8.056531702693573438e-01
0.000000000000000000e+00
1.399071221263915277e+01
0.000000000000000000e+00
0.000000000000000000e+00
0.000000000000000000e+00
0.000000000000000000e+00
0.000000000000000000e+00
0.000000000000000000e+00
0.000000000000000000e+00
0.000000000000000000e+00
0.000000000000000000e+00
0.000000000000000000e+00
0.000000000000000000e+00
0.000000000000000000e+00
0.000000000000000000e+00
0.000000000000000000e+00
0.000000000000000000e+00
0.000000000000000000e+00
0.000000000000000000e+00
0.000000000000000000e+00
0.000000000000000000e+00
0.000000000000000000e+00
0.000000000000000000e+00
0.000000000000000000e+00
3.334314252565596881e+00
0.000000000000000000e+00
0.000000000000000000e+00
0.000000000000000000e+00
0.000000000000000000e+00
0.000000000000000000e+00
0.000000000000000000e+00
0.000000000000000000e+00
0.000000000000000000e+00
0.000000000000000000e+00
2.234492461603090341e+00
0.000000000000000000e+00
1.389293960108758386e+00
5.020630933481482039e+00
0.000000000000000000e+00
0.000000000000000000e+00
0.000000000000000000e+00
0.000000000000000000e+00
0.000000000000000000e+00
7.450389026269840897e+00
0.000000000000000000e+00
0.000000000000000000e+00
0.000000000000000000e+00
0.000000000000000000e+00
0.000000000000000000e+00
2.058341594245881812e+00
1.199163051083051990e+01
0.000000000000000000e+00
0.000000000000000000e+00
0.000000000000000000e+00
0.000000000000000000e+00
0.000000000000000000e+00
0.000000000000000000e+00
0.000000000000000000e+00
0.000000000000000000e+00
0.000000000000000000e+00
0.000000000000000000e+00
0.000000000000000000e+00
0.000000000000000000e+00
0.000000000000000000e+00
0.000000000000000000e+00
0.000000000000000000e+00
0.000000000000000000e+00
0.000000000000000000e+00
1.441355306098219557e+01
1.899067968949703911e+01
1.641345492462383859e+01
1.199163051083051990e+01
1.841345492462382794e+01
0.000000000000000000e+00
4.277493836496290669e+00
0.000000000000000000e+00
0.000000000000000000e+00
7.406620929948839915e+00
6.126653984482582693e+00
0.000000000000000000e+00
0.000000000000000000e+00
4.982744819171598394e+00
0.000000000000000000e+00
0.000000000000000000e+00
1.960001376028857267e+00
0.000000000000000000e+00
0.000000000000000000e+00
0.000000000000000000e+00
8.595222587161806871e+00
1.889052682223658852e+00
0.000000000000000000e+00
1.937858916983168101e+01
0.000000000000000000e+00
0.000000000000000000e+00
0.000000000000000000e+00
0.000000000000000000e+00
0.000000000000000000e+00
0.000000000000000000e+00
8.356116156301668596e+00
0.000000000000000000e+00
0.000000000000000000e+00
0.000000000000000000e+00
2.241345492462381372e+01
0.000000000000000000e+00
0.000000000000000000e+00
0.000000000000000000e+00
0.000000000000000000e+00
0.000000000000000000e+00
0.000000000000000000e+00
0.000000000000000000e+00
0.000000000000000000e+00
0.000000000000000000e+00
0.000000000000000000e+00
0.000000000000000000e+00
0.000000000000000000e+00
0.000000000000000000e+00
0.000000000000000000e+00
1.401954141088397998e+00
0.000000000000000000e+00
0.000000000000000000e+00
0.000000000000000000e+00
8.401414270699403275e+00
8.596021162436644047e+00
0.000000000000000000e+00
0.000000000000000000e+00
1.699067968949703555e+01
0.000000000000000000e+00
0.000000000000000000e+00
0.000000000000000000e+00
1.499067968949702312e+01
3.816253396225798289e-01
0.000000000000000000e+00
0.000000000000000000e+00
0.000000000000000000e+00
1.038449556597755041e+01
0.000000000000000000e+00
0.000000000000000000e+00
-6.950865770357621543e+00
0.000000000000000000e+00
0.000000000000000000e+00
0.000000000000000000e+00
0.000000000000000000e+00
0.000000000000000000e+00
0.000000000000000000e+00
0.000000000000000000e+00
0.000000000000000000e+00
0.000000000000000000e+00
0.000000000000000000e+00
0.000000000000000000e+00
0.000000000000000000e+00
3.198336225326583016e+00
7.782947450261750166e-01
0.000000000000000000e+00
0.000000000000000000e+00
0.000000000000000000e+00
0.000000000000000000e+00
0.000000000000000000e+00
0.000000000000000000e+00
2.541345492462385991e+01
-1.121432004217109313e+00
0.000000000000000000e+00
0.000000000000000000e+00
2.219945136206081249e-01
0.000000000000000000e+00
0.000000000000000000e+00
0.000000000000000000e+00
0.000000000000000000e+00
0.000000000000000000e+00
0.000000000000000000e+00
0.000000000000000000e+00
0.000000000000000000e+00
1.638473519245164312e+01
0.000000000000000000e+00
0.000000000000000000e+00
0.000000000000000000e+00
0.000000000000000000e+00
0.000000000000000000e+00
0.000000000000000000e+00
0.000000000000000000e+00
0.000000000000000000e+00
0.000000000000000000e+00
8.046563690084269638e-01
0.000000000000000000e+00
0.000000000000000000e+00
0.000000000000000000e+00
0.000000000000000000e+00
0.000000000000000000e+00
0.000000000000000000e+00
0.000000000000000000e+00
4.624263078299895025e-01
1.633513831585541354e+01
0.000000000000000000e+00
3.588270831499409397e+00
0.000000000000000000e+00
2.241345492462381372e+01
0.000000000000000000e+00
0.000000000000000000e+00
0.000000000000000000e+00
0.000000000000000000e+00
0.000000000000000000e+00
0.000000000000000000e+00
0.000000000000000000e+00
8.596604809768306765e+00
0.000000000000000000e+00
0.000000000000000000e+00
0.000000000000000000e+00
7.948318923596394692e-01
0.000000000000000000e+00
0.000000000000000000e+00
0.000000000000000000e+00
0.000000000000000000e+00
0.000000000000000000e+00
-4.347704958078035808e+00
0.000000000000000000e+00
1.460421426431342207e+00
0.000000000000000000e+00
0.000000000000000000e+00
0.000000000000000000e+00
1.141457750287594308e+01
0.000000000000000000e+00
0.000000000000000000e+00
0.000000000000000000e+00
0.000000000000000000e+00
0.000000000000000000e+00
9.343037690416316821e+00
9.996496778115313120e+00
0.000000000000000000e+00
0.000000000000000000e+00
0.000000000000000000e+00
0.000000000000000000e+00
4.874298387503422703e+00
0.000000000000000000e+00
0.000000000000000000e+00
0.000000000000000000e+00
1.678983551050263401e+01
0.000000000000000000e+00
0.000000000000000000e+00
0.000000000000000000e+00
7.450389026269840897e+00
0.000000000000000000e+00
0.000000000000000000e+00
0.000000000000000000e+00
0.000000000000000000e+00
0.000000000000000000e+00
0.000000000000000000e+00
0.000000000000000000e+00
0.000000000000000000e+00
0.000000000000000000e+00
-1.669272924783686274e-01
0.000000000000000000e+00
0.000000000000000000e+00
1.556757872166287138e+00
0.000000000000000000e+00
3.164883524433082851e+00
3.151455017086388644e+00
6.435235774282255683e+00
0.000000000000000000e+00
0.000000000000000000e+00
7.632528994323103610e+00
0.000000000000000000e+00
0.000000000000000000e+00
0.000000000000000000e+00
8.789835510502626903e+00
0.000000000000000000e+00
1.037776882789300714e+01
0.000000000000000000e+00
0.000000000000000000e+00
6.478047792959246154e-02
0.000000000000000000e+00
0.000000000000000000e+00
0.000000000000000000e+00
0.000000000000000000e+00
0.000000000000000000e+00
0.000000000000000000e+00
0.000000000000000000e+00
0.000000000000000000e+00
7.631746301016555378e+00
0.000000000000000000e+00
0.000000000000000000e+00
0.000000000000000000e+00
0.000000000000000000e+00
0.000000000000000000e+00
0.000000000000000000e+00
1.337661612066566086e+01
0.000000000000000000e+00
0.000000000000000000e+00
0.000000000000000000e+00
0.000000000000000000e+00
8.043054293341673766e-01
1.433513831585530696e+01
0.000000000000000000e+00
0.000000000000000000e+00
0.000000000000000000e+00
1.038669037409956886e+01
0.000000000000000000e+00
0.000000000000000000e+00
0.000000000000000000e+00
0.000000000000000000e+00
0.000000000000000000e+00
1.341373073322542986e+01
0.000000000000000000e+00
0.000000000000000000e+00
8.596604809768306765e+00
0.000000000000000000e+00
0.000000000000000000e+00
1.263191723904529384e+00
0.000000000000000000e+00
0.000000000000000000e+00
0.000000000000000000e+00
0.000000000000000000e+00
-2.200015657173354511e-01
0.000000000000000000e+00
2.299067968949697871e+01
0.000000000000000000e+00
0.000000000000000000e+00
0.000000000000000000e+00
0.000000000000000000e+00
0.000000000000000000e+00
3.961799153845739219e-01
0.000000000000000000e+00
1.437651031302685212e+01
0.000000000000000000e+00
0.000000000000000000e+00
0.000000000000000000e+00
0.000000000000000000e+00
3.377010387888864429e+00
0.000000000000000000e+00
-3.625235632079020220e+00
4.763658940397493602e+00
0.000000000000000000e+00
1.533513831585536202e+01
0.000000000000000000e+00
0.000000000000000000e+00
0.000000000000000000e+00
0.000000000000000000e+00
0.000000000000000000e+00
7.790833361940459945e+00
0.000000000000000000e+00
0.000000000000000000e+00
0.000000000000000000e+00
0.000000000000000000e+00
1.133604728082719149e+01
0.000000000000000000e+00
-1.121432004217109313e+00
0.000000000000000000e+00
0.000000000000000000e+00
0.000000000000000000e+00
3.877891368973630737e+00
0.000000000000000000e+00
0.000000000000000000e+00
0.000000000000000000e+00
7.459870419148439069e+00
0.000000000000000000e+00
0.000000000000000000e+00
0.000000000000000000e+00
0.000000000000000000e+00
6.170360765291018623e-01
0.000000000000000000e+00
8.596604809768306765e+00
0.000000000000000000e+00
0.000000000000000000e+00
0.000000000000000000e+00
0.000000000000000000e+00
0.000000000000000000e+00
0.000000000000000000e+00
0.000000000000000000e+00
0.000000000000000000e+00
0.000000000000000000e+00
1.237902507294199772e+01
-4.634083261920031727e-01
0.000000000000000000e+00
0.000000000000000000e+00
0.000000000000000000e+00
0.000000000000000000e+00
0.000000000000000000e+00
0.000000000000000000e+00
0.000000000000000000e+00
0.000000000000000000e+00
0.000000000000000000e+00
0.000000000000000000e+00
0.000000000000000000e+00
0.000000000000000000e+00
0.000000000000000000e+00
0.000000000000000000e+00
0.000000000000000000e+00
0.000000000000000000e+00
0.000000000000000000e+00
0.000000000000000000e+00
0.000000000000000000e+00
0.000000000000000000e+00
9.357282597947469416e-01
0.000000000000000000e+00
0.000000000000000000e+00
0.000000000000000000e+00
0.000000000000000000e+00
0.000000000000000000e+00
0.000000000000000000e+00
0.000000000000000000e+00
2.013545625630935587e-01
0.000000000000000000e+00
0.000000000000000000e+00
0.000000000000000000e+00
0.000000000000000000e+00
4.319300266924514631e+00
0.000000000000000000e+00
1.199163051083051990e+01
0.000000000000000000e+00
0.000000000000000000e+00
0.000000000000000000e+00
0.000000000000000000e+00
0.000000000000000000e+00
0.000000000000000000e+00
0.000000000000000000e+00
0.000000000000000000e+00
0.000000000000000000e+00
0.000000000000000000e+00
0.000000000000000000e+00
0.000000000000000000e+00
1.941345492462381372e+01
0.000000000000000000e+00
0.000000000000000000e+00
0.000000000000000000e+00
0.000000000000000000e+00
0.000000000000000000e+00
0.000000000000000000e+00
8.356116156301668596e+00
0.000000000000000000e+00
0.000000000000000000e+00
8.359499558796070318e+00
0.000000000000000000e+00
1.133604728082719149e+01
0.000000000000000000e+00
0.000000000000000000e+00
0.000000000000000000e+00
0.000000000000000000e+00
1.241398078752402689e+01
-6.738512153271624783e+00
0.000000000000000000e+00
0.000000000000000000e+00
0.000000000000000000e+00
-5.054148371104959736e+00
0.000000000000000000e+00
0.000000000000000000e+00
1.141457750287594308e+01
0.000000000000000000e+00
-2.352148515111854632e+00
0.000000000000000000e+00
0.000000000000000000e+00
0.000000000000000000e+00
0.000000000000000000e+00
7.382518059133974297e+00
1.899067968949703911e+01
0.000000000000000000e+00
0.000000000000000000e+00
0.000000000000000000e+00
0.000000000000000000e+00
0.000000000000000000e+00
0.000000000000000000e+00
0.000000000000000000e+00
0.000000000000000000e+00
0.000000000000000000e+00
7.454209518011594149e+00
1.389658959105797731e+00
0.000000000000000000e+00
0.000000000000000000e+00
1.437669827668846345e+01
0.000000000000000000e+00
0.000000000000000000e+00
0.000000000000000000e+00
0.000000000000000000e+00
0.000000000000000000e+00
0.000000000000000000e+00
0.000000000000000000e+00
0.000000000000000000e+00
0.000000000000000000e+00
0.000000000000000000e+00
0.000000000000000000e+00
1.499067968949702312e+01
0.000000000000000000e+00
0.000000000000000000e+00
1.137687993056284164e+01
0.000000000000000000e+00
0.000000000000000000e+00
0.000000000000000000e+00
0.000000000000000000e+00
0.000000000000000000e+00
0.000000000000000000e+00
1.441355306098219557e+01
0.000000000000000000e+00
1.941345492462381372e+01
0.000000000000000000e+00
0.000000000000000000e+00
0.000000000000000000e+00
0.000000000000000000e+00
0.000000000000000000e+00
0.000000000000000000e+00
0.000000000000000000e+00
0.000000000000000000e+00
2.199067968949699647e+01
0.000000000000000000e+00
0.000000000000000000e+00
0.000000000000000000e+00
0.000000000000000000e+00
0.000000000000000000e+00
0.000000000000000000e+00
0.000000000000000000e+00
0.000000000000000000e+00
0.000000000000000000e+00
0.000000000000000000e+00
0.000000000000000000e+00
7.383254124191203971e+00
4.729177641959442902e+00
0.000000000000000000e+00
1.333518015346792751e+01
0.000000000000000000e+00
0.000000000000000000e+00
0.000000000000000000e+00
2.155087837447167698e-01
0.000000000000000000e+00
0.000000000000000000e+00
3.134810006189084230e+00
2.053404452547315240e-02
8.479033587946276374e-01
0.000000000000000000e+00
0.000000000000000000e+00
0.000000000000000000e+00
0.000000000000000000e+00
0.000000000000000000e+00
0.000000000000000000e+00
0.000000000000000000e+00
0.000000000000000000e+00
9.996496778115313120e+00
0.000000000000000000e+00
0.000000000000000000e+00
0.000000000000000000e+00
0.000000000000000000e+00
0.000000000000000000e+00
0.000000000000000000e+00
0.000000000000000000e+00
0.000000000000000000e+00
1.638056293994214840e+01
0.000000000000000000e+00
0.000000000000000000e+00
0.000000000000000000e+00
0.000000000000000000e+00
0.000000000000000000e+00
0.000000000000000000e+00
1.333518015346792751e+01
0.000000000000000000e+00
0.000000000000000000e+00
-8.709291712691252796e-01
0.000000000000000000e+00
0.000000000000000000e+00
1.751616203478151557e-01
0.000000000000000000e+00
0.000000000000000000e+00
0.000000000000000000e+00
0.000000000000000000e+00
0.000000000000000000e+00
0.000000000000000000e+00
0.000000000000000000e+00
0.000000000000000000e+00
0.000000000000000000e+00
-7.770901263596762476e+00
0.000000000000000000e+00
0.000000000000000000e+00
0.000000000000000000e+00
0.000000000000000000e+00
0.000000000000000000e+00
-1.385699199884440791e+00
0.000000000000000000e+00
0.000000000000000000e+00
0.000000000000000000e+00
0.000000000000000000e+00
0.000000000000000000e+00
0.000000000000000000e+00
0.000000000000000000e+00
1.894806203957451807e+00
0.000000000000000000e+00
0.000000000000000000e+00
1.078983551050262513e+01
1.799067968949701424e+01
4.580704231831332685e+00
0.000000000000000000e+00
2.199067968949699647e+01
-4.471443445197831323e+00
0.000000000000000000e+00
0.000000000000000000e+00
0.000000000000000000e+00
0.000000000000000000e+00
1.499067968949702312e+01
1.353282704517642543e+00
5.588686823483713928e-01
4.303606255658207758e+00
0.000000000000000000e+00
0.000000000000000000e+00
0.000000000000000000e+00
0.000000000000000000e+00
0.000000000000000000e+00
0.000000000000000000e+00
5.590466047598900090e+00
0.000000000000000000e+00
0.000000000000000000e+00
0.000000000000000000e+00
0.000000000000000000e+00
1.738056293994216972e+01
0.000000000000000000e+00
0.000000000000000000e+00
1.427481705231418152e+00
0.000000000000000000e+00
0.000000000000000000e+00
0.000000000000000000e+00
0.000000000000000000e+00
4.981694691516468154e+00
1.194570375119033523e+00
0.000000000000000000e+00
0.000000000000000000e+00
0.000000000000000000e+00
