0.000000000000000000e+00
0.000000000000000000e+00
0.000000000000000000e+00
0.000000000000000000e+00
0.000000000000000000e+00
0.000000000000000000e+00
2.227411934630299850e+00
1.099291701007678412e+01
0.000000000000000000e+00
0.000000000000000000e+00
1.737829836327227895e+01
0.000000000000000000e+00
1.699067968949703555e+01
0.000000000000000000e+00
0.000000000000000000e+00
2.792246506351728552e+00
0.000000000000000000e+00
0.000000000000000000e+00
0.000000000000000000e+00
0.000000000000000000e+00
0.000000000000000000e+00
5.821270217656086210e+00
0.000000000000000000e+00
0.000000000000000000e+00
0.000000000000000000e+00
0.000000000000000000e+00
3.790958088754721178e+00
0.000000000000000000e+00
0.000000000000000000e+00
0.000000000000000000e+00
8.597489172683170366e+00
0.000000000000000000e+00
8.560654593336776585e+00
1.437651031302685212e+01
0.000000000000000000e+00
0.000000000000000000e+00
0.000000000000000000e+00
0.000000000000000000e+00
0.000000000000000000e+00
0.000000000000000000e+00
0.000000000000000000e+00
9.004458784972481311e+00
0.000000000000000000e+00
0.000000000000000000e+00
0.000000000000000000e+00
0.000000000000000000e+00
0.000000000000000000e+00
0.000000000000000000e+00
0.000000000000000000e+00
0.000000000000000000e+00
0.000000000000000000e+00
0.000000000000000000e+00
0.000000000000000000e+00
0.000000000000000000e+00
0.000000000000000000e+00
2.018391213270313678e+00
0.000000000000000000e+00
0.000000000000000000e+00
0.000000000000000000e+00
0.000000000000000000e+00
0.000000000000000000e+00
0.000000000000000000e+00
0.000000000000000000e+00
0.000000000000000000e+00
0.000000000000000000e+00
1.599067968949701424e+01
0.000000000000000000e+00
0.000000000000000000e+00
0.000000000000000000e+00
0.000000000000000000e+00
2.827685079441876415e+00
0.000000000000000000e+00
0.000000000000000000e+00
0.000000000000000000e+00
1.377026649255725377e-01
1.499067968949702312e+01
0.000000000000000000e+00
0.000000000000000000e+00
0.000000000000000000e+00
0.000000000000000000e+00
1.033788915050480917e+01
7.058452002712007456e+00
0.000000000000000000e+00
0.000000000000000000e+00
0.000000000000000000e+00
0.000000000000000000e+00
0.000000000000000000e+00
0.000000000000000000e+00
7.386035044063974375e+00
0.000000000000000000e+00
0.000000000000000000e+00
0.000000000000000000e+00
6.031739276370717384e+00
0.000000000000000000e+00
0.000000000000000000e+00
0.000000000000000000e+00
0.000000000000000000e+00
0.000000000000000000e+00
7.058984099688642821e+00
0.000000000000000000e+00
0.000000000000000000e+00
0.000000000000000000e+00
0.000000000000000000e+00
8.359941347526399724e+00
0.000000000000000000e+00
0.000000000000000000e+00
0.000000000000000000e+00
0.000000000000000000e+00
9.343037690416316821e+00
0.000000000000000000e+00
0.000000000000000000e+00
1.345370792536996518e+01
0.000000000000000000e+00
0.000000000000000000e+00
0.000000000000000000e+00
0.000000000000000000e+00
0.000000000000000000e+00
0.000000000000000000e+00
0.000000000000000000e+00
0.000000000000000000e+00
0.000000000000000000e+00
3.859869636860291831e+00
0.000000000000000000e+00
0.000000000000000000e+00
0.000000000000000000e+00
0.000000000000000000e+00
1.278983551050263578e+01
0.000000000000000000e+00
0.000000000000000000e+00
0.000000000000000000e+00
0.000000000000000000e+00
0.000000000000000000e+00
0.000000000000000000e+00
4.790361373402795664e+00
0.000000000000000000e+00
0.000000000000000000e+00
0.000000000000000000e+00
0.000000000000000000e+00
1.433513831585530696e+01
7.065790174140238022e+00
0.000000000000000000e+00
1.441355306098219557e+01
1.699067968949703555e+01
0.000000000000000000e+00
0.000000000000000000e+00
8.598466527332414344e+00
0.000000000000000000e+00
0.000000000000000000e+00
0.000000000000000000e+00
2.199067968949699647e+01
0.000000000000000000e+00
3.019610727152726604e+00
0.000000000000000000e+00
0.000000000000000000e+00
0.000000000000000000e+00
0.000000000000000000e+00
0.000000000000000000e+00
4.807390758366775430e+00
0.000000000000000000e+00
0.000000000000000000e+00
0.000000000000000000e+00
0.000000000000000000e+00
0.000000000000000000e+00
0.000000000000000000e+00
8.073687426694654556e-01
8.046563690084269638e-01
1.678983551050263401e+01
3.231823241579774297e+00
6.625996428387537662e+00
0.000000000000000000e+00
9.459484782960622340e+00
7.088981698850097324e+00
0.000000000000000000e+00
0.000000000000000000e+00
0.000000000000000000e+00
0.000000000000000000e+00
1.341371949118905249e+01
1.541378701588081235e+01
8.478295807176154497e+00
0.000000000000000000e+00
2.841345492462385991e+01
0.000000000000000000e+00
0.000000000000000000e+00
1.841345492462382794e+01
0.000000000000000000e+00
0.000000000000000000e+00
0.000000000000000000e+00
0.000000000000000000e+00
1.599067968949701424e+01
0.000000000000000000e+00
0.000000000000000000e+00
0.000000000000000000e+00
1.437651031302685212e+01
0.000000000000000000e+00
0.000000000000000000e+00
0.000000000000000000e+00
0.000000000000000000e+00
0.000000000000000000e+00
6.442609560796798363e+00
9.965377417751893896e-01
0.000000000000000000e+00
1.041582655316042860e+01
2.895969693351221341e+00
3.869026030054719012e+00
0.000000000000000000e+00
3.938574084042617329e+00
0.000000000000000000e+00
0.000000000000000000e+00
9.344172096834281405e+00
0.000000000000000000e+00
0.000000000000000000e+00
0.000000000000000000e+00
0.000000000000000000e+00
1.333518015346792751e+01
1.999067968949699292e+01
0.000000000000000000e+00
0.000000000000000000e+00
0.000000000000000000e+00
0.000000000000000000e+00
0.000000000000000000e+00
0.000000000000000000e+00
2.037929621471010577e+01
0.000000000000000000e+00
0.000000000000000000e+00
0.000000000000000000e+00
0.000000000000000000e+00
6.513121852176689153e+00
0.000000000000000000e+00
0.000000000000000000e+00
0.000000000000000000e+00
0.000000000000000000e+00
0.000000000000000000e+00
0.000000000000000000e+00
0.000000000000000000e+00
0.000000000000000000e+00
0.000000000000000000e+00
0.000000000000000000e+00
0.000000000000000000e+00
0.000000000000000000e+00
0.000000000000000000e+00
0.000000000000000000e+00
0.000000000000000000e+00
0.000000000000000000e+00
6.593679724016653587e+00
0.000000000000000000e+00
0.000000000000000000e+00
0.000000000000000000e+00
0.000000000000000000e+00
0.000000000000000000e+00
9.004436227080777400e+00
6.442640168622837393e+00
0.000000000000000000e+00
0.000000000000000000e+00
1.654557063648820769e-01
1.578983551050266598e+01
0.000000000000000000e+00
0.000000000000000000e+00
0.000000000000000000e+00
0.000000000000000000e+00
0.000000000000000000e+00
6.817189393082166760e+00
0.000000000000000000e+00
0.000000000000000000e+00
0.000000000000000000e+00
0.000000000000000000e+00
0.000000000000000000e+00
0.000000000000000000e+00
0.000000000000000000e+00
0.000000000000000000e+00
0.000000000000000000e+00
0.000000000000000000e+00
0.000000000000000000e+00
0.000000000000000000e+00
0.000000000000000000e+00
0.000000000000000000e+00
8.196254415108497060e-01
0.000000000000000000e+00
0.000000000000000000e+00
0.000000000000000000e+00
0.000000000000000000e+00
5.538398907217008116e+00
0.000000000000000000e+00
0.000000000000000000e+00
3.281586980700194722e+00
0.000000000000000000e+00
0.000000000000000000e+00
0.000000000000000000e+00
0.000000000000000000e+00
0.000000000000000000e+00
0.000000000000000000e+00
3.290721067038703929e+00
0.000000000000000000e+00
0.000000000000000000e+00
7.140637005611124577e-01
0.000000000000000000e+00
0.000000000000000000e+00
0.000000000000000000e+00
0.000000000000000000e+00
0.000000000000000000e+00
0.000000000000000000e+00
0.000000000000000000e+00
0.000000000000000000e+00
2.790414051839945273e-02
5.965962725009478218e-01
0.000000000000000000e+00
0.000000000000000000e+00
2.792257615179605690e+00
0.000000000000000000e+00
0.000000000000000000e+00
0.000000000000000000e+00
0.000000000000000000e+00
2.718849259686359598e+00
5.790100210276327708e+00
0.000000000000000000e+00
0.000000000000000000e+00
0.000000000000000000e+00
0.000000000000000000e+00
0.000000000000000000e+00
9.419420680326297202e+00
0.000000000000000000e+00
0.000000000000000000e+00
0.000000000000000000e+00
1.488275918102269557e+00
0.000000000000000000e+00
0.000000000000000000e+00
1.033789446689135971e+01
0.000000000000000000e+00
0.000000000000000000e+00
1.333518015346792751e+01
0.000000000000000000e+00
0.000000000000000000e+00
0.000000000000000000e+00
0.000000000000000000e+00
0.000000000000000000e+00
0.000000000000000000e+00
0.000000000000000000e+00
0.000000000000000000e+00
2.303482867605771922e+00
1.641345492462383859e+01
0.000000000000000000e+00
0.000000000000000000e+00
0.000000000000000000e+00
0.000000000000000000e+00
0.000000000000000000e+00
0.000000000000000000e+00
0.000000000000000000e+00
8.022068031879804550e+00
0.000000000000000000e+00
0.000000000000000000e+00
8.789835510502626903e+00
0.000000000000000000e+00
0.000000000000000000e+00
0.000000000000000000e+00
0.000000000000000000e+00
7.389081716641754838e+00
0.000000000000000000e+00
0.000000000000000000e+00
0.000000000000000000e+00
0.000000000000000000e+00
1.499067968949702312e+01
0.000000000000000000e+00
0.000000000000000000e+00
0.000000000000000000e+00
0.000000000000000000e+00
0.000000000000000000e+00
6.546593271194927510e+00
0.000000000000000000e+00
0.000000000000000000e+00
0.000000000000000000e+00
0.000000000000000000e+00
0.000000000000000000e+00
0.000000000000000000e+00
0.000000000000000000e+00
0.000000000000000000e+00
0.000000000000000000e+00
0.000000000000000000e+00
0.000000000000000000e+00
0.000000000000000000e+00
0.000000000000000000e+00
0.000000000000000000e+00
0.000000000000000000e+00
8.055937969965397683e-01
0.000000000000000000e+00
1.399071207943065076e+01
0.000000000000000000e+00
0.000000000000000000e+00
0.000000000000000000e+00
0.000000000000000000e+00
0.000000000000000000e+00
0.000000000000000000e+00
0.000000000000000000e+00
0.000000000000000000e+00
0.000000000000000000e+00
0.000000000000000000e+00
0.000000000000000000e+00
0.000000000000000000e+00
0.000000000000000000e+00
0.000000000000000000e+00
0.000000000000000000e+00
0.000000000000000000e+00
0.000000000000000000e+00
0.000000000000000000e+00
0.000000000000000000e+00
0.000000000000000000e+00
0.000000000000000000e+00
0.000000000000000000e+00
3.360146892577963396e+00
0.000000000000000000e+00
0.000000000000000000e+00
0.000000000000000000e+00
0.000000000000000000e+00
0.000000000000000000e+00
0.000000000000000000e+00
0.000000000000000000e+00
0.000000000000000000e+00
0.000000000000000000e+00
2.234249880674537003e+00
0.000000000000000000e+00
1.380208317868024226e+00
5.007581124942917405e+00
0.000000000000000000e+00
0.000000000000000000e+00
0.000000000000000000e+00
0.000000000000000000e+00
0.000000000000000000e+00
7.456011958360234004e+00
0.000000000000000000e+00
0.000000000000000000e+00
0.000000000000000000e+00
0.000000000000000000e+00
0.000000000000000000e+00
1.939738034001746270e+00
1.199163037762201611e+01
0.000000000000000000e+00
0.000000000000000000e+00
0.000000000000000000e+00
0.000000000000000000e+00
0.000000000000000000e+00
0.000000000000000000e+00
0.000000000000000000e+00
0.000000000000000000e+00
0.000000000000000000e+00
0.000000000000000000e+00
0.000000000000000000e+00
0.000000000000000000e+00
0.000000000000000000e+00
0.000000000000000000e+00
0.000000000000000000e+00
0.000000000000000000e+00
0.000000000000000000e+00
1.441355306098219557e+01
1.899067968949703911e+01
1.641345492462383859e+01
1.199163037762201611e+01
1.841345492462382794e+01
0.000000000000000000e+00
4.469853688974838590e+00
0.000000000000000000e+00
0.000000000000000000e+00
7.405215825903692206e+00
6.128224511101256766e+00
0.000000000000000000e+00
0.000000000000000000e+00
4.982672988064569708e+00
0.000000000000000000e+00
0.000000000000000000e+00
1.950461053345127205e+00
0.000000000000000000e+00
0.000000000000000000e+00
0.000000000000000000e+00
8.597489172683170366e+00
1.873813924749659021e+00
0.000000000000000000e+00
1.937858916983168101e+01
0.000000000000000000e+00
0.000000000000000000e+00
0.000000000000000000e+00
0.000000000000000000e+00
0.000000000000000000e+00
0.000000000000000000e+00
8.355980464854294354e+00
0.000000000000000000e+00
0.000000000000000000e+00
0.000000000000000000e+00
2.241345492462381372e+01
0.000000000000000000e+00
0.000000000000000000e+00
0.000000000000000000e+00
0.000000000000000000e+00
0.000000000000000000e+00
0.000000000000000000e+00
0.000000000000000000e+00
0.000000000000000000e+00
0.000000000000000000e+00
0.000000000000000000e+00
0.000000000000000000e+00
0.000000000000000000e+00
0.000000000000000000e+00
0.000000000000000000e+00
1.391610763239586213e+00
0.000000000000000000e+00
0.000000000000000000e+00
0.000000000000000000e+00
8.401984420585955959e+00
8.597522725639386465e+00
0.000000000000000000e+00
0.000000000000000000e+00
1.699067968949703555e+01
0.000000000000000000e+00
0.000000000000000000e+00
0.000000000000000000e+00
1.499067968949702312e+01
3.797890225744023351e-01
0.000000000000000000e+00
0.000000000000000000e+00
0.000000000000000000e+00
1.038529038450166198e+01
0.000000000000000000e+00
0.000000000000000000e+00
8.432125348514707852e+00
0.000000000000000000e+00
0.000000000000000000e+00
0.000000000000000000e+00
0.000000000000000000e+00
0.000000000000000000e+00
0.000000000000000000e+00
0.000000000000000000e+00
0.000000000000000000e+00
0.000000000000000000e+00
0.000000000000000000e+00
0.000000000000000000e+00
0.000000000000000000e+00
3.174664475057138446e+00
7.186053597026142992e-01
0.000000000000000000e+00
0.000000000000000000e+00
0.000000000000000000e+00
0.000000000000000000e+00
0.000000000000000000e+00
0.000000000000000000e+00
2.541345492462385991e+01
0.000000000000000000e+00
0.000000000000000000e+00
0.000000000000000000e+00
2.054843329710735467e-01
0.000000000000000000e+00
0.000000000000000000e+00
0.000000000000000000e+00
0.000000000000000000e+00
0.000000000000000000e+00
0.000000000000000000e+00
0.000000000000000000e+00
0.000000000000000000e+00
1.638486728370860135e+01
0.000000000000000000e+00
0.000000000000000000e+00
0.000000000000000000e+00
0.000000000000000000e+00
0.000000000000000000e+00
0.000000000000000000e+00
0.000000000000000000e+00
0.000000000000000000e+00
0.000000000000000000e+00
8.046563690084269638e-01
0.000000000000000000e+00
0.000000000000000000e+00
0.000000000000000000e+00
0.000000000000000000e+00
0.000000000000000000e+00
0.000000000000000000e+00
0.000000000000000000e+00
4.615250935846979541e-01
1.633513831585541354e+01
0.000000000000000000e+00
3.559606136926842801e+00
0.000000000000000000e+00
2.241345492462381372e+01
0.000000000000000000e+00
0.000000000000000000e+00
0.000000000000000000e+00
0.000000000000000000e+00
0.000000000000000000e+00
0.000000000000000000e+00
0.000000000000000000e+00
8.596588000347471947e+00
0.000000000000000000e+00
0.000000000000000000e+00
0.000000000000000000e+00
7.284881713558777339e-01
0.000000000000000000e+00
0.000000000000000000e+00
0.000000000000000000e+00
0.000000000000000000e+00
0.000000000000000000e+00
5.644393167953335677e+00
0.000000000000000000e+00
7.105730200890683079e+00
0.000000000000000000e+00
0.000000000000000000e+00
0.000000000000000000e+00
1.141457543685103460e+01
0.000000000000000000e+00
0.000000000000000000e+00
0.000000000000000000e+00
0.000000000000000000e+00
0.000000000000000000e+00
9.343037557207811261e+00
9.997614845186628685e+00
0.000000000000000000e+00
0.000000000000000000e+00
0.000000000000000000e+00
0.000000000000000000e+00
4.984523468452470851e+00
0.000000000000000000e+00
0.000000000000000000e+00
0.000000000000000000e+00
1.678983551050263401e+01
0.000000000000000000e+00
0.000000000000000000e+00
0.000000000000000000e+00
7.451285812619714122e+00
0.000000000000000000e+00
0.000000000000000000e+00
0.000000000000000000e+00
0.000000000000000000e+00
0.000000000000000000e+00
0.000000000000000000e+00
0.000000000000000000e+00
0.000000000000000000e+00
0.000000000000000000e+00
-1.671676672423328680e-01
0.000000000000000000e+00
0.000000000000000000e+00
1.556653155230099506e+00
0.000000000000000000e+00
3.149076520576139515e+00
4.839765815627507628e+00
6.447293099721668419e+00
0.000000000000000000e+00
0.000000000000000000e+00
7.632528994323103610e+00
0.000000000000000000e+00
0.000000000000000000e+00
0.000000000000000000e+00
8.789835510502626903e+00
0.000000000000000000e+00
1.037791950484817782e+01
0.000000000000000000e+00
0.000000000000000000e+00
7.217607352589924807e-02
0.000000000000000000e+00
0.000000000000000000e+00
0.000000000000000000e+00
0.000000000000000000e+00
0.000000000000000000e+00
0.000000000000000000e+00
0.000000000000000000e+00
0.000000000000000000e+00
7.633950943582557436e+00
0.000000000000000000e+00
0.000000000000000000e+00
0.000000000000000000e+00
0.000000000000000000e+00
0.000000000000000000e+00
0.000000000000000000e+00
1.337708373409362039e+01
0.000000000000000000e+00
0.000000000000000000e+00
0.000000000000000000e+00
0.000000000000000000e+00
8.039363874652158959e-01
1.433513831585530696e+01
0.000000000000000000e+00
0.000000000000000000e+00
0.000000000000000000e+00
1.038680708035076172e+01
0.000000000000000000e+00
0.000000000000000000e+00
0.000000000000000000e+00
1.333518015346792751e+01
0.000000000000000000e+00
1.341386282448239164e+01
0.000000000000000000e+00
0.000000000000000000e+00
8.596604809768306765e+00
0.000000000000000000e+00
0.000000000000000000e+00
3.495706331930613864e+00
0.000000000000000000e+00
0.000000000000000000e+00
0.000000000000000000e+00
0.000000000000000000e+00
1.583992475687561408e+00
0.000000000000000000e+00
2.299067968949697871e+01
0.000000000000000000e+00
0.000000000000000000e+00
0.000000000000000000e+00
0.000000000000000000e+00
0.000000000000000000e+00
1.783538694981932293e+00
0.000000000000000000e+00
1.437688963135681064e+01
0.000000000000000000e+00
0.000000000000000000e+00
0.000000000000000000e+00
0.000000000000000000e+00
5.970991783208379644e+00
0.000000000000000000e+00
4.793339529589269787e+00
4.786798094602515263e+00
0.000000000000000000e+00
1.533513831585536202e+01
0.000000000000000000e+00
0.000000000000000000e+00
0.000000000000000000e+00
0.000000000000000000e+00
0.000000000000000000e+00
7.790833361940459945e+00
0.000000000000000000e+00
0.000000000000000000e+00
0.000000000000000000e+00
0.000000000000000000e+00
1.133604212345786344e+01
0.000000000000000000e+00
0.000000000000000000e+00
0.000000000000000000e+00
0.000000000000000000e+00
0.000000000000000000e+00
4.187905079831462096e+00
0.000000000000000000e+00
0.000000000000000000e+00
0.000000000000000000e+00
7.463288151802687231e+00
0.000000000000000000e+00
0.000000000000000000e+00
0.000000000000000000e+00
0.000000000000000000e+00
1.043614579452098923e+01
0.000000000000000000e+00
8.596604809768306765e+00
0.000000000000000000e+00
0.000000000000000000e+00
0.000000000000000000e+00
0.000000000000000000e+00
0.000000000000000000e+00
0.000000000000000000e+00
0.000000000000000000e+00
0.000000000000000000e+00
0.000000000000000000e+00
1.237902507294199772e+01
4.279987589230318079e+00
0.000000000000000000e+00
0.000000000000000000e+00
0.000000000000000000e+00
0.000000000000000000e+00
0.000000000000000000e+00
0.000000000000000000e+00
0.000000000000000000e+00
0.000000000000000000e+00
0.000000000000000000e+00
0.000000000000000000e+00
0.000000000000000000e+00
0.000000000000000000e+00
0.000000000000000000e+00
0.000000000000000000e+00
0.000000000000000000e+00
0.000000000000000000e+00
0.000000000000000000e+00
0.000000000000000000e+00
0.000000000000000000e+00
0.000000000000000000e+00
9.357282597947469416e-01
0.000000000000000000e+00
0.000000000000000000e+00
0.000000000000000000e+00
0.000000000000000000e+00
0.000000000000000000e+00
0.000000000000000000e+00
0.000000000000000000e+00
1.998224747478774266e-01
0.000000000000000000e+00
0.000000000000000000e+00
0.000000000000000000e+00
0.000000000000000000e+00
4.827256183998557049e+00
0.000000000000000000e+00
1.199162535346119185e+01
0.000000000000000000e+00
0.000000000000000000e+00
0.000000000000000000e+00
0.000000000000000000e+00
0.000000000000000000e+00
0.000000000000000000e+00
0.000000000000000000e+00
0.000000000000000000e+00
0.000000000000000000e+00
0.000000000000000000e+00
0.000000000000000000e+00
0.000000000000000000e+00
1.941345492462381372e+01
0.000000000000000000e+00
0.000000000000000000e+00
0.000000000000000000e+00
0.000000000000000000e+00
0.000000000000000000e+00
0.000000000000000000e+00
8.355997813448812650e+00
0.000000000000000000e+00
0.000000000000000000e+00
8.358626232500357744e+00
0.000000000000000000e+00
1.133604728082719149e+01
0.000000000000000000e+00
0.000000000000000000e+00
0.000000000000000000e+00
0.000000000000000000e+00
1.241398078752402689e+01
8.046563690084269638e-01
0.000000000000000000e+00
0.000000000000000000e+00
0.000000000000000000e+00
0.000000000000000000e+00
0.000000000000000000e+00
0.000000000000000000e+00
1.141457543685103460e+01
0.000000000000000000e+00
6.600715026801428076e-01
0.000000000000000000e+00
0.000000000000000000e+00
0.000000000000000000e+00
0.000000000000000000e+00
7.384703993677939060e+00
1.899067968949703911e+01
0.000000000000000000e+00
0.000000000000000000e+00
0.000000000000000000e+00
0.000000000000000000e+00
0.000000000000000000e+00
0.000000000000000000e+00
0.000000000000000000e+00
0.000000000000000000e+00
0.000000000000000000e+00
7.453255548143207676e+00
1.385936129523746896e+00
0.000000000000000000e+00
0.000000000000000000e+00
1.437706109053940473e+01
0.000000000000000000e+00
0.000000000000000000e+00
0.000000000000000000e+00
0.000000000000000000e+00
0.000000000000000000e+00
0.000000000000000000e+00
0.000000000000000000e+00
0.000000000000000000e+00
0.000000000000000000e+00
0.000000000000000000e+00
0.000000000000000000e+00
1.499067968949702312e+01
0.000000000000000000e+00
0.000000000000000000e+00
1.137687993056284164e+01
0.000000000000000000e+00
0.000000000000000000e+00
0.000000000000000000e+00
0.000000000000000000e+00
0.000000000000000000e+00
0.000000000000000000e+00
1.441355306098219557e+01
0.000000000000000000e+00
1.941345492462381372e+01
0.000000000000000000e+00
0.000000000000000000e+00
0.000000000000000000e+00
0.000000000000000000e+00
0.000000000000000000e+00
0.000000000000000000e+00
0.000000000000000000e+00
0.000000000000000000e+00
2.199067968949699647e+01
0.000000000000000000e+00
0.000000000000000000e+00
0.000000000000000000e+00
0.000000000000000000e+00
0.000000000000000000e+00
0.000000000000000000e+00
0.000000000000000000e+00
0.000000000000000000e+00
0.000000000000000000e+00
0.000000000000000000e+00
0.000000000000000000e+00
7.384950075071440523e+00
4.740200792516316319e+00
0.000000000000000000e+00
1.743173158980559734e+01
0.000000000000000000e+00
0.000000000000000000e+00
0.000000000000000000e+00
2.147382090605371441e-01
0.000000000000000000e+00
0.000000000000000000e+00
3.124959623742218362e+00
2.053364062327528786e-02
8.100241061488276939e-01
0.000000000000000000e+00
0.000000000000000000e+00
0.000000000000000000e+00
0.000000000000000000e+00
0.000000000000000000e+00
0.000000000000000000e+00
0.000000000000000000e+00
0.000000000000000000e+00
9.996480160168955464e+00
0.000000000000000000e+00
0.000000000000000000e+00
0.000000000000000000e+00
0.000000000000000000e+00
0.000000000000000000e+00
0.000000000000000000e+00
0.000000000000000000e+00
0.000000000000000000e+00
1.638089503119911328e+01
0.000000000000000000e+00
0.000000000000000000e+00
0.000000000000000000e+00
0.000000000000000000e+00
0.000000000000000000e+00
0.000000000000000000e+00
1.333518002025942550e+01
0.000000000000000000e+00
0.000000000000000000e+00
4.041346141208359000e-01
0.000000000000000000e+00
0.000000000000000000e+00
1.611616415029024363e-01
0.000000000000000000e+00
0.000000000000000000e+00
0.000000000000000000e+00
0.000000000000000000e+00
0.000000000000000000e+00
0.000000000000000000e+00
0.000000000000000000e+00
0.000000000000000000e+00
0.000000000000000000e+00
0.000000000000000000e+00
0.000000000000000000e+00
0.000000000000000000e+00
0.000000000000000000e+00
0.000000000000000000e+00
0.000000000000000000e+00
6.458289611257375107e+00
0.000000000000000000e+00
0.000000000000000000e+00
0.000000000000000000e+00
0.000000000000000000e+00
0.000000000000000000e+00
0.000000000000000000e+00
0.000000000000000000e+00
7.390856385347873925e+00
0.000000000000000000e+00
0.000000000000000000e+00
1.078983551050262513e+01
1.799067968949701424e+01
4.658341826508717531e+00
0.000000000000000000e+00
2.199067968949699647e+01
8.021670228932185509e+00
0.000000000000000000e+00
0.000000000000000000e+00
0.000000000000000000e+00
0.000000000000000000e+00
1.499067968949702312e+01
1.640699317472335217e+00
5.451493907077902268e-01
4.306646142605519145e+00
0.000000000000000000e+00
0.000000000000000000e+00
0.000000000000000000e+00
0.000000000000000000e+00
0.000000000000000000e+00
0.000000000000000000e+00
5.591847799250049711e+00
0.000000000000000000e+00
0.000000000000000000e+00
0.000000000000000000e+00
0.000000000000000000e+00
1.738307727132956515e+01
0.000000000000000000e+00
0.000000000000000000e+00
1.702904950414965368e+00
0.000000000000000000e+00
0.000000000000000000e+00
0.000000000000000000e+00
0.000000000000000000e+00
4.983122567432029193e+00
1.232074812867791191e+00
0.000000000000000000e+00
0.000000000000000000e+00
0.000000000000000000e+00
