2.406938945920848028e+01
1.256457280076957161e+01
0.000000000000000000e+00
2.114990568273830718e+01
0.000000000000000000e+00
0.000000000000000000e+00
0.000000000000000000e+00
0.000000000000000000e+00
4.449926892993122607e+00
0.000000000000000000e+00
2.228513202245006397e+01
0.000000000000000000e+00
0.000000000000000000e+00
0.000000000000000000e+00
0.000000000000000000e+00
0.000000000000000000e+00
2.006938945920853001e+01
2.119258152521057781e+01
0.000000000000000000e+00
0.000000000000000000e+00
0.000000000000000000e+00
0.000000000000000000e+00
0.000000000000000000e+00
0.000000000000000000e+00
4.217602732813816035e-01
0.000000000000000000e+00
0.000000000000000000e+00
0.000000000000000000e+00
0.000000000000000000e+00
8.231603644175814694e+00
0.000000000000000000e+00
2.711334092699749121e+00
1.626157704968464301e+01
2.115034729358550791e+01
0.000000000000000000e+00
0.000000000000000000e+00
0.000000000000000000e+00
1.026941119051653573e+01
0.000000000000000000e+00
0.000000000000000000e+00
0.000000000000000000e+00
0.000000000000000000e+00
0.000000000000000000e+00
0.000000000000000000e+00
0.000000000000000000e+00
0.000000000000000000e+00
0.000000000000000000e+00
8.069742311220066355e+00
0.000000000000000000e+00
0.000000000000000000e+00
0.000000000000000000e+00
0.000000000000000000e+00
0.000000000000000000e+00
0.000000000000000000e+00
1.357858630315799964e+01
-1.180403376398833970e+00
-3.233871915838289812e+00
0.000000000000000000e+00
0.000000000000000000e+00
0.000000000000000000e+00
1.430299575108493215e+01
8.564572800769580496e+00
0.000000000000000000e+00
1.621511968221037847e+01
0.000000000000000000e+00
0.000000000000000000e+00
0.000000000000000000e+00
0.000000000000000000e+00
2.252561249697572165e+01
5.564572800769584937e+00
0.000000000000000000e+00
1.926157704968459683e+01
7.564572800769604477e+00
0.000000000000000000e+00
2.830299575108490018e+01
7.418043459505716974e+00
0.000000000000000000e+00
0.000000000000000000e+00
0.000000000000000000e+00
0.000000000000000000e+00
0.000000000000000000e+00
1.052561249697576073e+01
0.000000000000000000e+00
0.000000000000000000e+00
1.563092098301911648e+00
0.000000000000000000e+00
2.026157704968460749e+01
2.014718812972147433e+01
9.529032188941158665e+00
0.000000000000000000e+00
0.000000000000000000e+00
0.000000000000000000e+00
0.000000000000000000e+00
0.000000000000000000e+00
0.000000000000000000e+00
0.000000000000000000e+00
0.000000000000000000e+00
1.129680851839210654e+01
0.000000000000000000e+00
2.535625914106328427e+00
1.234894960367239669e+00
0.000000000000000000e+00
1.149744263031883307e+01
0.000000000000000000e+00
0.000000000000000000e+00
0.000000000000000000e+00
0.000000000000000000e+00
0.000000000000000000e+00
0.000000000000000000e+00
0.000000000000000000e+00
0.000000000000000000e+00
0.000000000000000000e+00
0.000000000000000000e+00
6.372385210293461277e+00
0.000000000000000000e+00
8.069389459208521131e+00
3.916488060235721935e+00
2.415121076470995121e+01
0.000000000000000000e+00
0.000000000000000000e+00
2.226157704968456841e+01
1.026941119051653573e+01
0.000000000000000000e+00
9.449757043015056368e+00
3.449794703056327183e+00
0.000000000000000000e+00
1.330351530907127255e+01
0.000000000000000000e+00
0.000000000000000000e+00
0.000000000000000000e+00
8.564572800769580496e+00
0.000000000000000000e+00
0.000000000000000000e+00
1.926157704968459683e+01
1.422011280027968816e+01
7.827753618489617260e+00
0.000000000000000000e+00
9.426656534743869997e+00
0.000000000000000000e+00
0.000000000000000000e+00
0.000000000000000000e+00
1.506938945920849804e+01
1.928513202244997160e+01
0.000000000000000000e+00
2.130299575108491084e+01
9.449757043015056368e+00
0.000000000000000000e+00
7.372385210293442626e+00
0.000000000000000000e+00
0.000000000000000000e+00
1.827823468467682622e+00
0.000000000000000000e+00
0.000000000000000000e+00
9.582186070328434502e-01
1.166012619370491832e+00
0.000000000000000000e+00
9.922628167278404021e+00
0.000000000000000000e+00
0.000000000000000000e+00
0.000000000000000000e+00
3.049818936069894626e+00
0.000000000000000000e+00
0.000000000000000000e+00
0.000000000000000000e+00
0.000000000000000000e+00
0.000000000000000000e+00
1.830299575108488952e+01
1.621511968221037847e+01
0.000000000000000000e+00
7.974913212012532782e+00
0.000000000000000000e+00
0.000000000000000000e+00
0.000000000000000000e+00
0.000000000000000000e+00
0.000000000000000000e+00
1.223428598039305726e+01
1.233476538198490147e+01
0.000000000000000000e+00
0.000000000000000000e+00
1.252662952184737399e+01
0.000000000000000000e+00
0.000000000000000000e+00
1.544975704301504038e+01
0.000000000000000000e+00
0.000000000000000000e+00
9.497603002750775403e+00
0.000000000000000000e+00
0.000000000000000000e+00
1.124794422078823430e+01
0.000000000000000000e+00
0.000000000000000000e+00
0.000000000000000000e+00
0.000000000000000000e+00
0.000000000000000000e+00
1.229470401465867724e+01
3.052475786740466290e+01
0.000000000000000000e+00
0.000000000000000000e+00
0.000000000000000000e+00
0.000000000000000000e+00
0.000000000000000000e+00
0.000000000000000000e+00
0.000000000000000000e+00
0.000000000000000000e+00
0.000000000000000000e+00
0.000000000000000000e+00
0.000000000000000000e+00
2.614676129193014020e+01
0.000000000000000000e+00
8.372385210293478153e+00
0.000000000000000000e+00
1.322549492677342187e+01
0.000000000000000000e+00
0.000000000000000000e+00
0.000000000000000000e+00
0.000000000000000000e+00
0.000000000000000000e+00
2.450863191141703812e+00
0.000000000000000000e+00
0.000000000000000000e+00
1.363938121702608797e+01
0.000000000000000000e+00
0.000000000000000000e+00
0.000000000000000000e+00
2.128513202245004621e+01
0.000000000000000000e+00
0.000000000000000000e+00
1.156457280076958050e+01
0.000000000000000000e+00
1.091013814707323704e+01
0.000000000000000000e+00
1.996049813284387753e+01
0.000000000000000000e+00
0.000000000000000000e+00
0.000000000000000000e+00
0.000000000000000000e+00
0.000000000000000000e+00
0.000000000000000000e+00
0.000000000000000000e+00
0.000000000000000000e+00
0.000000000000000000e+00
0.000000000000000000e+00
1.314946943032911797e+01
0.000000000000000000e+00
8.348376857487510350e+00
1.223428598039305726e+01
0.000000000000000000e+00
2.415754028089811811e+01
0.000000000000000000e+00
0.000000000000000000e+00
0.000000000000000000e+00
0.000000000000000000e+00
1.621511968221037847e+01
0.000000000000000000e+00
9.744907717466451125e-01
0.000000000000000000e+00
0.000000000000000000e+00
4.450085752737614975e+00
0.000000000000000000e+00
0.000000000000000000e+00
7.524757867404696654e+00
0.000000000000000000e+00
3.691055378224941674e-01
1.244975704301508479e+01
1.244975704301508479e+01
0.000000000000000000e+00
1.728513202244996450e+01
1.567926912051673005e+00
9.524757867404723299e+00
0.000000000000000000e+00
0.000000000000000000e+00
0.000000000000000000e+00
1.169905449072608628e+00
0.000000000000000000e+00
2.326157704968457551e+01
0.000000000000000000e+00
1.695676597416251141e+01
0.000000000000000000e+00
0.000000000000000000e+00
0.000000000000000000e+00
0.000000000000000000e+00
0.000000000000000000e+00
0.000000000000000000e+00
0.000000000000000000e+00
0.000000000000000000e+00
0.000000000000000000e+00
1.964608372976383244e+00
0.000000000000000000e+00
4.217900779131111832e+00
0.000000000000000000e+00
1.349946399149620291e+01
0.000000000000000000e+00
0.000000000000000000e+00
0.000000000000000000e+00
0.000000000000000000e+00
0.000000000000000000e+00
0.000000000000000000e+00
1.796493940758972840e+01
4.449926892993122607e+00
0.000000000000000000e+00
1.714785247691735748e+01
0.000000000000000000e+00
0.000000000000000000e+00
1.352662952184737577e+01
1.521705284581199180e+01
8.268151850127589242e+00
0.000000000000000000e+00
0.000000000000000000e+00
0.000000000000000000e+00
2.130299575108491084e+01
1.806938945920856199e+01
1.339449637306369567e+01
0.000000000000000000e+00
0.000000000000000000e+00
1.322549492677342187e+01
0.000000000000000000e+00
0.000000000000000000e+00
0.000000000000000000e+00
0.000000000000000000e+00
1.156457280076958050e+01
0.000000000000000000e+00
0.000000000000000000e+00
0.000000000000000000e+00
0.000000000000000000e+00
0.000000000000000000e+00
0.000000000000000000e+00
0.000000000000000000e+00
0.000000000000000000e+00
0.000000000000000000e+00
2.426157704968456130e+01
0.000000000000000000e+00
0.000000000000000000e+00
0.000000000000000000e+00
0.000000000000000000e+00
2.294685619978853452e+01
0.000000000000000000e+00
0.000000000000000000e+00
0.000000000000000000e+00
0.000000000000000000e+00
0.000000000000000000e+00
0.000000000000000000e+00
0.000000000000000000e+00
4.372385210293445290e+00
0.000000000000000000e+00
0.000000000000000000e+00
0.000000000000000000e+00
0.000000000000000000e+00
0.000000000000000000e+00
1.207126111365121979e+01
0.000000000000000000e+00
1.933362305566041606e+00
9.426628947481274778e+00
0.000000000000000000e+00
0.000000000000000000e+00
0.000000000000000000e+00
0.000000000000000000e+00
0.000000000000000000e+00
0.000000000000000000e+00
0.000000000000000000e+00
0.000000000000000000e+00
0.000000000000000000e+00
3.332551347519273399e+00
2.530299575108486110e+01
1.546709072134559326e+00
2.542664856907224902e+01
0.000000000000000000e+00
0.000000000000000000e+00
2.026157704968460749e+01
0.000000000000000000e+00
0.000000000000000000e+00
0.000000000000000000e+00
0.000000000000000000e+00
0.000000000000000000e+00
0.000000000000000000e+00
0.000000000000000000e+00
0.000000000000000000e+00
0.000000000000000000e+00
1.728513202244996450e+01
0.000000000000000000e+00
0.000000000000000000e+00
1.014929444974798400e+01
3.214323612480982195e+00
0.000000000000000000e+00
0.000000000000000000e+00
0.000000000000000000e+00
0.000000000000000000e+00
0.000000000000000000e+00
0.000000000000000000e+00
1.422011280027968816e+01
0.000000000000000000e+00
0.000000000000000000e+00
0.000000000000000000e+00
2.014761592150127356e+01
0.000000000000000000e+00
0.000000000000000000e+00
2.494462610764432320e+00
0.000000000000000000e+00
0.000000000000000000e+00
6.074215797375978276e+00
0.000000000000000000e+00
0.000000000000000000e+00
2.228513202245006397e+01
0.000000000000000000e+00
1.028822196914950382e+01
0.000000000000000000e+00
0.000000000000000000e+00
9.922628167278404021e+00
0.000000000000000000e+00
2.494921786642880690e+01
3.424877196621310738e+00
0.000000000000000000e+00
0.000000000000000000e+00
2.330299575108487531e+01
0.000000000000000000e+00
0.000000000000000000e+00
2.126157704968458972e+01
3.531193047151258924e+00
0.000000000000000000e+00
0.000000000000000000e+00
0.000000000000000000e+00
4.433686050830791814e+00
0.000000000000000000e+00
0.000000000000000000e+00
9.748649322818649932e-01
0.000000000000000000e+00
0.000000000000000000e+00
0.000000000000000000e+00
0.000000000000000000e+00
0.000000000000000000e+00
1.463808679262213985e+01
0.000000000000000000e+00
0.000000000000000000e+00
0.000000000000000000e+00
2.377951688448292078e+00
1.422011280027968816e+01
0.000000000000000000e+00
0.000000000000000000e+00
0.000000000000000000e+00
1.124794422078823430e+01
0.000000000000000000e+00
5.383015994041195462e+00
0.000000000000000000e+00
1.968476937361595702e+01
0.000000000000000000e+00
0.000000000000000000e+00
0.000000000000000000e+00
0.000000000000000000e+00
0.000000000000000000e+00
0.000000000000000000e+00
0.000000000000000000e+00
0.000000000000000000e+00
2.540520892921950491e+00
0.000000000000000000e+00
0.000000000000000000e+00
0.000000000000000000e+00
0.000000000000000000e+00
0.000000000000000000e+00
1.018401280882990889e+01
0.000000000000000000e+00
0.000000000000000000e+00
6.053729071781521753e+00
0.000000000000000000e+00
0.000000000000000000e+00
0.000000000000000000e+00
0.000000000000000000e+00
0.000000000000000000e+00
0.000000000000000000e+00
0.000000000000000000e+00
0.000000000000000000e+00
0.000000000000000000e+00
1.322549492677342187e+01
0.000000000000000000e+00
1.568688682067434392e+00
0.000000000000000000e+00
0.000000000000000000e+00
1.521705284581199180e+01
0.000000000000000000e+00
0.000000000000000000e+00
0.000000000000000000e+00
0.000000000000000000e+00
0.000000000000000000e+00
2.362453368886987537e+00
0.000000000000000000e+00
0.000000000000000000e+00
0.000000000000000000e+00
1.906974231122007168e+01
1.292808777126412068e+01
1.049724645581700599e+01
0.000000000000000000e+00
1.226162626768316244e+01
0.000000000000000000e+00
0.000000000000000000e+00
6.449757043015043045e+00
0.000000000000000000e+00
0.000000000000000000e+00
0.000000000000000000e+00
0.000000000000000000e+00
0.000000000000000000e+00
1.715110959924632539e+01
0.000000000000000000e+00
0.000000000000000000e+00
0.000000000000000000e+00
0.000000000000000000e+00
0.000000000000000000e+00
0.000000000000000000e+00
0.000000000000000000e+00
1.219527283970898601e+01
0.000000000000000000e+00
1.428542151681673111e+01
0.000000000000000000e+00
0.000000000000000000e+00
0.000000000000000000e+00
1.070975736196925254e+01
0.000000000000000000e+00
4.528388734859225551e+00
0.000000000000000000e+00
0.000000000000000000e+00
0.000000000000000000e+00
0.000000000000000000e+00
0.000000000000000000e+00
0.000000000000000000e+00
0.000000000000000000e+00
0.000000000000000000e+00
0.000000000000000000e+00
1.145525367119186022e+01
0.000000000000000000e+00
6.208602200721003328e+00
0.000000000000000000e+00
1.730306973686461447e+01
0.000000000000000000e+00
0.000000000000000000e+00
0.000000000000000000e+00
0.000000000000000000e+00
0.000000000000000000e+00
0.000000000000000000e+00
0.000000000000000000e+00
0.000000000000000000e+00
0.000000000000000000e+00
0.000000000000000000e+00
0.000000000000000000e+00
1.564572800769595151e+00
0.000000000000000000e+00
0.000000000000000000e+00
0.000000000000000000e+00
0.000000000000000000e+00
0.000000000000000000e+00
0.000000000000000000e+00
0.000000000000000000e+00
1.633573734578811942e+00
4.100922717591092059e+00
0.000000000000000000e+00
0.000000000000000000e+00
1.428542151681673111e+01
0.000000000000000000e+00
0.000000000000000000e+00
4.450013419269103210e+00
0.000000000000000000e+00
3.730830846268310630e+00
1.828513202244998581e+01
0.000000000000000000e+00
3.072049167406247783e+00
0.000000000000000000e+00
1.330306560106299862e+01
0.000000000000000000e+00
0.000000000000000000e+00
0.000000000000000000e+00
0.000000000000000000e+00
0.000000000000000000e+00
0.000000000000000000e+00
0.000000000000000000e+00
0.000000000000000000e+00
0.000000000000000000e+00
0.000000000000000000e+00
0.000000000000000000e+00
0.000000000000000000e+00
0.000000000000000000e+00
0.000000000000000000e+00
0.000000000000000000e+00
-1.349262493580672961e-01
5.815542695891497971e-01
0.000000000000000000e+00
0.000000000000000000e+00
1.916121526715439449e+00
1.642660707320887781e+01
0.000000000000000000e+00
0.000000000000000000e+00
2.122645439332119910e+00
0.000000000000000000e+00
0.000000000000000000e+00
3.580291302060613301e+00
8.380995831339665969e+00
0.000000000000000000e+00
0.000000000000000000e+00
1.328560764486072365e+01
0.000000000000000000e+00
0.000000000000000000e+00
0.000000000000000000e+00
-1.655711983698041623e-01
0.000000000000000000e+00
5.833338871633749534e+00
1.647528574270608104e+01
0.000000000000000000e+00
0.000000000000000000e+00
0.000000000000000000e+00
1.106938945920852291e+01
0.000000000000000000e+00
0.000000000000000000e+00
9.147394155917803360e+00
0.000000000000000000e+00
0.000000000000000000e+00
0.000000000000000000e+00
0.000000000000000000e+00
0.000000000000000000e+00
0.000000000000000000e+00
0.000000000000000000e+00
0.000000000000000000e+00
3.723376191536642565e+00
9.414839485798143670e+00
5.071621703904900968e+00
1.386109851718115626e+00
0.000000000000000000e+00
3.950548876578831692e+00
2.526157704968456841e+01
0.000000000000000000e+00
0.000000000000000000e+00
0.000000000000000000e+00
1.630299575108494992e+01
3.958661535406519327e+00
1.521705284581199180e+01
0.000000000000000000e+00
0.000000000000000000e+00
6.372385210293461277e+00
0.000000000000000000e+00
0.000000000000000000e+00
6.500029336952480641e+00
0.000000000000000000e+00
1.392262816727836672e+01
5.372385210293464830e+00
0.000000000000000000e+00
9.474862268047912650e+00
0.000000000000000000e+00
0.000000000000000000e+00
9.467311856279373439e-01
6.564572800769588490e+00
0.000000000000000000e+00
0.000000000000000000e+00
0.000000000000000000e+00
0.000000000000000000e+00
0.000000000000000000e+00
0.000000000000000000e+00
0.000000000000000000e+00
1.928513202244997160e+01
0.000000000000000000e+00
1.730308437605226501e+01
0.000000000000000000e+00
2.304263632368540726e+01
0.000000000000000000e+00
0.000000000000000000e+00
8.298681424836573228e+00
0.000000000000000000e+00
0.000000000000000000e+00
0.000000000000000000e+00
0.000000000000000000e+00
0.000000000000000000e+00
9.052355155712715762e-02
0.000000000000000000e+00
0.000000000000000000e+00
0.000000000000000000e+00
0.000000000000000000e+00
2.966990085909169572e+00
0.000000000000000000e+00
2.308774602970308898e+00
0.000000000000000000e+00
4.452088353171597568e+00
0.000000000000000000e+00
0.000000000000000000e+00
0.000000000000000000e+00
0.000000000000000000e+00
0.000000000000000000e+00
0.000000000000000000e+00
0.000000000000000000e+00
0.000000000000000000e+00
0.000000000000000000e+00
0.000000000000000000e+00
4.416387063337507080e+00
0.000000000000000000e+00
1.093155049499315901e+01
0.000000000000000000e+00
0.000000000000000000e+00
0.000000000000000000e+00
2.092654734725989840e+00
0.000000000000000000e+00
0.000000000000000000e+00
0.000000000000000000e+00
0.000000000000000000e+00
0.000000000000000000e+00
0.000000000000000000e+00
0.000000000000000000e+00
0.000000000000000000e+00
0.000000000000000000e+00
4.527491889660539393e+00
0.000000000000000000e+00
9.264172327800471507e+00
0.000000000000000000e+00
0.000000000000000000e+00
0.000000000000000000e+00
5.537129797888474592e+00
0.000000000000000000e+00
0.000000000000000000e+00
2.126157704968458972e+01
0.000000000000000000e+00
0.000000000000000000e+00
2.630299575108486465e+01
0.000000000000000000e+00
0.000000000000000000e+00
0.000000000000000000e+00
0.000000000000000000e+00
0.000000000000000000e+00
0.000000000000000000e+00
0.000000000000000000e+00
0.000000000000000000e+00
9.093800632179908305e+00
0.000000000000000000e+00
0.000000000000000000e+00
2.018401280882996218e+01
0.000000000000000000e+00
0.000000000000000000e+00
1.628522151681675822e+01
0.000000000000000000e+00
0.000000000000000000e+00
0.000000000000000000e+00
0.000000000000000000e+00
0.000000000000000000e+00
0.000000000000000000e+00
0.000000000000000000e+00
0.000000000000000000e+00
0.000000000000000000e+00
0.000000000000000000e+00
0.000000000000000000e+00
0.000000000000000000e+00
3.450146840256719027e+00
2.406938945920848028e+01
0.000000000000000000e+00
0.000000000000000000e+00
4.827753618489619925e+00
0.000000000000000000e+00
0.000000000000000000e+00
0.000000000000000000e+00
0.000000000000000000e+00
0.000000000000000000e+00
0.000000000000000000e+00
1.338099583133964110e+01
2.314728929518504330e+01
8.348376857487510350e+00
1.137238521029346039e+01
0.000000000000000000e+00
0.000000000000000000e+00
0.000000000000000000e+00
0.000000000000000000e+00
0.000000000000000000e+00
0.000000000000000000e+00
0.000000000000000000e+00
2.206981537586478126e+01
0.000000000000000000e+00
1.314761592150126290e+01
7.069566787660767737e+00
1.237238521029346217e+01
0.000000000000000000e+00
0.000000000000000000e+00
0.000000000000000000e+00
0.000000000000000000e+00
0.000000000000000000e+00
0.000000000000000000e+00
2.210053368886987446e+00
0.000000000000000000e+00
0.000000000000000000e+00
1.230316560106300550e+01
0.000000000000000000e+00
3.385940001740027849e+00
0.000000000000000000e+00
0.000000000000000000e+00
0.000000000000000000e+00
1.928513202244997160e+01
6.564572800769588490e+00
2.426157704968456130e+01
0.000000000000000000e+00
0.000000000000000000e+00
1.306938945920852291e+01
0.000000000000000000e+00
0.000000000000000000e+00
0.000000000000000000e+00
0.000000000000000000e+00
0.000000000000000000e+00
1.828513202244998581e+01
0.000000000000000000e+00
1.930299575108492149e+01
0.000000000000000000e+00
0.000000000000000000e+00
1.322549492677342187e+01
0.000000000000000000e+00
0.000000000000000000e+00
5.699278113008114488e+00
0.000000000000000000e+00
0.000000000000000000e+00
0.000000000000000000e+00
0.000000000000000000e+00
0.000000000000000000e+00
0.000000000000000000e+00
0.000000000000000000e+00
2.827753618489614595e+00
2.926157704968461104e+01
0.000000000000000000e+00
0.000000000000000000e+00
0.000000000000000000e+00
0.000000000000000000e+00
6.564572800769588490e+00
1.223428598039305726e+01
7.373231653069533209e+00
0.000000000000000000e+00
2.449712682868524283e+01
2.314930235884265741e+01
0.000000000000000000e+00
0.000000000000000000e+00
0.000000000000000000e+00
0.000000000000000000e+00
0.000000000000000000e+00
0.000000000000000000e+00
1.026941119051653573e+01
0.000000000000000000e+00
0.000000000000000000e+00
0.000000000000000000e+00
2.546709072134555552e+00
0.000000000000000000e+00
2.430308437605221172e+01
0.000000000000000000e+00
1.509391410590390770e+01
1.219164571765591454e+01
0.000000000000000000e+00
0.000000000000000000e+00
0.000000000000000000e+00
0.000000000000000000e+00
-5.518310150035623529e+00
0.000000000000000000e+00
0.000000000000000000e+00
0.000000000000000000e+00
0.000000000000000000e+00
8.449757043015038604e+00
1.928513202244997160e+01
0.000000000000000000e+00
1.124794422078823430e+01
0.000000000000000000e+00
0.000000000000000000e+00
0.000000000000000000e+00
0.000000000000000000e+00
0.000000000000000000e+00
0.000000000000000000e+00
3.231731124335732286e+00
0.000000000000000000e+00
1.428542151681673111e+01
0.000000000000000000e+00
2.426157704968456130e+01
0.000000000000000000e+00
2.630299575108486465e+01
0.000000000000000000e+00
-1.032464299986934675e+00
0.000000000000000000e+00
2.139449637306365659e+01
6.125139056130747051e+00
0.000000000000000000e+00
0.000000000000000000e+00
3.827840144765596975e+00
0.000000000000000000e+00
0.000000000000000000e+00
1.806938945920856199e+01
-9.793727751520240332e-01
0.000000000000000000e+00
0.000000000000000000e+00
0.000000000000000000e+00
0.000000000000000000e+00
0.000000000000000000e+00
0.000000000000000000e+00
0.000000000000000000e+00
1.521705284581199180e+01
0.000000000000000000e+00
1.928513202244997160e+01
0.000000000000000000e+00
0.000000000000000000e+00
0.000000000000000000e+00
0.000000000000000000e+00
0.000000000000000000e+00
0.000000000000000000e+00
0.000000000000000000e+00
0.000000000000000000e+00
0.000000000000000000e+00
2.535370106797434353e+00
6.564572800769588490e+00
0.000000000000000000e+00
3.411931200368323869e-01
9.153136609446677951e+00
0.000000000000000000e+00
0.000000000000000000e+00
0.000000000000000000e+00
0.000000000000000000e+00
5.525743583403845527e+00
1.621511968221037847e+01
0.000000000000000000e+00
6.525288047868470720e+00
0.000000000000000000e+00
0.000000000000000000e+00
1.431042032396589558e+00
0.000000000000000000e+00
-1.580996941307848958e-01
0.000000000000000000e+00
0.000000000000000000e+00
0.000000000000000000e+00
0.000000000000000000e+00
0.000000000000000000e+00
6.957269375741217399e-01
0.000000000000000000e+00
0.000000000000000000e+00
0.000000000000000000e+00
0.000000000000000000e+00
2.706974231122001484e+01
0.000000000000000000e+00
0.000000000000000000e+00
0.000000000000000000e+00
0.000000000000000000e+00
0.000000000000000000e+00
0.000000000000000000e+00
0.000000000000000000e+00
0.000000000000000000e+00
0.000000000000000000e+00
2.956500825802755639e+00
0.000000000000000000e+00
0.000000000000000000e+00
1.432780095657428809e+00
0.000000000000000000e+00
0.000000000000000000e+00
0.000000000000000000e+00
2.106974231122006813e+01
0.000000000000000000e+00
0.000000000000000000e+00
8.930319301211444127e+00
1.537799657547446763e+01
1.706974231122009655e+01
1.028822196914950382e+01
0.000000000000000000e+00
2.540520892921950491e+00
0.000000000000000000e+00
0.000000000000000000e+00
0.000000000000000000e+00
0.000000000000000000e+00
1.528532151681673135e+01
0.000000000000000000e+00
1.452555990908342087e+00
0.000000000000000000e+00
0.000000000000000000e+00
0.000000000000000000e+00
0.000000000000000000e+00
2.535546108508934804e+00
1.619445945291544575e+01
0.000000000000000000e+00
0.000000000000000000e+00
2.130299575108491084e+01
5.372471736569446321e+00
0.000000000000000000e+00
8.069389459208521131e+00
0.000000000000000000e+00
0.000000000000000000e+00
0.000000000000000000e+00
5.579822725714289611e+00
0.000000000000000000e+00
1.206938945920852646e+01
5.082901592394746260e+00
0.000000000000000000e+00
0.000000000000000000e+00
0.000000000000000000e+00
0.000000000000000000e+00
1.707366378074499025e+01
0.000000000000000000e+00
1.442662894748119307e+01
0.000000000000000000e+00
0.000000000000000000e+00
0.000000000000000000e+00
1.831045421158480835e+01
0.000000000000000000e+00
0.000000000000000000e+00
2.430299575108485755e+01
3.578932874040204659e+00
0.000000000000000000e+00
0.000000000000000000e+00
1.007024408877957455e+01
4.450242154380507742e+00
0.000000000000000000e+00
0.000000000000000000e+00
0.000000000000000000e+00
2.365164843198802325e-01
0.000000000000000000e+00
0.000000000000000000e+00
0.000000000000000000e+00
