2.406948794526658730e+01
1.256457280076957161e+01
0.000000000000000000e+00
2.115075212551439776e+01
0.000000000000000000e+00
0.000000000000000000e+00
0.000000000000000000e+00
0.000000000000000000e+00
4.449926892993122607e+00
0.000000000000000000e+00
2.330328437605223257e+01
0.000000000000000000e+00
0.000000000000000000e+00
2.212281140349725206e+01
0.000000000000000000e+00
0.000000000000000000e+00
2.006948794526663704e+01
2.117160305330211401e+01
0.000000000000000000e+00
0.000000000000000000e+00
0.000000000000000000e+00
0.000000000000000000e+00
0.000000000000000000e+00
0.000000000000000000e+00
4.272037554180433960e-01
0.000000000000000000e+00
0.000000000000000000e+00
0.000000000000000000e+00
0.000000000000000000e+00
8.231735339613754476e+00
0.000000000000000000e+00
2.711334092699749121e+00
1.715421816869641347e+01
2.115034729358550791e+01
0.000000000000000000e+00
0.000000000000000000e+00
0.000000000000000000e+00
1.029883835218364752e+01
0.000000000000000000e+00
0.000000000000000000e+00
0.000000000000000000e+00
0.000000000000000000e+00
0.000000000000000000e+00
0.000000000000000000e+00
0.000000000000000000e+00
0.000000000000000000e+00
0.000000000000000000e+00
8.069741747647176666e+00
0.000000000000000000e+00
0.000000000000000000e+00
0.000000000000000000e+00
0.000000000000000000e+00
0.000000000000000000e+00
0.000000000000000000e+00
1.357857981169339112e+01
1.941256421599517612e-01
8.033247242484241823e+00
0.000000000000000000e+00
0.000000000000000000e+00
0.000000000000000000e+00
1.430299575108493215e+01
8.564572800769580496e+00
0.000000000000000000e+00
1.621509907441901888e+01
0.000000000000000000e+00
0.000000000000000000e+00
0.000000000000000000e+00
0.000000000000000000e+00
2.252561249697572165e+01
5.564572800769584937e+00
0.000000000000000000e+00
1.926157704968459683e+01
7.564572800769604477e+00
0.000000000000000000e+00
2.830299575108490018e+01
7.452932704085831972e+00
0.000000000000000000e+00
0.000000000000000000e+00
0.000000000000000000e+00
0.000000000000000000e+00
0.000000000000000000e+00
1.052561249697576073e+01
0.000000000000000000e+00
0.000000000000000000e+00
1.563144950313457571e+00
0.000000000000000000e+00
2.104384235164253880e+01
2.014718812972147433e+01
9.529032188941158665e+00
0.000000000000000000e+00
0.000000000000000000e+00
0.000000000000000000e+00
0.000000000000000000e+00
0.000000000000000000e+00
0.000000000000000000e+00
0.000000000000000000e+00
0.000000000000000000e+00
1.129680776085443838e+01
0.000000000000000000e+00
2.535790299130349812e+00
3.361124227087016525e+00
0.000000000000000000e+00
1.149761745674621061e+01
0.000000000000000000e+00
0.000000000000000000e+00
0.000000000000000000e+00
0.000000000000000000e+00
0.000000000000000000e+00
0.000000000000000000e+00
0.000000000000000000e+00
0.000000000000000000e+00
0.000000000000000000e+00
0.000000000000000000e+00
6.372385210293461277e+00
0.000000000000000000e+00
8.069487830859989330e+00
3.914118214430987397e+00
2.415121076470995121e+01
0.000000000000000000e+00
0.000000000000000000e+00
2.226157704968456841e+01
1.030372656052603375e+01
0.000000000000000000e+00
9.449843569291038747e+00
3.448633777106400622e+00
0.000000000000000000e+00
1.330351530907127255e+01
0.000000000000000000e+00
0.000000000000000000e+00
1.228592915776834715e+01
8.564572800769580496e+00
0.000000000000000000e+00
0.000000000000000000e+00
1.926157704968459683e+01
1.422024283447725779e+01
7.827753618489617260e+00
0.000000000000000000e+00
9.426656534743869997e+00
0.000000000000000000e+00
0.000000000000000000e+00
0.000000000000000000e+00
1.506948794526660329e+01
1.928513202244997160e+01
0.000000000000000000e+00
2.130299575108491084e+01
9.449757043015056368e+00
0.000000000000000000e+00
7.372385210293442626e+00
0.000000000000000000e+00
0.000000000000000000e+00
1.827823468467682622e+00
0.000000000000000000e+00
0.000000000000000000e+00
7.456527208335083756e+00
1.214571129795217530e+00
0.000000000000000000e+00
1.180332732042662158e+01
0.000000000000000000e+00
0.000000000000000000e+00
0.000000000000000000e+00
3.068484814999188348e+00
0.000000000000000000e+00
0.000000000000000000e+00
0.000000000000000000e+00
0.000000000000000000e+00
0.000000000000000000e+00
1.830299575108488952e+01
1.621511213693530706e+01
0.000000000000000000e+00
7.975574568159086830e+00
0.000000000000000000e+00
0.000000000000000000e+00
0.000000000000000000e+00
0.000000000000000000e+00
0.000000000000000000e+00
1.230589712364328925e+01
1.284570064552027269e+01
0.000000000000000000e+00
0.000000000000000000e+00
1.252662952184737399e+01
0.000000000000000000e+00
0.000000000000000000e+00
1.544975704301504038e+01
0.000000000000000000e+00
0.000000000000000000e+00
9.497794108199999030e+00
0.000000000000000000e+00
0.000000000000000000e+00
1.230361530907127943e+01
0.000000000000000000e+00
0.000000000000000000e+00
0.000000000000000000e+00
0.000000000000000000e+00
0.000000000000000000e+00
1.144975704301508479e+01
3.052485635346276638e+01
0.000000000000000000e+00
0.000000000000000000e+00
0.000000000000000000e+00
0.000000000000000000e+00
0.000000000000000000e+00
0.000000000000000000e+00
0.000000000000000000e+00
0.000000000000000000e+00
0.000000000000000000e+00
0.000000000000000000e+00
0.000000000000000000e+00
2.614676129193014020e+01
0.000000000000000000e+00
8.372385210293478153e+00
0.000000000000000000e+00
1.322765380223484755e+01
0.000000000000000000e+00
0.000000000000000000e+00
0.000000000000000000e+00
0.000000000000000000e+00
0.000000000000000000e+00
2.450387759537386856e+00
0.000000000000000000e+00
3.728907056675153098e-01
1.363829647841347636e+01
0.000000000000000000e+00
0.000000000000000000e+00
0.000000000000000000e+00
2.128513202245004621e+01
0.000000000000000000e+00
0.000000000000000000e+00
1.156457280076958050e+01
0.000000000000000000e+00
1.092859912266441924e+01
0.000000000000000000e+00
1.996084738003637327e+01
0.000000000000000000e+00
0.000000000000000000e+00
0.000000000000000000e+00
0.000000000000000000e+00
0.000000000000000000e+00
0.000000000000000000e+00
0.000000000000000000e+00
0.000000000000000000e+00
0.000000000000000000e+00
0.000000000000000000e+00
1.314955595660510035e+01
0.000000000000000000e+00
1.330306560106299862e+01
1.130656976231848887e+01
0.000000000000000000e+00
2.415787534864155361e+01
0.000000000000000000e+00
0.000000000000000000e+00
0.000000000000000000e+00
0.000000000000000000e+00
1.621510081721449836e+01
0.000000000000000000e+00
9.749741541124283817e-01
0.000000000000000000e+00
0.000000000000000000e+00
4.452041274407161353e+00
0.000000000000000000e+00
1.526157704968466078e+01
7.524856353462801906e+00
0.000000000000000000e+00
3.728907056675153098e-01
1.244975704301508479e+01
1.244975704301508479e+01
0.000000000000000000e+00
1.728513202244996450e+01
1.567999093654029785e+00
9.524757867404723299e+00
0.000000000000000000e+00
0.000000000000000000e+00
0.000000000000000000e+00
1.223600390560460660e+00
0.000000000000000000e+00
2.326157704968457551e+01
0.000000000000000000e+00
1.695586585152281955e+01
0.000000000000000000e+00
0.000000000000000000e+00
0.000000000000000000e+00
0.000000000000000000e+00
0.000000000000000000e+00
0.000000000000000000e+00
0.000000000000000000e+00
0.000000000000000000e+00
0.000000000000000000e+00
1.951346178303833501e+00
0.000000000000000000e+00
4.215577220419829629e+00
0.000000000000000000e+00
1.349932324696513852e+01
0.000000000000000000e+00
0.000000000000000000e+00
0.000000000000000000e+00
0.000000000000000000e+00
0.000000000000000000e+00
0.000000000000000000e+00
1.796594677337195378e+01
4.449926892993122607e+00
0.000000000000000000e+00
1.714785247691735748e+01
0.000000000000000000e+00
0.000000000000000000e+00
1.352662952184737577e+01
1.426157704968467854e+01
8.272741096958419860e+00
0.000000000000000000e+00
0.000000000000000000e+00
0.000000000000000000e+00
2.130299575108491084e+01
1.806948794526666902e+01
1.339449637306369567e+01
0.000000000000000000e+00
0.000000000000000000e+00
1.323397943200046178e+01
0.000000000000000000e+00
0.000000000000000000e+00
0.000000000000000000e+00
0.000000000000000000e+00
1.156457280076958050e+01
0.000000000000000000e+00
1.117292021291820703e+01
0.000000000000000000e+00
0.000000000000000000e+00
0.000000000000000000e+00
0.000000000000000000e+00
0.000000000000000000e+00
0.000000000000000000e+00
0.000000000000000000e+00
2.426157704968456130e+01
0.000000000000000000e+00
0.000000000000000000e+00
0.000000000000000000e+00
0.000000000000000000e+00
2.294683610111134797e+01
0.000000000000000000e+00
0.000000000000000000e+00
0.000000000000000000e+00
0.000000000000000000e+00
0.000000000000000000e+00
0.000000000000000000e+00
7.385469890246659785e-02
4.372385210293445290e+00
0.000000000000000000e+00
0.000000000000000000e+00
0.000000000000000000e+00
0.000000000000000000e+00
0.000000000000000000e+00
1.207126111365121979e+01
0.000000000000000000e+00
1.930282833932243314e+00
9.426656534743869997e+00
0.000000000000000000e+00
0.000000000000000000e+00
0.000000000000000000e+00
0.000000000000000000e+00
0.000000000000000000e+00
0.000000000000000000e+00
0.000000000000000000e+00
0.000000000000000000e+00
0.000000000000000000e+00
4.332221870220604565e+00
2.530299575108486110e+01
1.546709072134559326e+00
2.542665653474385223e+01
0.000000000000000000e+00
0.000000000000000000e+00
2.026157704968460749e+01
0.000000000000000000e+00
0.000000000000000000e+00
0.000000000000000000e+00
0.000000000000000000e+00
0.000000000000000000e+00
0.000000000000000000e+00
0.000000000000000000e+00
0.000000000000000000e+00
0.000000000000000000e+00
1.728513202244996450e+01
0.000000000000000000e+00
0.000000000000000000e+00
1.014960486077861646e+01
3.290925160640124414e+00
0.000000000000000000e+00
0.000000000000000000e+00
0.000000000000000000e+00
0.000000000000000000e+00
0.000000000000000000e+00
0.000000000000000000e+00
1.422534321726718964e+01
0.000000000000000000e+00
0.000000000000000000e+00
0.000000000000000000e+00
2.014770454646862774e+01
0.000000000000000000e+00
0.000000000000000000e+00
2.492696020915101229e+00
0.000000000000000000e+00
0.000000000000000000e+00
6.074241687423850955e+00
-4.354271992304089567e-01
0.000000000000000000e+00
2.228513202245006397e+01
0.000000000000000000e+00
1.028804723214641115e+01
0.000000000000000000e+00
0.000000000000000000e+00
1.007690216196512267e+01
0.000000000000000000e+00
2.495142521594249274e+01
3.423686354593038939e+00
0.000000000000000000e+00
1.826157704968461104e+01
2.330299575108487531e+01
0.000000000000000000e+00
0.000000000000000000e+00
2.126157704968458972e+01
3.531193047151258924e+00
0.000000000000000000e+00
0.000000000000000000e+00
0.000000000000000000e+00
4.432369006235428621e+00
0.000000000000000000e+00
0.000000000000000000e+00
9.750324604482808466e-01
0.000000000000000000e+00
0.000000000000000000e+00
0.000000000000000000e+00
0.000000000000000000e+00
0.000000000000000000e+00
1.463725236145695163e+01
0.000000000000000000e+00
0.000000000000000000e+00
0.000000000000000000e+00
2.378040282595048183e+00
1.422040787370012005e+01
1.030369987669784670e+01
2.214796058671780798e+01
0.000000000000000000e+00
1.127226374336874315e+01
0.000000000000000000e+00
5.383913115090007473e+00
0.000000000000000000e+00
1.968481961286632753e+01
0.000000000000000000e+00
0.000000000000000000e+00
0.000000000000000000e+00
0.000000000000000000e+00
0.000000000000000000e+00
0.000000000000000000e+00
0.000000000000000000e+00
0.000000000000000000e+00
2.540513232265988908e+00
0.000000000000000000e+00
0.000000000000000000e+00
0.000000000000000000e+00
0.000000000000000000e+00
0.000000000000000000e+00
1.018269103535807929e+01
0.000000000000000000e+00
0.000000000000000000e+00
6.053127453012345782e+00
0.000000000000000000e+00
0.000000000000000000e+00
0.000000000000000000e+00
0.000000000000000000e+00
0.000000000000000000e+00
0.000000000000000000e+00
0.000000000000000000e+00
0.000000000000000000e+00
0.000000000000000000e+00
1.323399495344060739e+01
0.000000000000000000e+00
1.567999093654029785e+00
0.000000000000000000e+00
0.000000000000000000e+00
1.521719069258428725e+01
0.000000000000000000e+00
0.000000000000000000e+00
0.000000000000000000e+00
0.000000000000000000e+00
9.028846861262332379e-02
1.615740252940269528e+01
0.000000000000000000e+00
0.000000000000000000e+00
0.000000000000000000e+00
1.906974231122007168e+01
1.292809450427627382e+01
1.049724645581700599e+01
0.000000000000000000e+00
1.226162626768316244e+01
0.000000000000000000e+00
0.000000000000000000e+00
6.449757043015043045e+00
0.000000000000000000e+00
0.000000000000000000e+00
0.000000000000000000e+00
0.000000000000000000e+00
0.000000000000000000e+00
1.630299575108494992e+01
0.000000000000000000e+00
0.000000000000000000e+00
0.000000000000000000e+00
0.000000000000000000e+00
0.000000000000000000e+00
0.000000000000000000e+00
0.000000000000000000e+00
1.217585730726530358e+01
0.000000000000000000e+00
1.428542151681673111e+01
0.000000000000000000e+00
0.000000000000000000e+00
0.000000000000000000e+00
1.485288457407088991e+01
0.000000000000000000e+00
4.528508914532181073e+00
0.000000000000000000e+00
0.000000000000000000e+00
0.000000000000000000e+00
0.000000000000000000e+00
0.000000000000000000e+00
0.000000000000000000e+00
0.000000000000000000e+00
0.000000000000000000e+00
0.000000000000000000e+00
1.056457280076957517e+01
0.000000000000000000e+00
6.207704355511329375e+00
0.000000000000000000e+00
1.730306973686461447e+01
0.000000000000000000e+00
0.000000000000000000e+00
0.000000000000000000e+00
0.000000000000000000e+00
0.000000000000000000e+00
0.000000000000000000e+00
0.000000000000000000e+00
0.000000000000000000e+00
0.000000000000000000e+00
0.000000000000000000e+00
0.000000000000000000e+00
1.564572800769595151e+00
0.000000000000000000e+00
0.000000000000000000e+00
0.000000000000000000e+00
0.000000000000000000e+00
0.000000000000000000e+00
0.000000000000000000e+00
0.000000000000000000e+00
1.631416418426614001e+00
4.100565897524717229e+00
0.000000000000000000e+00
0.000000000000000000e+00
1.428542151681673111e+01
0.000000000000000000e+00
0.000000000000000000e+00
4.450013419269103210e+00
0.000000000000000000e+00
3.731426526124570930e+00
1.828513202244998581e+01
0.000000000000000000e+00
3.224029634301083913e+00
0.000000000000000000e+00
1.330306560106299862e+01
0.000000000000000000e+00
0.000000000000000000e+00
1.544975704301504038e+01
0.000000000000000000e+00
0.000000000000000000e+00
0.000000000000000000e+00
0.000000000000000000e+00
0.000000000000000000e+00
0.000000000000000000e+00
0.000000000000000000e+00
0.000000000000000000e+00
0.000000000000000000e+00
0.000000000000000000e+00
0.000000000000000000e+00
0.000000000000000000e+00
8.167195412745030580e+00
5.765437425128260296e-01
0.000000000000000000e+00
0.000000000000000000e+00
1.915887628479845173e+00
1.642664887408783869e+01
0.000000000000000000e+00
1.744975704301510433e+01
2.125141956500185003e+00
0.000000000000000000e+00
0.000000000000000000e+00
3.575965064806343463e+00
8.381094317397771221e+00
0.000000000000000000e+00
0.000000000000000000e+00
1.328560758526402985e+01
0.000000000000000000e+00
0.000000000000000000e+00
0.000000000000000000e+00
3.779092188390477336e+00
0.000000000000000000e+00
5.833338840813153681e+00
2.042664638600858851e+01
0.000000000000000000e+00
0.000000000000000000e+00
0.000000000000000000e+00
1.106948794526662816e+01
0.000000000000000000e+00
0.000000000000000000e+00
9.148019290926358238e+00
0.000000000000000000e+00
0.000000000000000000e+00
0.000000000000000000e+00
0.000000000000000000e+00
0.000000000000000000e+00
0.000000000000000000e+00
0.000000000000000000e+00
0.000000000000000000e+00
3.722532372492570740e+00
9.425707000036581462e+00
5.071615420826895537e+00
0.000000000000000000e+00
0.000000000000000000e+00
3.947847776411516740e+00
2.526157704968456841e+01
0.000000000000000000e+00
0.000000000000000000e+00
0.000000000000000000e+00
1.630299575108494992e+01
7.350566525708789101e+00
2.862410775337466617e+01
0.000000000000000000e+00
0.000000000000000000e+00
6.372385210293461277e+00
0.000000000000000000e+00
0.000000000000000000e+00
6.499631019718144387e+00
0.000000000000000000e+00
1.392262816727836672e+01
5.372385210293464830e+00
0.000000000000000000e+00
9.449757043015056368e+00
0.000000000000000000e+00
0.000000000000000000e+00
9.471987854075181179e-01
6.564572800769588490e+00
0.000000000000000000e+00
0.000000000000000000e+00
0.000000000000000000e+00
0.000000000000000000e+00
0.000000000000000000e+00
0.000000000000000000e+00
0.000000000000000000e+00
2.015977294493640670e+01
0.000000000000000000e+00
1.730308437605226501e+01
0.000000000000000000e+00
2.304276663622873755e+01
0.000000000000000000e+00
0.000000000000000000e+00
8.311230852493810772e+00
0.000000000000000000e+00
0.000000000000000000e+00
0.000000000000000000e+00
0.000000000000000000e+00
0.000000000000000000e+00
1.715868871433331933e+01
0.000000000000000000e+00
0.000000000000000000e+00
0.000000000000000000e+00
0.000000000000000000e+00
2.964612075919416778e+00
0.000000000000000000e+00
2.310418037222269572e+00
2.827753618489614595e+00
4.451620576741892599e+00
0.000000000000000000e+00
0.000000000000000000e+00
0.000000000000000000e+00
0.000000000000000000e+00
0.000000000000000000e+00
0.000000000000000000e+00
0.000000000000000000e+00
0.000000000000000000e+00
0.000000000000000000e+00
8.299106857866894060e+00
4.415701218159204799e+00
0.000000000000000000e+00
1.093155049499315901e+01
0.000000000000000000e+00
0.000000000000000000e+00
0.000000000000000000e+00
2.091887428078903266e+00
0.000000000000000000e+00
0.000000000000000000e+00
0.000000000000000000e+00
0.000000000000000000e+00
0.000000000000000000e+00
0.000000000000000000e+00
0.000000000000000000e+00
0.000000000000000000e+00
0.000000000000000000e+00
4.527491889660539393e+00
0.000000000000000000e+00
9.264158342713553651e+00
0.000000000000000000e+00
0.000000000000000000e+00
1.526157704968466078e+01
5.537189648311040990e+00
0.000000000000000000e+00
0.000000000000000000e+00
2.126157704968458972e+01
0.000000000000000000e+00
0.000000000000000000e+00
2.630299575108486465e+01
0.000000000000000000e+00
0.000000000000000000e+00
0.000000000000000000e+00
0.000000000000000000e+00
0.000000000000000000e+00
0.000000000000000000e+00
0.000000000000000000e+00
0.000000000000000000e+00
9.093800598174032856e+00
2.530299575108486110e+01
0.000000000000000000e+00
2.018299114976477071e+01
0.000000000000000000e+00
0.000000000000000000e+00
1.628522151681675822e+01
0.000000000000000000e+00
0.000000000000000000e+00
0.000000000000000000e+00
0.000000000000000000e+00
0.000000000000000000e+00
0.000000000000000000e+00
0.000000000000000000e+00
0.000000000000000000e+00
0.000000000000000000e+00
0.000000000000000000e+00
0.000000000000000000e+00
0.000000000000000000e+00
3.450146700259263177e+00
2.406948794526658730e+01
0.000000000000000000e+00
0.000000000000000000e+00
4.827753618489619925e+00
0.000000000000000000e+00
0.000000000000000000e+00
2.530299575108486110e+01
0.000000000000000000e+00
0.000000000000000000e+00
0.000000000000000000e+00
1.338109431739774635e+01
2.314728929518504330e+01
8.760813583367967894e+00
1.137238521029346039e+01
0.000000000000000000e+00
0.000000000000000000e+00
0.000000000000000000e+00
0.000000000000000000e+00
0.000000000000000000e+00
0.000000000000000000e+00
0.000000000000000000e+00
2.207158555357073837e+01
0.000000000000000000e+00
1.314761592150126290e+01
7.069665273718873877e+00
1.237238521029346217e+01
0.000000000000000000e+00
0.000000000000000000e+00
0.000000000000000000e+00
0.000000000000000000e+00
0.000000000000000000e+00
0.000000000000000000e+00
1.216050388033421648e+01
0.000000000000000000e+00
0.000000000000000000e+00
1.230316560106300550e+01
0.000000000000000000e+00
3.386228626707380229e+00
0.000000000000000000e+00
0.000000000000000000e+00
0.000000000000000000e+00
1.928513202244997160e+01
6.564572800769588490e+00
2.426157704968456130e+01
0.000000000000000000e+00
0.000000000000000000e+00
1.306938945920852291e+01
0.000000000000000000e+00
1.279610798326545229e+01
0.000000000000000000e+00
0.000000000000000000e+00
0.000000000000000000e+00
1.828513202244998581e+01
0.000000000000000000e+00
1.930299575108492149e+01
0.000000000000000000e+00
0.000000000000000000e+00
1.322567280013542401e+01
0.000000000000000000e+00
0.000000000000000000e+00
5.699859488045998290e+00
0.000000000000000000e+00
0.000000000000000000e+00
0.000000000000000000e+00
1.828513202244998581e+01
0.000000000000000000e+00
0.000000000000000000e+00
0.000000000000000000e+00
2.827753618489614595e+00
2.926157704968461104e+01
0.000000000000000000e+00
0.000000000000000000e+00
0.000000000000000000e+00
0.000000000000000000e+00
6.564572800769588490e+00
1.226819239762893332e+01
7.373231653069533209e+00
0.000000000000000000e+00
2.449853372274329999e+01
2.314930235884265741e+01
0.000000000000000000e+00
0.000000000000000000e+00
0.000000000000000000e+00
0.000000000000000000e+00
0.000000000000000000e+00
0.000000000000000000e+00
1.630299575108494992e+01
0.000000000000000000e+00
0.000000000000000000e+00
0.000000000000000000e+00
2.546709072134555552e+00
0.000000000000000000e+00
2.426157704968456130e+01
0.000000000000000000e+00
1.509330063217988638e+01
1.738262193472566253e+01
0.000000000000000000e+00
0.000000000000000000e+00
0.000000000000000000e+00
0.000000000000000000e+00
5.219890441023459227e-01
0.000000000000000000e+00
0.000000000000000000e+00
0.000000000000000000e+00
0.000000000000000000e+00
8.449757043015038604e+00
1.928513202244997160e+01
0.000000000000000000e+00
1.130677620824664409e+01
0.000000000000000000e+00
0.000000000000000000e+00
0.000000000000000000e+00
0.000000000000000000e+00
0.000000000000000000e+00
0.000000000000000000e+00
3.229545967407261298e+00
0.000000000000000000e+00
1.428542151681673111e+01
0.000000000000000000e+00
2.426157704968456130e+01
0.000000000000000000e+00
2.630299575108486465e+01
0.000000000000000000e+00
0.000000000000000000e+00
0.000000000000000000e+00
2.139449637306365659e+01
6.124047867834828907e+00
0.000000000000000000e+00
0.000000000000000000e+00
3.827840144765596975e+00
0.000000000000000000e+00
0.000000000000000000e+00
1.806948794526666902e+01
0.000000000000000000e+00
0.000000000000000000e+00
0.000000000000000000e+00
6.213549941428585521e-01
0.000000000000000000e+00
0.000000000000000000e+00
0.000000000000000000e+00
0.000000000000000000e+00
1.521745904102597358e+01
0.000000000000000000e+00
1.928513202244997160e+01
0.000000000000000000e+00
0.000000000000000000e+00
0.000000000000000000e+00
0.000000000000000000e+00
0.000000000000000000e+00
0.000000000000000000e+00
0.000000000000000000e+00
0.000000000000000000e+00
2.214714840295562936e+01
2.535762641839890641e+00
6.564572800769588490e+00
0.000000000000000000e+00
1.516914400240739624e+01
9.153314685121349825e+00
0.000000000000000000e+00
0.000000000000000000e+00
0.000000000000000000e+00
8.996251260165739894e-02
5.525743583403845527e+00
1.621506745788625636e+01
0.000000000000000000e+00
6.525288047868470720e+00
0.000000000000000000e+00
0.000000000000000000e+00
1.429600169516423769e+00
0.000000000000000000e+00
0.000000000000000000e+00
0.000000000000000000e+00
0.000000000000000000e+00
0.000000000000000000e+00
0.000000000000000000e+00
0.000000000000000000e+00
9.162339423951602058e+00
0.000000000000000000e+00
0.000000000000000000e+00
0.000000000000000000e+00
0.000000000000000000e+00
2.706974231122001484e+01
0.000000000000000000e+00
0.000000000000000000e+00
0.000000000000000000e+00
0.000000000000000000e+00
0.000000000000000000e+00
0.000000000000000000e+00
0.000000000000000000e+00
0.000000000000000000e+00
0.000000000000000000e+00
3.021335525151881640e+00
0.000000000000000000e+00
0.000000000000000000e+00
1.438635927450359064e+00
0.000000000000000000e+00
0.000000000000000000e+00
0.000000000000000000e+00
2.106974231122006813e+01
0.000000000000000000e+00
0.000000000000000000e+00
8.928243013611316670e+00
1.537799657547446763e+01
1.706974231122009655e+01
1.128511752856695338e+01
0.000000000000000000e+00
2.540513232265988908e+00
0.000000000000000000e+00
0.000000000000000000e+00
0.000000000000000000e+00
0.000000000000000000e+00
1.528532151681673135e+01
0.000000000000000000e+00
1.455058279932060605e+00
0.000000000000000000e+00
0.000000000000000000e+00
0.000000000000000000e+00
0.000000000000000000e+00
2.535762641839890641e+00
1.619238923055787183e+01
5.645728007695915984e-01
0.000000000000000000e+00
2.130299575108491084e+01
5.372471736569446321e+00
0.000000000000000000e+00
8.069487381693738470e+00
1.837238521029349769e+01
0.000000000000000000e+00
0.000000000000000000e+00
5.579822559108992941e+00
0.000000000000000000e+00
1.206938945920852646e+01
5.082912684282023363e+00
0.000000000000000000e+00
0.000000000000000000e+00
0.000000000000000000e+00
0.000000000000000000e+00
1.707366378074499025e+01
0.000000000000000000e+00
1.442665641656132358e+01
0.000000000000000000e+00
0.000000000000000000e+00
0.000000000000000000e+00
1.830618324674309960e+01
0.000000000000000000e+00
0.000000000000000000e+00
2.430299575108485755e+01
4.306393215851171519e+00
0.000000000000000000e+00
0.000000000000000000e+00
1.007024408877957455e+01
4.450242154380507742e+00
0.000000000000000000e+00
0.000000000000000000e+00
0.000000000000000000e+00
3.450059087781899070e+00
0.000000000000000000e+00
0.000000000000000000e+00
0.000000000000000000e+00
