0.000000000000000000e+00
0.000000000000000000e+00
6.246874870086397635e+00
8.381892646761114618e-02
0.000000000000000000e+00
4.884748950088053099e-01
4.007223601081831177e+00
4.676881551910658241e-01
6.477707957181212173e+00
2.362876394255690737e+00
0.000000000000000000e+00
4.884748950088053099e-01
0.000000000000000000e+00
4.001676357512505611e+00
8.804234579286068091e-03
4.146485678332389457e-01
1.743603028757552575e+00
0.000000000000000000e+00
7.902027525278471742e+00
0.000000000000000000e+00
0.000000000000000000e+00
0.000000000000000000e+00
0.000000000000000000e+00
7.168462937886291186e+00
0.000000000000000000e+00
1.177237886534327149e+00
0.000000000000000000e+00
1.177237886534327149e+00
8.381892646761114618e-02
4.121048402159400048e+00
2.891172721934806220e-02
2.902033791783228955e-01
3.826501934089784202e-02
0.000000000000000000e+00
0.000000000000000000e+00
1.349063686655251892e-01
0.000000000000000000e+00
1.271918471616471646e-01
4.121048402159400048e+00
0.000000000000000000e+00
0.000000000000000000e+00
0.000000000000000000e+00
1.236992546107410773e-01
0.000000000000000000e+00
0.000000000000000000e+00
0.000000000000000000e+00
0.000000000000000000e+00
0.000000000000000000e+00
6.206710863502207243e-01
2.127024652269136635e-03
4.963835699352329989e-02
5.220679427707056064e+00
1.501663765587844246e+01
0.000000000000000000e+00
0.000000000000000000e+00
0.000000000000000000e+00
1.619324711515585102e+00
7.780724778660279561e-01
0.000000000000000000e+00
0.000000000000000000e+00
0.000000000000000000e+00
0.000000000000000000e+00
8.037927188068900997e-04
0.000000000000000000e+00
1.601261844218681674e+01
0.000000000000000000e+00
0.000000000000000000e+00
1.032739712018300438e+01
1.507148997676776431e-02
0.000000000000000000e+00
0.000000000000000000e+00
4.022294895140715809e+00
3.794941043590164820e-01
7.902027525278471742e+00
0.000000000000000000e+00
8.366751345441149068e-01
3.994154221973935659e+00
0.000000000000000000e+00
1.602454029905185706e+00
7.168462937886291186e+00
0.000000000000000000e+00
0.000000000000000000e+00
0.000000000000000000e+00
0.000000000000000000e+00
2.748592309759776420e+00
6.246874870086397635e+00
0.000000000000000000e+00
0.000000000000000000e+00
2.379186695036568377e-03
0.000000000000000000e+00
0.000000000000000000e+00
8.809472327874705300e-02
0.000000000000000000e+00
2.305582455639733352e-01
4.121048402159400048e+00
0.000000000000000000e+00
8.381892646761114618e-02
4.506211347305703711e-03
0.000000000000000000e+00
1.970891105221969294e-02
0.000000000000000000e+00
0.000000000000000000e+00
2.864856315552834154e+00
6.249525357271858539e+00
3.627020803023275342e+00
0.000000000000000000e+00
0.000000000000000000e+00
7.902027525278471742e+00
2.859306713338753081e+00
6.206710863502207243e-01
1.234853036184881958e+00
8.814059488776528062e-02
1.259913896186165005e-01
9.632554183248417390e-01
0.000000000000000000e+00
0.000000000000000000e+00
4.100629534925960940e+00
0.000000000000000000e+00
5.419381835198688435e+00
1.469228240721137625e-03
0.000000000000000000e+00
5.072963515576623707e-03
0.000000000000000000e+00
4.618836645434066385e-02
6.799988167845761461e-03
0.000000000000000000e+00
0.000000000000000000e+00
2.249038721389472251e+00
2.461895632839872228e-02
0.000000000000000000e+00
0.000000000000000000e+00
0.000000000000000000e+00
0.000000000000000000e+00
0.000000000000000000e+00
0.000000000000000000e+00
0.000000000000000000e+00
4.618836645434066385e-02
1.119071102110488075e-02
0.000000000000000000e+00
5.422895015377511285e+00
0.000000000000000000e+00
1.837690005725599873e-01
4.692002869779425822e+00
0.000000000000000000e+00
0.000000000000000000e+00
0.000000000000000000e+00
1.628286167450020971e-01
5.425408338622716542e+00
1.900975311195653461e+01
1.469228240721137625e-03
3.030183338453649733e-01
6.853312381867270320e-01
0.000000000000000000e+00
5.043637621230420143e-01
0.000000000000000000e+00
1.177237886534327149e+00
0.000000000000000000e+00
0.000000000000000000e+00
1.601261844218681674e+01
0.000000000000000000e+00
0.000000000000000000e+00
2.011440254911708081e+00
0.000000000000000000e+00
2.362876394255690737e+00
1.419743922032524752e+00
0.000000000000000000e+00
3.413670275883597061e+00
1.781755455248513309e+00
4.009877173901511327e+00
0.000000000000000000e+00
5.775635423393289669e-02
0.000000000000000000e+00
0.000000000000000000e+00
0.000000000000000000e+00
4.652122128974020221e+00
0.000000000000000000e+00
0.000000000000000000e+00
0.000000000000000000e+00
0.000000000000000000e+00
0.000000000000000000e+00
0.000000000000000000e+00
0.000000000000000000e+00
8.381892646761114618e-02
7.980364258464889282e-01
0.000000000000000000e+00
3.055723130934614673e+00
0.000000000000000000e+00
2.857785346902476320e+00
0.000000000000000000e+00
0.000000000000000000e+00
2.525810525639707316e-01
4.039533584598584248e+00
6.158158464765989271e-02
0.000000000000000000e+00
0.000000000000000000e+00
0.000000000000000000e+00
6.477707957181212173e+00
4.762859657928863455e-01
1.362650193479366667e+00
0.000000000000000000e+00
0.000000000000000000e+00
0.000000000000000000e+00
0.000000000000000000e+00
1.032739712018300438e+01
3.826501934089784202e-02
0.000000000000000000e+00
0.000000000000000000e+00
0.000000000000000000e+00
6.174002171658055094e-01
0.000000000000000000e+00
9.632554183248417390e-01
1.628286167450020971e-01
3.994300093582954236e+00
0.000000000000000000e+00
4.350923775024276990e-02
0.000000000000000000e+00
1.601261844218681674e+01
4.672920001243756616e-01
1.211104496787032758e+01
0.000000000000000000e+00
0.000000000000000000e+00
9.632554183248417390e-01
0.000000000000000000e+00
0.000000000000000000e+00
0.000000000000000000e+00
0.000000000000000000e+00
5.536301904486909398e-03
3.409277252217773196e-03
2.902033791783228955e-01
0.000000000000000000e+00
8.804234579286068091e-03
2.748592309759776420e+00
2.418620118585927958e+00
0.000000000000000000e+00
0.000000000000000000e+00
0.000000000000000000e+00
4.032783134398395752e+00
0.000000000000000000e+00
3.391680615682399313e+00
1.801500904412961790e-01
0.000000000000000000e+00
0.000000000000000000e+00
0.000000000000000000e+00
0.000000000000000000e+00
0.000000000000000000e+00
0.000000000000000000e+00
3.627020803023275342e+00
0.000000000000000000e+00
8.037927188068900997e-04
0.000000000000000000e+00
2.379186695036568377e-03
0.000000000000000000e+00
7.785067080645303728e-01
7.168462937886291186e+00
8.814059488776528062e-02
7.168462937886291186e+00
8.675371547183297949e+00
0.000000000000000000e+00
0.000000000000000000e+00
0.000000000000000000e+00
0.000000000000000000e+00
4.713584793487966884e+00
0.000000000000000000e+00
0.000000000000000000e+00
0.000000000000000000e+00
0.000000000000000000e+00
3.401043604892660444e+00
0.000000000000000000e+00
0.000000000000000000e+00
0.000000000000000000e+00
2.381262491736442666e+00
1.177237886534327149e+00
0.000000000000000000e+00
0.000000000000000000e+00
2.461895632839872228e-02
0.000000000000000000e+00
2.748592309759776420e+00
0.000000000000000000e+00
0.000000000000000000e+00
0.000000000000000000e+00
0.000000000000000000e+00
1.179166339147478815e-01
1.645085634267557273e+00
0.000000000000000000e+00
2.190331406351088972e-01
9.632554183248417390e-01
0.000000000000000000e+00
0.000000000000000000e+00
0.000000000000000000e+00
1.482028052634912219e-01
2.984520640820583215e-01
0.000000000000000000e+00
3.473863361886535106e+00
0.000000000000000000e+00
0.000000000000000000e+00
0.000000000000000000e+00
9.485288998149563611e+00
0.000000000000000000e+00
0.000000000000000000e+00
0.000000000000000000e+00
0.000000000000000000e+00
0.000000000000000000e+00
0.000000000000000000e+00
0.000000000000000000e+00
0.000000000000000000e+00
2.453476306141817886e+00
0.000000000000000000e+00
6.708988401461003781e-02
0.000000000000000000e+00
1.032739712018300438e+01
1.177237886534327149e+00
0.000000000000000000e+00
1.769228240721137544e-03
3.471725237151355725e-01
0.000000000000000000e+00
0.000000000000000000e+00
0.000000000000000000e+00
0.000000000000000000e+00
1.501663765587844246e+01
5.828330111471223596e+00
6.206710863502207243e-01
5.775635423393289669e-02
0.000000000000000000e+00
0.000000000000000000e+00
0.000000000000000000e+00
0.000000000000000000e+00
0.000000000000000000e+00
0.000000000000000000e+00
0.000000000000000000e+00
6.477707957181212173e+00
2.902033791783228955e-01
5.828330111471223596e+00
0.000000000000000000e+00
0.000000000000000000e+00
0.000000000000000000e+00
3.275755320598851217e+00
0.000000000000000000e+00
0.000000000000000000e+00
2.902033791783228955e-01
0.000000000000000000e+00
0.000000000000000000e+00
1.684188338030709886e+00
1.601702193038803124e+00
8.037927188068900997e-04
0.000000000000000000e+00
0.000000000000000000e+00
6.198491260166136829e-01
1.507148997676776431e-02
1.801959620503143789e-01
0.000000000000000000e+00
3.579692057531165261e-01
0.000000000000000000e+00
0.000000000000000000e+00
5.220679427707056064e+00
3.999267030502769327e+00
0.000000000000000000e+00
0.000000000000000000e+00
2.898535079975735673e+00
0.000000000000000000e+00
0.000000000000000000e+00
0.000000000000000000e+00
4.121048402159400048e+00
1.695939906870540304e+00
6.174002171658055094e-01
0.000000000000000000e+00
0.000000000000000000e+00
0.000000000000000000e+00
0.000000000000000000e+00
0.000000000000000000e+00
2.381788475315006259e+00
3.627020803023275342e+00
0.000000000000000000e+00
0.000000000000000000e+00
1.507148997676776431e-02
0.000000000000000000e+00
0.000000000000000000e+00
0.000000000000000000e+00
0.000000000000000000e+00
0.000000000000000000e+00
0.000000000000000000e+00
1.919209449610377871e-01
0.000000000000000000e+00
0.000000000000000000e+00
4.121048402159400048e+00
0.000000000000000000e+00
0.000000000000000000e+00
4.672920001243756616e-01
0.000000000000000000e+00
0.000000000000000000e+00
0.000000000000000000e+00
1.628286167450020971e-01
1.021723712022279962e+00
1.271918471616471646e-01
0.000000000000000000e+00
0.000000000000000000e+00
4.668711375036228794e+00
0.000000000000000000e+00
0.000000000000000000e+00
0.000000000000000000e+00
0.000000000000000000e+00
0.000000000000000000e+00
0.000000000000000000e+00
2.533315086018333474e-03
0.000000000000000000e+00
0.000000000000000000e+00
1.628286167450020971e-01
0.000000000000000000e+00
0.000000000000000000e+00
3.391700903245955079e+00
2.127024652269136635e-03
9.632554183248417390e-01
1.177237886534327149e+00
0.000000000000000000e+00
0.000000000000000000e+00
0.000000000000000000e+00
2.190331406351088972e-01
5.419044941803051074e+00
0.000000000000000000e+00
2.190331406351088972e-01
8.675371547183297949e+00
0.000000000000000000e+00
0.000000000000000000e+00
0.000000000000000000e+00
0.000000000000000000e+00
3.996949551903650644e+00
0.000000000000000000e+00
1.507148997676776431e-02
8.037927188068900997e-04
4.121048402159400048e+00
0.000000000000000000e+00
4.121048402159400048e+00
9.432752421168395518e-01
0.000000000000000000e+00
0.000000000000000000e+00
0.000000000000000000e+00
0.000000000000000000e+00
0.000000000000000000e+00
0.000000000000000000e+00
0.000000000000000000e+00
0.000000000000000000e+00
3.471328071463322118e+00
9.124325563355135671e-01
1.419743922032524752e+00
1.423941579867593843e+00
0.000000000000000000e+00
4.007223601081831177e+00
1.032739712018300438e+01
0.000000000000000000e+00
1.541283909817650426e-04
0.000000000000000000e+00
0.000000000000000000e+00
1.109823159617630978e-02
5.775635423393289669e-02
6.254979262908570981e+00
5.775635423393289669e-02
6.083426211698661490e-01
8.801702165619738061e-01
0.000000000000000000e+00
0.000000000000000000e+00
1.541283909817650426e-04
2.206905264773214442e-02
2.748592309759776420e+00
2.399608148941008601e+00
6.477707957181212173e+00
1.701101377235911016e+01
0.000000000000000000e+00
0.000000000000000000e+00
0.000000000000000000e+00
0.000000000000000000e+00
0.000000000000000000e+00
0.000000000000000000e+00
3.627020803023275342e+00
0.000000000000000000e+00
2.205746670477094273e+00
0.000000000000000000e+00
1.462290983766627861e-01
0.000000000000000000e+00
7.785067080645303728e-01
3.169897212513848483e+00
0.000000000000000000e+00
1.801500904412961790e-01
0.000000000000000000e+00
0.000000000000000000e+00
0.000000000000000000e+00
2.211196036176817703e+00
0.000000000000000000e+00
0.000000000000000000e+00
4.652122128974020221e+00
0.000000000000000000e+00
2.362876394255690737e+00
6.596134665874869851e-01
0.000000000000000000e+00
0.000000000000000000e+00
0.000000000000000000e+00
0.000000000000000000e+00
5.775635423393289669e-02
5.828330111471223596e+00
6.206710863502207243e-01
2.379186695036568377e-03
0.000000000000000000e+00
1.636022086642614504e+00
2.902033791783228955e-01
1.021723712022279962e+00
1.986826777051448945e+00
8.804234579286068091e-03
3.391700903245955079e+00
1.695939906870540304e+00
1.353828060767294471e-02
0.000000000000000000e+00
0.000000000000000000e+00
2.381394308416334926e+00
0.000000000000000000e+00
1.967237446393523825e+00
6.853312381867270320e-01
1.977124134487272311e+00
0.000000000000000000e+00
0.000000000000000000e+00
5.043637621230420143e-01
0.000000000000000000e+00
2.435762969397781585e+00
0.000000000000000000e+00
4.692002869779425822e+00
0.000000000000000000e+00
0.000000000000000000e+00
6.178537736646677603e-02
0.000000000000000000e+00
0.000000000000000000e+00
0.000000000000000000e+00
0.000000000000000000e+00
0.000000000000000000e+00
1.095112377960043126e+00
2.458078565372138424e+00
0.000000000000000000e+00
0.000000000000000000e+00
3.826501934089784202e-02
5.828330111471223596e+00
1.402795729941407288e+01
8.814059488776528062e-02
2.100926661211727975e+01
4.884748950088053099e-01
9.485288998149563611e+00
0.000000000000000000e+00
0.000000000000000000e+00
1.307600381983972659e-01
0.000000000000000000e+00
0.000000000000000000e+00
0.000000000000000000e+00
4.665901604414590231e+00
0.000000000000000000e+00
0.000000000000000000e+00
0.000000000000000000e+00
1.032739712018300438e+01
0.000000000000000000e+00
0.000000000000000000e+00
6.206710863502207243e-01
0.000000000000000000e+00
0.000000000000000000e+00
0.000000000000000000e+00
0.000000000000000000e+00
0.000000000000000000e+00
5.421084482400635451e+00
6.246440964133235241e+00
1.507148997676776431e-02
1.801030580193113551e+01
0.000000000000000000e+00
1.037717548767156106e-01
0.000000000000000000e+00
7.165336399271255097e+00
0.000000000000000000e+00
7.165336399271255097e+00
7.168462937886291186e+00
0.000000000000000000e+00
1.628286167450020971e-01
1.317379447787457192e+00
4.652122128974020221e+00
3.994300093582954236e+00
0.000000000000000000e+00
3.998680772341707268e+00
5.419381835198688435e+00
1.743603028757552575e+00
0.000000000000000000e+00
1.701101377235911016e+01
1.234853036184881958e+00
0.000000000000000000e+00
3.826501934089784202e-02
0.000000000000000000e+00
1.801030580193113551e+01
6.477707957181212173e+00
0.000000000000000000e+00
1.695939906870540304e+00
5.419381835198688435e+00
0.000000000000000000e+00
0.000000000000000000e+00
0.000000000000000000e+00
5.876756234383513806e-03
9.632554183248417390e-01
1.583857073376764707e-02
3.391700903245955079e+00
0.000000000000000000e+00
0.000000000000000000e+00
0.000000000000000000e+00
6.206710863502207243e-01
0.000000000000000000e+00
2.461895632839872228e-02
2.869394592169955516e+00
0.000000000000000000e+00
0.000000000000000000e+00
8.899329159302381276e-02
1.801030580193113551e+01
0.000000000000000000e+00
2.748592309759776420e+00
0.000000000000000000e+00
0.000000000000000000e+00
0.000000000000000000e+00
1.119071102110488075e-02
3.627020803023275342e+00
1.507148997676776431e-02
3.169897212513848483e+00
0.000000000000000000e+00
0.000000000000000000e+00
0.000000000000000000e+00
0.000000000000000000e+00
7.785067080645303728e-01
4.671094769344317221e+00
1.601261844218681674e+01
6.242328642648297787e+00
2.011440254911708081e+00
0.000000000000000000e+00
0.000000000000000000e+00
0.000000000000000000e+00
0.000000000000000000e+00
0.000000000000000000e+00
0.000000000000000000e+00
4.075959360084630667e+00
0.000000000000000000e+00
2.097404397908963006e-02
0.000000000000000000e+00
0.000000000000000000e+00
4.121048402159400048e+00
0.000000000000000000e+00
1.177237886534327149e+00
6.477707957181212173e+00
0.000000000000000000e+00
0.000000000000000000e+00
0.000000000000000000e+00
5.220679427707056064e+00
4.121048402159400048e+00
0.000000000000000000e+00
2.379186695036568377e-03
0.000000000000000000e+00
0.000000000000000000e+00
0.000000000000000000e+00
0.000000000000000000e+00
0.000000000000000000e+00
0.000000000000000000e+00
1.419743922032524752e+00
0.000000000000000000e+00
0.000000000000000000e+00
0.000000000000000000e+00
3.995826858135588466e+00
1.259913896186165005e-01
3.991990322961314064e+00
6.233668432241737278e+00
0.000000000000000000e+00
1.114262798036606217e+00
1.964940126270398491e+00
0.000000000000000000e+00
4.012351020483888142e+00
7.168462937886291186e+00
1.709392053385422994e+00
1.507148997676776431e-02
8.675371547183297949e+00
2.052900370929733764e+00
0.000000000000000000e+00
1.627424190104863388e+00
0.000000000000000000e+00
0.000000000000000000e+00
0.000000000000000000e+00
0.000000000000000000e+00
5.828330111471223596e+00
0.000000000000000000e+00
0.000000000000000000e+00
4.884748950088053099e-01
4.682657361894028369e+00
0.000000000000000000e+00
3.826501934089784202e-02
7.780724778660279561e-01
6.206710863502207243e-01
7.980364258464889282e-01
0.000000000000000000e+00
0.000000000000000000e+00
0.000000000000000000e+00
0.000000000000000000e+00
6.249525357271858539e+00
1.695939906870540304e+00
3.477397859609795194e+00
7.168462937886291186e+00
0.000000000000000000e+00
1.628286167450020971e-01
0.000000000000000000e+00
0.000000000000000000e+00
5.364271462279578129e-02
0.000000000000000000e+00
0.000000000000000000e+00
0.000000000000000000e+00
0.000000000000000000e+00
0.000000000000000000e+00
0.000000000000000000e+00
5.201056803373730331e-01
7.928709031050897027e-03
2.984520640820583215e-01
5.828330111471223596e+00
0.000000000000000000e+00
0.000000000000000000e+00
1.317379447787457192e+00
4.440756756997858018e-02
7.749998267228248860e-02
0.000000000000000000e+00
0.000000000000000000e+00
0.000000000000000000e+00
8.675371547183297949e+00
0.000000000000000000e+00
6.243450499427656730e+00
8.381892646761114618e-02
5.420509917946128908e+00
0.000000000000000000e+00
0.000000000000000000e+00
0.000000000000000000e+00
8.061758887825252184e-01
0.000000000000000000e+00
0.000000000000000000e+00
3.391563726300610870e+00
1.169228240721137705e-03
1.966785881827902926e+00
7.165336399271255097e+00
2.525810525639707316e-01
2.748592309759776420e+00
0.000000000000000000e+00
0.000000000000000000e+00
0.000000000000000000e+00
2.854484809022698411e+00
0.000000000000000000e+00
2.527848452827776149e-01
0.000000000000000000e+00
4.121048402159400048e+00
2.646175314634647169e+00
1.980060009864376580e+00
2.386098614437173637e+00
4.668711375036228794e+00
1.181411716891498154e+00
0.000000000000000000e+00
3.794941043590164820e-01
0.000000000000000000e+00
0.000000000000000000e+00
5.828330111471223596e+00
8.675371547183297949e+00
0.000000000000000000e+00
2.461895632839872228e-02
0.000000000000000000e+00
1.289616600115934153e+00
0.000000000000000000e+00
0.000000000000000000e+00
0.000000000000000000e+00
0.000000000000000000e+00
6.250208028364151680e+00
4.173375468597033233e+00
0.000000000000000000e+00
0.000000000000000000e+00
4.690229378360202296e-03
8.804234579286068091e-03
4.072084726291560486e+00
8.804234579286068091e-03
4.004094737487147171e+00
4.579591996698019862e+00
3.826501934089784202e-02
0.000000000000000000e+00
0.000000000000000000e+00
0.000000000000000000e+00
0.000000000000000000e+00
7.902027525278471742e+00
2.748592309759776420e+00
0.000000000000000000e+00
1.628286167450020971e-01
0.000000000000000000e+00
6.154412978313329452e-01
3.794941043590164820e-01
1.047071655591117922e+00
8.804234579286068091e-03
2.362876394255690737e+00
0.000000000000000000e+00
3.627020803023275342e+00
1.177237886534327149e+00
0.000000000000000000e+00
7.463824807059715738e-02
0.000000000000000000e+00
0.000000000000000000e+00
0.000000000000000000e+00
0.000000000000000000e+00
0.000000000000000000e+00
0.000000000000000000e+00
5.419381835198688435e+00
1.997779283855237065e+00
1.419743922032524752e+00
0.000000000000000000e+00
1.120138725083355169e+01
6.206710863502207243e-01
2.898535079975735673e+00
4.652122128974020221e+00
0.000000000000000000e+00
1.177237886534327149e+00
0.000000000000000000e+00
3.030335646304610275e+00
5.220679427707056064e+00
0.000000000000000000e+00
0.000000000000000000e+00
2.011440254911708081e+00
5.220679427707056064e+00
0.000000000000000000e+00
0.000000000000000000e+00
0.000000000000000000e+00
0.000000000000000000e+00
4.669989707061799500e+00
1.136785838467705562e-02
0.000000000000000000e+00
1.507148997676776431e-02
3.826501934089784202e-02
0.000000000000000000e+00
0.000000000000000000e+00
1.402795729941407288e+01
0.000000000000000000e+00
0.000000000000000000e+00
2.190331406351088972e-01
2.382408656710928607e+00
0.000000000000000000e+00
4.032783134398395752e+00
0.000000000000000000e+00
1.980060009864376580e+00
0.000000000000000000e+00
1.601261844218681674e+01
0.000000000000000000e+00
0.000000000000000000e+00
3.169897212513848483e+00
8.061758887825252184e-01
3.409277252217773196e-03
0.000000000000000000e+00
-3.388930666219269489e-03
1.136785838467705562e-02
9.632554183248417390e-01
0.000000000000000000e+00
0.000000000000000000e+00
3.401949340970814806e+00
0.000000000000000000e+00
8.675371547183297949e+00
6.206710863502207243e-01
0.000000000000000000e+00
1.613319319491696824e+00
0.000000000000000000e+00
4.671208926894345304e+00
0.000000000000000000e+00
4.652122128974020221e+00
7.785067080645303728e-01
0.000000000000000000e+00
0.000000000000000000e+00
4.693351243721494370e+00
0.000000000000000000e+00
7.168462937886291186e+00
8.381892646761114618e-02
7.165336399271255097e+00
8.381892646761114618e-02
2.873995168572534453e+00
0.000000000000000000e+00
0.000000000000000000e+00
1.032739712018300438e+01
3.399195194207892179e+00
0.000000000000000000e+00
7.165336399271255097e+00
1.177237886534327149e+00
0.000000000000000000e+00
1.803997547691213732e-01
0.000000000000000000e+00
2.748592309759776420e+00
3.413714661617689661e+00
1.970891105221969294e-02
0.000000000000000000e+00
1.695784664282655174e-01
0.000000000000000000e+00
4.884748950088053099e-01
0.000000000000000000e+00
4.681112472540072122e-01
0.000000000000000000e+00
0.000000000000000000e+00
1.695939906870540304e+00
1.179166339147478815e-01
7.168462937886291186e+00
2.533315086018333474e-03
2.232618115009025669e-02
1.025263914534293219e+00
2.902033791783228955e-01
0.000000000000000000e+00
1.179166339147478815e-01
3.794941043590164820e-01
0.000000000000000000e+00
0.000000000000000000e+00
0.000000000000000000e+00
0.000000000000000000e+00
5.428903314591091878e+00
0.000000000000000000e+00
0.000000000000000000e+00
0.000000000000000000e+00
7.785067080645303728e-01
0.000000000000000000e+00
0.000000000000000000e+00
1.587066269932017604e-01
0.000000000000000000e+00
1.115988589939996389e+00
0.000000000000000000e+00
4.121048402159400048e+00
8.675173883820760934e-02
1.169228240721137705e-03
0.000000000000000000e+00
4.350923775024276990e-02
3.627020803023275342e+00
2.902033791783228955e-01
6.246874870086397635e+00
2.902033791783228955e-01
0.000000000000000000e+00
1.628286167450020971e-01
1.169228240721137705e-03
0.000000000000000000e+00
1.305612450403600633e+01
2.190331406351088972e-01
0.000000000000000000e+00
6.246874870086397635e+00
5.220679427707056064e+00
2.902033791783228955e-01
4.652122128974020221e+00
3.477717000718059115e-01
8.675371547183297949e+00
0.000000000000000000e+00
5.418992252001567422e+00
0.000000000000000000e+00
0.000000000000000000e+00
0.000000000000000000e+00
4.121048402159400048e+00
1.305612450403600633e+01
1.211104496787032758e+01
2.362876394255690737e+00
1.020945820564592044e+00
1.179166339147478815e-01
0.000000000000000000e+00
1.287796526076723902e+00
1.419743922032524752e+00
1.507148997676776431e-02
0.000000000000000000e+00
1.507148997676776431e-02
3.627020803023275342e+00
0.000000000000000000e+00
3.169897212513848483e+00
0.000000000000000000e+00
9.485288998149563611e+00
0.000000000000000000e+00
0.000000000000000000e+00
0.000000000000000000e+00
0.000000000000000000e+00
0.000000000000000000e+00
0.000000000000000000e+00
6.206710863502207243e-01
0.000000000000000000e+00
0.000000000000000000e+00
0.000000000000000000e+00
0.000000000000000000e+00
6.480877581967634526e-01
0.000000000000000000e+00
1.211104496787032758e+01
0.000000000000000000e+00
2.735763430914109340e-02
0.000000000000000000e+00
0.000000000000000000e+00
0.000000000000000000e+00
8.675371547183297949e+00
1.389340486223155979e+00
0.000000000000000000e+00
0.000000000000000000e+00
0.000000000000000000e+00
5.429016773875791735e+00
0.000000000000000000e+00
7.168462937886291186e+00
3.826501934089784202e-02
0.000000000000000000e+00
1.770800046105907577e-01
0.000000000000000000e+00
0.000000000000000000e+00
0.000000000000000000e+00
0.000000000000000000e+00
4.006068293723755502e+00
0.000000000000000000e+00
0.000000000000000000e+00
0.000000000000000000e+00
0.000000000000000000e+00
1.601261844218681674e+01
