0.000000000000000000e+00 0.000000000000000000e+00
0.000000000000000000e+00 0.000000000000000000e+00
4.900000000000000000e+01 0.000000000000000000e+00
0.000000000000000000e+00 1.100000000000000000e+01
0.000000000000000000e+00 0.000000000000000000e+00
0.000000000000000000e+00 1.700000000000000000e+01
4.594862795149968093e+01 5.950000000000000178e+00
3.599388379204892630e+01 3.200000000000000178e+00
0.000000000000000000e+00 3.300000000000000000e+01
0.000000000000000000e+00 2.500000000000000000e+01
0.000000000000000000e+00 0.000000000000000000e+00
0.000000000000000000e+00 1.700000000000000000e+01
0.000000000000000000e+00 0.000000000000000000e+00
4.597729798380695598e+01 5.041666666666666963e+00
0.000000000000000000e+00 6.000000000000000000e+00
3.236575875486381193e+01 1.364297253634894957e+01
4.008474576271186152e+01 1.320652173913043548e+01
0.000000000000000000e+00 0.000000000000000000e+00
0.000000000000000000e+00 3.500000000000000000e+01
0.000000000000000000e+00 0.000000000000000000e+00
0.000000000000000000e+00 0.000000000000000000e+00
0.000000000000000000e+00 0.000000000000000000e+00
0.000000000000000000e+00 0.000000000000000000e+00
0.000000000000000000e+00 3.400000000000000000e+01
0.000000000000000000e+00 0.000000000000000000e+00
0.000000000000000000e+00 2.100000000000000000e+01
0.000000000000000000e+00 0.000000000000000000e+00
0.000000000000000000e+00 2.100000000000000000e+01
0.000000000000000000e+00 1.100000000000000000e+01
0.000000000000000000e+00 2.900000000000000000e+01
2.166666666666666785e+01 7.843137254901960453e+00
0.000000000000000000e+00 1.500000000000000000e+01
0.000000000000000000e+00 9.000000000000000000e+00
0.000000000000000000e+00 0.000000000000000000e+00
0.000000000000000000e+00 0.000000000000000000e+00
3.187301587301587347e+01 5.526315789473684070e+00
0.000000000000000000e+00 0.000000000000000000e+00
3.198233995584989131e+01 3.200000000000000178e+00
0.000000000000000000e+00 2.900000000000000000e+01
0.000000000000000000e+00 0.000000000000000000e+00
0.000000000000000000e+00 0.000000000000000000e+00
0.000000000000000000e+00 0.000000000000000000e+00
2.897515527950310599e+01 1.028571428571428648e+01
0.000000000000000000e+00 0.000000000000000000e+00
0.000000000000000000e+00 0.000000000000000000e+00
0.000000000000000000e+00 0.000000000000000000e+00
0.000000000000000000e+00 0.000000000000000000e+00
0.000000000000000000e+00 0.000000000000000000e+00
0.000000000000000000e+00 1.800000000000000000e+01
0.000000000000000000e+00 4.000000000000000000e+00
2.888079470198675480e+01 5.454545454545454142e+00
0.000000000000000000e+00 3.100000000000000000e+01
0.000000000000000000e+00 4.300000000000000000e+01
0.000000000000000000e+00 0.000000000000000000e+00
0.000000000000000000e+00 0.000000000000000000e+00
0.000000000000000000e+00 0.000000000000000000e+00
4.090589673082798328e+01 7.577777777777777501e+00
3.578980891719745472e+01 1.344537815126050440e+01
0.000000000000000000e+00 0.000000000000000000e+00
0.000000000000000000e+00 0.000000000000000000e+00
0.000000000000000000e+00 0.000000000000000000e+00
0.000000000000000000e+00 0.000000000000000000e+00
0.000000000000000000e+00 3.000000000000000000e+00
0.000000000000000000e+00 0.000000000000000000e+00
0.000000000000000000e+00 4.400000000000000000e+01
0.000000000000000000e+00 0.000000000000000000e+00
0.000000000000000000e+00 0.000000000000000000e+00
0.000000000000000000e+00 3.800000000000000000e+01
0.000000000000000000e+00 7.000000000000000000e+00
0.000000000000000000e+00 0.000000000000000000e+00
0.000000000000000000e+00 0.000000000000000000e+00
4.569816272965879023e+01 9.545454545454544970e+00
0.000000000000000000e+00 1.600000000000000000e+01
0.000000000000000000e+00 3.500000000000000000e+01
0.000000000000000000e+00 0.000000000000000000e+00
3.776470588235294201e+01 9.202453987730061513e+00
4.599857527307266025e+01 2.000000000000000000e+00
0.000000000000000000e+00 0.000000000000000000e+00
4.099547101449275033e+01 3.500000000000000000e+00
0.000000000000000000e+00 3.400000000000000000e+01
0.000000000000000000e+00 0.000000000000000000e+00
0.000000000000000000e+00 0.000000000000000000e+00
0.000000000000000000e+00 0.000000000000000000e+00
0.000000000000000000e+00 0.000000000000000000e+00
0.000000000000000000e+00 2.600000000000000000e+01
4.900000000000000000e+01 0.000000000000000000e+00
0.000000000000000000e+00 0.000000000000000000e+00
0.000000000000000000e+00 0.000000000000000000e+00
2.100000000000000000e+01 0.000000000000000000e+00
0.000000000000000000e+00 0.000000000000000000e+00
0.000000000000000000e+00 0.000000000000000000e+00
3.100000000000000000e+01 2.000000000000000000e+00
0.000000000000000000e+00 0.000000000000000000e+00
3.255185185185185048e+01 9.648044692737430594e+00
0.000000000000000000e+00 2.900000000000000000e+01
0.000000000000000000e+00 0.000000000000000000e+00
0.000000000000000000e+00 1.100000000000000000e+01
2.100000000000000000e+01 4.000000000000000000e+00
0.000000000000000000e+00 0.000000000000000000e+00
2.183333333333333215e+01 6.791044776119402826e+00
0.000000000000000000e+00 0.000000000000000000e+00
0.000000000000000000e+00 0.000000000000000000e+00
4.392949756888168622e+01 6.882352941176471006e+00
4.898991172761664359e+01 3.666666666666666519e+00
0.000000000000000000e+00 2.800000000000000000e+01
0.000000000000000000e+00 0.000000000000000000e+00
0.000000000000000000e+00 0.000000000000000000e+00
0.000000000000000000e+00 3.500000000000000000e+01
4.398184019370459907e+01 5.400000000000000355e+00
0.000000000000000000e+00 1.800000000000000000e+01
3.758689767190038111e+01 1.448247978436657668e+01
3.100000000000000000e+01 1.000000000000000000e+00
3.051890034364261339e+01 9.090909090909091717e+00
0.000000000000000000e+00 2.000000000000000000e+01
0.000000000000000000e+00 0.000000000000000000e+00
0.000000000000000000e+00 0.000000000000000000e+00
4.435724220147029939e+01 1.530401034928848603e+01
0.000000000000000000e+00 0.000000000000000000e+00
4.800000000000000000e+01 0.000000000000000000e+00
1.900000000000000000e+01 1.000000000000000000e+00
0.000000000000000000e+00 0.000000000000000000e+00
2.300000000000000000e+01 1.000000000000000000e+00
0.000000000000000000e+00 0.000000000000000000e+00
2.893589743589743435e+01 4.523809523809523725e+00
2.300000000000000000e+01 4.000000000000000000e+00
0.000000000000000000e+00 0.000000000000000000e+00
0.000000000000000000e+00 0.000000000000000000e+00
3.978703021370670712e+01 1.639738805970149116e+01
0.000000000000000000e+00 8.000000000000000000e+00
0.000000000000000000e+00 0.000000000000000000e+00
0.000000000000000000e+00 0.000000000000000000e+00
0.000000000000000000e+00 0.000000000000000000e+00
0.000000000000000000e+00 0.000000000000000000e+00
0.000000000000000000e+00 0.000000000000000000e+00
0.000000000000000000e+00 0.000000000000000000e+00
0.000000000000000000e+00 0.000000000000000000e+00
2.893589743589743435e+01 4.523809523809523725e+00
2.500000000000000000e+01 2.000000000000000000e+00
0.000000000000000000e+00 0.000000000000000000e+00
4.796088522902727647e+01 6.333333333333333037e+00
0.000000000000000000e+00 0.000000000000000000e+00
3.296129032258064484e+01 5.000000000000000000e+00
4.691329150028522577e+01 6.591836734693877986e+00
0.000000000000000000e+00 0.000000000000000000e+00
0.000000000000000000e+00 0.000000000000000000e+00
0.000000000000000000e+00 0.000000000000000000e+00
0.000000000000000000e+00 1.300000000000000000e+01
4.791539546212024447e+01 5.652173913043478493e+00
0.000000000000000000e+00 4.700000000000000000e+01
1.900000000000000000e+01 1.000000000000000000e+00
3.366797900262466925e+01 9.529069767441860961e+00
3.659293804130579275e+01 1.043277310924369772e+01
0.000000000000000000e+00 0.000000000000000000e+00
3.576201923076923350e+01 9.033112582781457789e+00
0.000000000000000000e+00 0.000000000000000000e+00
0.000000000000000000e+00 2.100000000000000000e+01
0.000000000000000000e+00 0.000000000000000000e+00
0.000000000000000000e+00 0.000000000000000000e+00
0.000000000000000000e+00 4.400000000000000000e+01
0.000000000000000000e+00 0.000000000000000000e+00
0.000000000000000000e+00 0.000000000000000000e+00
0.000000000000000000e+00 2.400000000000000000e+01
0.000000000000000000e+00 0.000000000000000000e+00
0.000000000000000000e+00 2.500000000000000000e+01
0.000000000000000000e+00 2.200000000000000000e+01
0.000000000000000000e+00 0.000000000000000000e+00
4.477643835616438395e+01 9.153846153846153300e+00
3.974633431085044322e+01 1.399267935578330935e+01
4.591605372561560472e+01 6.393442622950820109e+00
0.000000000000000000e+00 0.000000000000000000e+00
0.000000000000000000e+00 1.000000000000000000e+01
0.000000000000000000e+00 0.000000000000000000e+00
0.000000000000000000e+00 0.000000000000000000e+00
0.000000000000000000e+00 0.000000000000000000e+00
0.000000000000000000e+00 3.000000000000000000e+01
0.000000000000000000e+00 0.000000000000000000e+00
0.000000000000000000e+00 0.000000000000000000e+00
0.000000000000000000e+00 0.000000000000000000e+00
0.000000000000000000e+00 0.000000000000000000e+00
0.000000000000000000e+00 0.000000000000000000e+00
0.000000000000000000e+00 0.000000000000000000e+00
0.000000000000000000e+00 0.000000000000000000e+00
0.000000000000000000e+00 1.100000000000000000e+01
3.800000000000000000e+01 1.000000000000000000e+00
0.000000000000000000e+00 0.000000000000000000e+00
4.190538336052202339e+01 1.627281845536609950e+01
0.000000000000000000e+00 0.000000000000000000e+00
4.398548972188633854e+01 5.000000000000000000e+00
0.000000000000000000e+00 0.000000000000000000e+00
0.000000000000000000e+00 0.000000000000000000e+00
3.400000000000000000e+01 0.000000000000000000e+00
4.546278208150892652e+01 1.107534246575342429e+01
3.000000000000000000e+01 1.000000000000000000e+00
0.000000000000000000e+00 0.000000000000000000e+00
0.000000000000000000e+00 0.000000000000000000e+00
0.000000000000000000e+00 0.000000000000000000e+00
0.000000000000000000e+00 3.300000000000000000e+01
3.593157076205287837e+01 6.666666666666666963e+00
3.957337883959044689e+01 1.142857142857142883e+01
0.000000000000000000e+00 0.000000000000000000e+00
0.000000000000000000e+00 0.000000000000000000e+00
0.000000000000000000e+00 0.000000000000000000e+00
0.000000000000000000e+00 0.000000000000000000e+00
0.000000000000000000e+00 3.800000000000000000e+01
0.000000000000000000e+00 9.000000000000000000e+00
0.000000000000000000e+00 0.000000000000000000e+00
0.000000000000000000e+00 0.000000000000000000e+00
0.000000000000000000e+00 0.000000000000000000e+00
3.698169615619280393e+01 4.799999999999999822e+00
0.000000000000000000e+00 0.000000000000000000e+00
0.000000000000000000e+00 2.000000000000000000e+01
0.000000000000000000e+00 1.300000000000000000e+01
4.600000000000000000e+01 0.000000000000000000e+00
0.000000000000000000e+00 0.000000000000000000e+00
2.900000000000000000e+01 2.000000000000000000e+00
0.000000000000000000e+00 0.000000000000000000e+00
0.000000000000000000e+00 4.400000000000000000e+01
3.600000000000000000e+01 3.000000000000000000e+00
0.000000000000000000e+00 4.000000000000000000e+01
0.000000000000000000e+00 0.000000000000000000e+00
0.000000000000000000e+00 0.000000000000000000e+00
0.000000000000000000e+00 2.000000000000000000e+01
0.000000000000000000e+00 0.000000000000000000e+00
0.000000000000000000e+00 0.000000000000000000e+00
0.000000000000000000e+00 0.000000000000000000e+00
0.000000000000000000e+00 0.000000000000000000e+00
2.200000000000000000e+01 4.000000000000000000e+00
2.200000000000000000e+01 0.000000000000000000e+00
0.000000000000000000e+00 1.500000000000000000e+01
0.000000000000000000e+00 0.000000000000000000e+00
0.000000000000000000e+00 6.000000000000000000e+00
0.000000000000000000e+00 2.600000000000000000e+01
4.279215594175669679e+01 9.503105590062112640e+00
0.000000000000000000e+00 0.000000000000000000e+00
0.000000000000000000e+00 0.000000000000000000e+00
0.000000000000000000e+00 1.000000000000000000e+00
4.558146487294469296e+01 1.041176470588235325e+01
0.000000000000000000e+00 0.000000000000000000e+00
4.499642857142857366e+01 3.333333333333333481e+00
3.300000000000000000e+01 2.000000000000000000e+00
0.000000000000000000e+00 0.000000000000000000e+00
0.000000000000000000e+00 0.000000000000000000e+00
0.000000000000000000e+00 0.000000000000000000e+00
0.000000000000000000e+00 0.000000000000000000e+00
0.000000000000000000e+00 0.000000000000000000e+00
0.000000000000000000e+00 0.000000000000000000e+00
0.000000000000000000e+00 2.800000000000000000e+01
0.000000000000000000e+00 0.000000000000000000e+00
0.000000000000000000e+00 3.000000000000000000e+00
0.000000000000000000e+00 0.000000000000000000e+00
2.100000000000000000e+01 0.000000000000000000e+00
0.000000000000000000e+00 0.000000000000000000e+00
0.000000000000000000e+00 1.900000000000000000e+01
0.000000000000000000e+00 3.400000000000000000e+01
3.100000000000000000e+01 1.000000000000000000e+00
0.000000000000000000e+00 3.400000000000000000e+01
0.000000000000000000e+00 3.600000000000000000e+01
0.000000000000000000e+00 0.000000000000000000e+00
0.000000000000000000e+00 0.000000000000000000e+00
0.000000000000000000e+00 0.000000000000000000e+00
0.000000000000000000e+00 0.000000000000000000e+00
4.671869539895165957e+01 8.794117647058824261e+00
0.000000000000000000e+00 0.000000000000000000e+00
0.000000000000000000e+00 0.000000000000000000e+00
0.000000000000000000e+00 0.000000000000000000e+00
0.000000000000000000e+00 0.000000000000000000e+00
4.494821075346160910e+01 5.872340425531914931e+00
0.000000000000000000e+00 0.000000000000000000e+00
0.000000000000000000e+00 0.000000000000000000e+00
0.000000000000000000e+00 0.000000000000000000e+00
4.300000000000000000e+01 0.000000000000000000e+00
0.000000000000000000e+00 2.100000000000000000e+01
0.000000000000000000e+00 0.000000000000000000e+00
0.000000000000000000e+00 0.000000000000000000e+00
0.000000000000000000e+00 8.000000000000000000e+00
0.000000000000000000e+00 0.000000000000000000e+00
0.000000000000000000e+00 2.600000000000000000e+01
0.000000000000000000e+00 0.000000000000000000e+00
0.000000000000000000e+00 0.000000000000000000e+00
0.000000000000000000e+00 0.000000000000000000e+00
0.000000000000000000e+00 0.000000000000000000e+00
0.000000000000000000e+00 1.200000000000000000e+01
4.073684210526315752e+01 9.902439024390243816e+00
0.000000000000000000e+00 0.000000000000000000e+00
0.000000000000000000e+00 1.400000000000000000e+01
0.000000000000000000e+00 2.000000000000000000e+01
0.000000000000000000e+00 0.000000000000000000e+00
0.000000000000000000e+00 0.000000000000000000e+00
0.000000000000000000e+00 0.000000000000000000e+00
2.871428571428571530e+01 1.144272445820433504e+01
2.145454545454545325e+01 1.486956521739130466e+01
0.000000000000000000e+00 0.000000000000000000e+00
4.430921052631578760e+01 1.203015075376884369e+01
0.000000000000000000e+00 0.000000000000000000e+00
0.000000000000000000e+00 0.000000000000000000e+00
0.000000000000000000e+00 0.000000000000000000e+00
0.000000000000000000e+00 3.700000000000000000e+01
0.000000000000000000e+00 0.000000000000000000e+00
0.000000000000000000e+00 0.000000000000000000e+00
0.000000000000000000e+00 0.000000000000000000e+00
0.000000000000000000e+00 0.000000000000000000e+00
0.000000000000000000e+00 0.000000000000000000e+00
0.000000000000000000e+00 0.000000000000000000e+00
0.000000000000000000e+00 0.000000000000000000e+00
0.000000000000000000e+00 0.000000000000000000e+00
5.000000000000000000e+01 2.300000000000000000e+01
0.000000000000000000e+00 0.000000000000000000e+00
2.992653061224489619e+01 5.454545454545454142e+00
0.000000000000000000e+00 0.000000000000000000e+00
0.000000000000000000e+00 3.800000000000000000e+01
0.000000000000000000e+00 2.100000000000000000e+01
0.000000000000000000e+00 0.000000000000000000e+00
2.000000000000000000e+01 1.000000000000000000e+00
3.500000000000000000e+01 1.000000000000000000e+00
0.000000000000000000e+00 0.000000000000000000e+00
0.000000000000000000e+00 0.000000000000000000e+00
0.000000000000000000e+00 0.000000000000000000e+00
0.000000000000000000e+00 0.000000000000000000e+00
0.000000000000000000e+00 4.300000000000000000e+01
0.000000000000000000e+00 3.200000000000000000e+01
0.000000000000000000e+00 1.800000000000000000e+01
0.000000000000000000e+00 1.000000000000000000e+01
0.000000000000000000e+00 0.000000000000000000e+00
0.000000000000000000e+00 0.000000000000000000e+00
0.000000000000000000e+00 0.000000000000000000e+00
0.000000000000000000e+00 0.000000000000000000e+00
0.000000000000000000e+00 0.000000000000000000e+00
0.000000000000000000e+00 0.000000000000000000e+00
0.000000000000000000e+00 0.000000000000000000e+00
0.000000000000000000e+00 3.300000000000000000e+01
0.000000000000000000e+00 1.500000000000000000e+01
0.000000000000000000e+00 3.200000000000000000e+01
0.000000000000000000e+00 0.000000000000000000e+00
0.000000000000000000e+00 0.000000000000000000e+00
0.000000000000000000e+00 0.000000000000000000e+00
3.976816196903533296e+01 1.985944700460829537e+01
0.000000000000000000e+00 0.000000000000000000e+00
0.000000000000000000e+00 0.000000000000000000e+00
0.000000000000000000e+00 1.500000000000000000e+01
0.000000000000000000e+00 0.000000000000000000e+00
0.000000000000000000e+00 0.000000000000000000e+00
4.053585397653193922e+01 1.164525993883792054e+01
4.099879263507395422e+01 3.428571428571428381e+00
0.000000000000000000e+00 3.000000000000000000e+00
0.000000000000000000e+00 0.000000000000000000e+00
0.000000000000000000e+00 0.000000000000000000e+00
3.696149144254278696e+01 5.342105263157894690e+00
0.000000000000000000e+00 7.000000000000000000e+00
3.300000000000000000e+01 0.000000000000000000e+00
0.000000000000000000e+00 0.000000000000000000e+00
3.491570881226053302e+01 6.666666666666666963e+00
0.000000000000000000e+00 0.000000000000000000e+00
0.000000000000000000e+00 0.000000000000000000e+00
0.000000000000000000e+00 3.100000000000000000e+01
4.598728746225965125e+01 5.555555555555555358e+00
0.000000000000000000e+00 0.000000000000000000e+00
0.000000000000000000e+00 0.000000000000000000e+00
4.367784256559766476e+01 1.018502202643171728e+01
0.000000000000000000e+00 0.000000000000000000e+00
0.000000000000000000e+00 0.000000000000000000e+00
0.000000000000000000e+00 0.000000000000000000e+00
0.000000000000000000e+00 2.900000000000000000e+01
0.000000000000000000e+00 2.300000000000000000e+01
3.698169615619280393e+01 4.799999999999999822e+00
0.000000000000000000e+00 0.000000000000000000e+00
0.000000000000000000e+00 0.000000000000000000e+00
0.000000000000000000e+00 0.000000000000000000e+00
0.000000000000000000e+00 0.000000000000000000e+00
0.000000000000000000e+00 0.000000000000000000e+00
4.299315381104518252e+01 4.000000000000000000e+00
0.000000000000000000e+00 2.800000000000000000e+01
0.000000000000000000e+00 0.000000000000000000e+00
0.000000000000000000e+00 0.000000000000000000e+00
0.000000000000000000e+00 7.000000000000000000e+00
0.000000000000000000e+00 0.000000000000000000e+00
0.000000000000000000e+00 0.000000000000000000e+00
0.000000000000000000e+00 0.000000000000000000e+00
0.000000000000000000e+00 0.000000000000000000e+00
0.000000000000000000e+00 0.000000000000000000e+00
0.000000000000000000e+00 0.000000000000000000e+00
3.286733001658375031e+01 6.823529411764705621e+00
0.000000000000000000e+00 0.000000000000000000e+00
0.000000000000000000e+00 0.000000000000000000e+00
0.000000000000000000e+00 2.900000000000000000e+01
0.000000000000000000e+00 0.000000000000000000e+00
0.000000000000000000e+00 0.000000000000000000e+00
3.600000000000000000e+01 3.000000000000000000e+00
0.000000000000000000e+00 0.000000000000000000e+00
0.000000000000000000e+00 0.000000000000000000e+00
0.000000000000000000e+00 0.000000000000000000e+00
0.000000000000000000e+00 1.300000000000000000e+01
3.899832705980761460e+01 3.555555555555555358e+00
3.198233995584989131e+01 3.200000000000000178e+00
0.000000000000000000e+00 0.000000000000000000e+00
0.000000000000000000e+00 0.000000000000000000e+00
4.700000000000000000e+01 0.000000000000000000e+00
0.000000000000000000e+00 0.000000000000000000e+00
0.000000000000000000e+00 0.000000000000000000e+00
0.000000000000000000e+00 0.000000000000000000e+00
0.000000000000000000e+00 0.000000000000000000e+00
0.000000000000000000e+00 0.000000000000000000e+00
0.000000000000000000e+00 0.000000000000000000e+00
2.100000000000000000e+01 2.000000000000000000e+00
0.000000000000000000e+00 0.000000000000000000e+00
0.000000000000000000e+00 0.000000000000000000e+00
0.000000000000000000e+00 1.300000000000000000e+01
0.000000000000000000e+00 0.000000000000000000e+00
0.000000000000000000e+00 0.000000000000000000e+00
4.500000000000000000e+01 0.000000000000000000e+00
0.000000000000000000e+00 4.000000000000000000e+00
0.000000000000000000e+00 2.000000000000000000e+01
0.000000000000000000e+00 2.100000000000000000e+01
0.000000000000000000e+00 0.000000000000000000e+00
0.000000000000000000e+00 0.000000000000000000e+00
0.000000000000000000e+00 0.000000000000000000e+00
0.000000000000000000e+00 1.400000000000000000e+01
4.799872935196950152e+01 2.500000000000000000e+00
0.000000000000000000e+00 0.000000000000000000e+00
0.000000000000000000e+00 1.400000000000000000e+01
0.000000000000000000e+00 3.600000000000000000e+01
0.000000000000000000e+00 0.000000000000000000e+00
0.000000000000000000e+00 0.000000000000000000e+00
0.000000000000000000e+00 0.000000000000000000e+00
0.000000000000000000e+00 0.000000000000000000e+00
4.599238457877201114e+01 4.571428571428571175e+00
0.000000000000000000e+00 0.000000000000000000e+00
0.000000000000000000e+00 7.000000000000000000e+00
0.000000000000000000e+00 3.000000000000000000e+00
0.000000000000000000e+00 2.900000000000000000e+01
0.000000000000000000e+00 0.000000000000000000e+00
0.000000000000000000e+00 2.900000000000000000e+01
3.705882352941176805e+01 1.302466793168880521e+01
0.000000000000000000e+00 0.000000000000000000e+00
0.000000000000000000e+00 0.000000000000000000e+00
0.000000000000000000e+00 0.000000000000000000e+00
0.000000000000000000e+00 0.000000000000000000e+00
0.000000000000000000e+00 0.000000000000000000e+00
0.000000000000000000e+00 0.000000000000000000e+00
0.000000000000000000e+00 0.000000000000000000e+00
0.000000000000000000e+00 0.000000000000000000e+00
4.429797101449275232e+01 1.200742574257425765e+01
3.488642925890279400e+01 1.570292887029288664e+01
0.000000000000000000e+00 2.200000000000000000e+01
3.918849449204406454e+01 1.288198757763975166e+01
0.000000000000000000e+00 0.000000000000000000e+00
4.594862795149968093e+01 5.950000000000000178e+00
0.000000000000000000e+00 3.800000000000000000e+01
0.000000000000000000e+00 0.000000000000000000e+00
0.000000000000000000e+00 2.000000000000000000e+00
0.000000000000000000e+00 0.000000000000000000e+00
0.000000000000000000e+00 0.000000000000000000e+00
2.000000000000000000e+01 5.714285714285714413e+00
0.000000000000000000e+00 1.000000000000000000e+01
4.879812043160459467e+01 5.833333333333333037e+00
0.000000000000000000e+00 1.000000000000000000e+01
3.249811320754717059e+01 1.557265877287405864e+01
3.754347826086956275e+01 1.120930232558139572e+01
0.000000000000000000e+00 0.000000000000000000e+00
0.000000000000000000e+00 0.000000000000000000e+00
0.000000000000000000e+00 2.000000000000000000e+00
2.700000000000000000e+01 2.000000000000000000e+00
0.000000000000000000e+00 2.600000000000000000e+01
4.288222996515679597e+01 8.390909090909090651e+00
0.000000000000000000e+00 3.300000000000000000e+01
0.000000000000000000e+00 4.500000000000000000e+01
0.000000000000000000e+00 0.000000000000000000e+00
0.000000000000000000e+00 0.000000000000000000e+00
0.000000000000000000e+00 0.000000000000000000e+00
0.000000000000000000e+00 0.000000000000000000e+00
0.000000000000000000e+00 0.000000000000000000e+00
0.000000000000000000e+00 0.000000000000000000e+00
0.000000000000000000e+00 2.800000000000000000e+01
0.000000000000000000e+00 0.000000000000000000e+00
4.035639905945582484e+01 1.528387850467289688e+01
0.000000000000000000e+00 0.000000000000000000e+00
3.172599531615924917e+01 7.852941176470587870e+00
0.000000000000000000e+00 0.000000000000000000e+00
0.000000000000000000e+00 1.900000000000000000e+01
0.000000000000000000e+00 2.700000000000000000e+01
0.000000000000000000e+00 0.000000000000000000e+00
3.300000000000000000e+01 2.000000000000000000e+00
0.000000000000000000e+00 0.000000000000000000e+00
0.000000000000000000e+00 0.000000000000000000e+00
0.000000000000000000e+00 0.000000000000000000e+00
4.039818548387096797e+01 1.533847980997624738e+01
0.000000000000000000e+00 0.000000000000000000e+00
0.000000000000000000e+00 0.000000000000000000e+00
0.000000000000000000e+00 3.000000000000000000e+01
0.000000000000000000e+00 0.000000000000000000e+00
0.000000000000000000e+00 2.500000000000000000e+01
3.672815533980582359e+01 9.423312883435583487e+00
0.000000000000000000e+00 0.000000000000000000e+00
0.000000000000000000e+00 0.000000000000000000e+00
0.000000000000000000e+00 0.000000000000000000e+00
0.000000000000000000e+00 0.000000000000000000e+00
0.000000000000000000e+00 1.000000000000000000e+01
0.000000000000000000e+00 3.200000000000000000e+01
0.000000000000000000e+00 1.800000000000000000e+01
2.100000000000000000e+01 0.000000000000000000e+00
0.000000000000000000e+00 0.000000000000000000e+00
4.082285537318055191e+01 8.633587786259541375e+00
0.000000000000000000e+00 1.500000000000000000e+01
3.899832705980761460e+01 3.555555555555555358e+00
4.184714056654195957e+01 8.311475409836065253e+00
0.000000000000000000e+00 6.000000000000000000e+00
4.500000000000000000e+01 0.000000000000000000e+00
0.000000000000000000e+00 2.300000000000000000e+01
2.200000000000000000e+01 5.714285714285714413e+00
0.000000000000000000e+00 0.000000000000000000e+00
0.000000000000000000e+00 0.000000000000000000e+00
4.299657690552259481e+01 3.500000000000000000e+00
0.000000000000000000e+00 0.000000000000000000e+00
3.813872832369942500e+01 1.743778801843318149e+01
3.659293804130579275e+01 1.043277310924369772e+01
4.191847538380095273e+01 7.418604651162790553e+00
0.000000000000000000e+00 0.000000000000000000e+00
0.000000000000000000e+00 0.000000000000000000e+00
3.576201923076923350e+01 9.033112582781457789e+00
0.000000000000000000e+00 0.000000000000000000e+00
4.268098741989081191e+01 1.051428571428571423e+01
0.000000000000000000e+00 0.000000000000000000e+00
4.691329150028522577e+01 6.591836734693877986e+00
0.000000000000000000e+00 0.000000000000000000e+00
0.000000000000000000e+00 0.000000000000000000e+00
3.000000000000000000e+01 3.000000000000000000e+00
0.000000000000000000e+00 0.000000000000000000e+00
0.000000000000000000e+00 0.000000000000000000e+00
0.000000000000000000e+00 0.000000000000000000e+00
0.000000000000000000e+00 0.000000000000000000e+00
0.000000000000000000e+00 0.000000000000000000e+00
3.861558901682905542e+01 1.052800000000000047e+01
3.763285024154589564e+01 1.942921348314606789e+01
0.000000000000000000e+00 0.000000000000000000e+00
0.000000000000000000e+00 0.000000000000000000e+00
0.000000000000000000e+00 9.000000000000000000e+00
0.000000000000000000e+00 3.200000000000000000e+01
0.000000000000000000e+00 4.200000000000000000e+01
3.100000000000000000e+01 0.000000000000000000e+00
0.000000000000000000e+00 4.900000000000000000e+01
0.000000000000000000e+00 1.700000000000000000e+01
0.000000000000000000e+00 3.700000000000000000e+01
0.000000000000000000e+00 0.000000000000000000e+00
0.000000000000000000e+00 0.000000000000000000e+00
3.194642857142857295e+01 5.000000000000000000e+00
0.000000000000000000e+00 0.000000000000000000e+00
0.000000000000000000e+00 0.000000000000000000e+00
0.000000000000000000e+00 0.000000000000000000e+00
4.700000000000000000e+01 5.000000000000000000e+00
0.000000000000000000e+00 0.000000000000000000e+00
0.000000000000000000e+00 0.000000000000000000e+00
0.000000000000000000e+00 0.000000000000000000e+00
0.000000000000000000e+00 3.800000000000000000e+01
0.000000000000000000e+00 0.000000000000000000e+00
0.000000000000000000e+00 0.000000000000000000e+00
0.000000000000000000e+00 1.800000000000000000e+01
0.000000000000000000e+00 0.000000000000000000e+00
0.000000000000000000e+00 0.000000000000000000e+00
0.000000000000000000e+00 0.000000000000000000e+00
0.000000000000000000e+00 0.000000000000000000e+00
0.000000000000000000e+00 0.000000000000000000e+00
4.799084318962228224e+01 3.000000000000000000e+00
4.894816465345373757e+01 7.583333333333333037e+00
0.000000000000000000e+00 7.000000000000000000e+00
0.000000000000000000e+00 4.600000000000000000e+01
0.000000000000000000e+00 0.000000000000000000e+00
2.940217391304347672e+01 9.285714285714286476e+00
0.000000000000000000e+00 1.000000000000000000e+00
5.000000000000000000e+01 0.000000000000000000e+00
0.000000000000000000e+00 0.000000000000000000e+00
5.000000000000000000e+01 0.000000000000000000e+00
0.000000000000000000e+00 3.400000000000000000e+01
0.000000000000000000e+00 0.000000000000000000e+00
0.000000000000000000e+00 1.300000000000000000e+01
3.984017278617710645e+01 8.636363636363636687e+00
0.000000000000000000e+00 3.000000000000000000e+01
4.600000000000000000e+01 0.000000000000000000e+00
0.000000000000000000e+00 0.000000000000000000e+00
4.599000317359568157e+01 5.062500000000000000e+00
4.800000000000000000e+01 0.000000000000000000e+00
4.008474576271186152e+01 1.320652173913043548e+01
0.000000000000000000e+00 0.000000000000000000e+00
0.000000000000000000e+00 4.500000000000000000e+01
3.758689767190038111e+01 1.448247978436657668e+01
0.000000000000000000e+00 0.000000000000000000e+00
0.000000000000000000e+00 9.000000000000000000e+00
0.000000000000000000e+00 0.000000000000000000e+00
0.000000000000000000e+00 4.600000000000000000e+01
0.000000000000000000e+00 3.300000000000000000e+01
0.000000000000000000e+00 0.000000000000000000e+00
0.000000000000000000e+00 2.300000000000000000e+01
4.800000000000000000e+01 0.000000000000000000e+00
0.000000000000000000e+00 0.000000000000000000e+00
0.000000000000000000e+00 0.000000000000000000e+00
0.000000000000000000e+00 0.000000000000000000e+00
2.300000000000000000e+01 3.000000000000000000e+00
0.000000000000000000e+00 2.000000000000000000e+01
2.600000000000000000e+01 0.000000000000000000e+00
4.500000000000000000e+01 0.000000000000000000e+00
0.000000000000000000e+00 0.000000000000000000e+00
0.000000000000000000e+00 0.000000000000000000e+00
0.000000000000000000e+00 0.000000000000000000e+00
0.000000000000000000e+00 1.800000000000000000e+01
0.000000000000000000e+00 0.000000000000000000e+00
0.000000000000000000e+00 8.000000000000000000e+00
4.385985699693564754e+01 8.186440677966102086e+00
0.000000000000000000e+00 0.000000000000000000e+00
0.000000000000000000e+00 0.000000000000000000e+00
3.098853868194842320e+01 3.666666666666666519e+00
0.000000000000000000e+00 4.600000000000000000e+01
0.000000000000000000e+00 0.000000000000000000e+00
0.000000000000000000e+00 2.600000000000000000e+01
0.000000000000000000e+00 0.000000000000000000e+00
0.000000000000000000e+00 0.000000000000000000e+00
0.000000000000000000e+00 0.000000000000000000e+00
2.500000000000000000e+01 2.000000000000000000e+00
0.000000000000000000e+00 2.800000000000000000e+01
0.000000000000000000e+00 7.000000000000000000e+00
0.000000000000000000e+00 2.700000000000000000e+01
0.000000000000000000e+00 0.000000000000000000e+00
0.000000000000000000e+00 0.000000000000000000e+00
0.000000000000000000e+00 0.000000000000000000e+00
0.000000000000000000e+00 0.000000000000000000e+00
0.000000000000000000e+00 1.900000000000000000e+01
4.699218860957250143e+01 6.416666666666666963e+00
0.000000000000000000e+00 4.400000000000000000e+01
4.898047419804741764e+01 7.000000000000000000e+00
0.000000000000000000e+00 2.400000000000000000e+01
0.000000000000000000e+00 0.000000000000000000e+00
0.000000000000000000e+00 0.000000000000000000e+00
0.000000000000000000e+00 0.000000000000000000e+00
0.000000000000000000e+00 0.000000000000000000e+00
0.000000000000000000e+00 0.000000000000000000e+00
0.000000000000000000e+00 0.000000000000000000e+00
4.389006622516556178e+01 1.691772151898734222e+01
0.000000000000000000e+00 0.000000000000000000e+00
2.336363636363636331e+01 6.791044776119402826e+00
0.000000000000000000e+00 0.000000000000000000e+00
0.000000000000000000e+00 0.000000000000000000e+00
0.000000000000000000e+00 2.900000000000000000e+01
0.000000000000000000e+00 0.000000000000000000e+00
0.000000000000000000e+00 2.100000000000000000e+01
0.000000000000000000e+00 3.300000000000000000e+01
0.000000000000000000e+00 0.000000000000000000e+00
0.000000000000000000e+00 0.000000000000000000e+00
0.000000000000000000e+00 0.000000000000000000e+00
0.000000000000000000e+00 3.100000000000000000e+01
0.000000000000000000e+00 2.900000000000000000e+01
0.000000000000000000e+00 1.000000000000000000e+00
2.100000000000000000e+01 0.000000000000000000e+00
0.000000000000000000e+00 0.000000000000000000e+00
0.000000000000000000e+00 0.000000000000000000e+00
0.000000000000000000e+00 0.000000000000000000e+00
0.000000000000000000e+00 0.000000000000000000e+00
0.000000000000000000e+00 0.000000000000000000e+00
0.000000000000000000e+00 0.000000000000000000e+00
0.000000000000000000e+00 2.200000000000000000e+01
0.000000000000000000e+00 0.000000000000000000e+00
0.000000000000000000e+00 0.000000000000000000e+00
0.000000000000000000e+00 0.000000000000000000e+00
4.599223331748296317e+01 3.937500000000000000e+00
3.051890034364261339e+01 9.090909090909091717e+00
4.600000000000000000e+01 5.000000000000000000e+00
4.898746954403063114e+01 7.200000000000000178e+00
0.000000000000000000e+00 0.000000000000000000e+00
3.849152542372881669e+01 1.163636363636363669e+01
4.200000000000000000e+01 1.000000000000000000e+00
0.000000000000000000e+00 0.000000000000000000e+00
4.590001602307322770e+01 6.823529411764705621e+00
0.000000000000000000e+00 3.400000000000000000e+01
4.031497649429147145e+01 1.247671840354767170e+01
0.000000000000000000e+00 7.000000000000000000e+00
0.000000000000000000e+00 3.600000000000000000e+01
4.144199207696661347e+01 1.185117493472584904e+01
0.000000000000000000e+00 0.000000000000000000e+00
4.085248924400737280e+01 7.932203389830508655e+00
0.000000000000000000e+00 0.000000000000000000e+00
0.000000000000000000e+00 0.000000000000000000e+00
0.000000000000000000e+00 0.000000000000000000e+00
0.000000000000000000e+00 0.000000000000000000e+00
0.000000000000000000e+00 3.200000000000000000e+01
0.000000000000000000e+00 0.000000000000000000e+00
0.000000000000000000e+00 0.000000000000000000e+00
0.000000000000000000e+00 1.700000000000000000e+01
4.689572116746953867e+01 5.485714285714285765e+00
0.000000000000000000e+00 0.000000000000000000e+00
0.000000000000000000e+00 9.000000000000000000e+00
3.578980891719745472e+01 1.344537815126050440e+01
0.000000000000000000e+00 1.800000000000000000e+01
3.800000000000000000e+01 1.000000000000000000e+00
0.000000000000000000e+00 0.000000000000000000e+00
0.000000000000000000e+00 0.000000000000000000e+00
0.000000000000000000e+00 0.000000000000000000e+00
0.000000000000000000e+00 0.000000000000000000e+00
4.898991172761664359e+01 3.666666666666666519e+00
0.000000000000000000e+00 2.300000000000000000e+01
4.378026721479958638e+01 1.382843894899536252e+01
0.000000000000000000e+00 3.400000000000000000e+01
0.000000000000000000e+00 0.000000000000000000e+00
0.000000000000000000e+00 1.300000000000000000e+01
0.000000000000000000e+00 0.000000000000000000e+00
0.000000000000000000e+00 0.000000000000000000e+00
2.875352112676056393e+01 6.435483870967741993e+00
0.000000000000000000e+00 0.000000000000000000e+00
0.000000000000000000e+00 0.000000000000000000e+00
0.000000000000000000e+00 0.000000000000000000e+00
0.000000000000000000e+00 0.000000000000000000e+00
0.000000000000000000e+00 0.000000000000000000e+00
0.000000000000000000e+00 0.000000000000000000e+00
3.565573770491803174e+01 9.961165048543689338e+00
5.000000000000000000e+01 2.600000000000000000e+01
2.145454545454545325e+01 1.486956521739130466e+01
0.000000000000000000e+00 3.200000000000000000e+01
0.000000000000000000e+00 0.000000000000000000e+00
0.000000000000000000e+00 0.000000000000000000e+00
3.984017278617710645e+01 8.636363636363636687e+00
2.897515527950310599e+01 3.666666666666666519e+00
2.982978723404255206e+01 7.500000000000000000e+00
0.000000000000000000e+00 0.000000000000000000e+00
0.000000000000000000e+00 0.000000000000000000e+00
0.000000000000000000e+00 0.000000000000000000e+00
0.000000000000000000e+00 3.600000000000000000e+01
0.000000000000000000e+00 0.000000000000000000e+00
4.894291754756871171e+01 8.307692307692308376e+00
0.000000000000000000e+00 1.100000000000000000e+01
4.798855398702784925e+01 3.571428571428571619e+00
0.000000000000000000e+00 0.000000000000000000e+00
0.000000000000000000e+00 0.000000000000000000e+00
0.000000000000000000e+00 0.000000000000000000e+00
3.795195195195195481e+01 5.957446808510638014e+00
0.000000000000000000e+00 0.000000000000000000e+00
0.000000000000000000e+00 0.000000000000000000e+00
4.499714285714285467e+01 2.666666666666666519e+00
1.800000000000000000e+01 1.000000000000000000e+00
4.198713235294117396e+01 4.666666666666666963e+00
5.000000000000000000e+01 0.000000000000000000e+00
3.400000000000000000e+01 1.000000000000000000e+00
0.000000000000000000e+00 2.600000000000000000e+01
0.000000000000000000e+00 0.000000000000000000e+00
0.000000000000000000e+00 0.000000000000000000e+00
0.000000000000000000e+00 0.000000000000000000e+00
4.399919581825492543e+01 3.428571428571428381e+00
0.000000000000000000e+00 0.000000000000000000e+00
3.400000000000000000e+01 3.000000000000000000e+00
0.000000000000000000e+00 0.000000000000000000e+00
0.000000000000000000e+00 2.900000000000000000e+01
4.081709616593337842e+01 1.632756964457252735e+01
4.186638388123011367e+01 7.728813559322033733e+00
4.297731439046746260e+01 5.333333333333333037e+00
4.700000000000000000e+01 0.000000000000000000e+00
3.795397698849424728e+01 1.340103270223752219e+01
0.000000000000000000e+00 0.000000000000000000e+00
0.000000000000000000e+00 1.600000000000000000e+01
0.000000000000000000e+00 0.000000000000000000e+00
0.000000000000000000e+00 0.000000000000000000e+00
0.000000000000000000e+00 3.200000000000000000e+01
0.000000000000000000e+00 3.600000000000000000e+01
0.000000000000000000e+00 0.000000000000000000e+00
0.000000000000000000e+00 8.000000000000000000e+00
0.000000000000000000e+00 0.000000000000000000e+00
3.998946259220231525e+01 4.125000000000000000e+00
0.000000000000000000e+00 0.000000000000000000e+00
0.000000000000000000e+00 0.000000000000000000e+00
0.000000000000000000e+00 0.000000000000000000e+00
0.000000000000000000e+00 0.000000000000000000e+00
4.889983325393044566e+01 6.868421052631578760e+00
4.268686868686868507e+01 1.799564270152505330e+01
0.000000000000000000e+00 0.000000000000000000e+00
0.000000000000000000e+00 0.000000000000000000e+00
0.000000000000000000e+00 5.000000000000000000e+00
0.000000000000000000e+00 6.000000000000000000e+00
4.499856733524354979e+01 1.281600000000000072e+01
0.000000000000000000e+00 6.000000000000000000e+00
4.597141949825341101e+01 5.571428571428571175e+00
4.512065657642293814e+01 1.810259579728059265e+01
0.000000000000000000e+00 9.000000000000000000e+00
0.000000000000000000e+00 0.000000000000000000e+00
0.000000000000000000e+00 0.000000000000000000e+00
0.000000000000000000e+00 0.000000000000000000e+00
0.000000000000000000e+00 0.000000000000000000e+00
0.000000000000000000e+00 3.500000000000000000e+01
0.000000000000000000e+00 2.600000000000000000e+01
0.000000000000000000e+00 0.000000000000000000e+00
0.000000000000000000e+00 1.300000000000000000e+01
0.000000000000000000e+00 0.000000000000000000e+00
3.700000000000000000e+01 3.000000000000000000e+00
0.000000000000000000e+00 1.600000000000000000e+01
3.886413969335604435e+01 8.073394495412843597e+00
0.000000000000000000e+00 6.000000000000000000e+00
0.000000000000000000e+00 2.500000000000000000e+01
0.000000000000000000e+00 0.000000000000000000e+00
0.000000000000000000e+00 2.800000000000000000e+01
0.000000000000000000e+00 2.100000000000000000e+01
0.000000000000000000e+00 0.000000000000000000e+00
2.560869565217391397e+01 9.325153374233128289e+00
0.000000000000000000e+00 0.000000000000000000e+00
0.000000000000000000e+00 0.000000000000000000e+00
0.000000000000000000e+00 0.000000000000000000e+00
0.000000000000000000e+00 0.000000000000000000e+00
0.000000000000000000e+00 0.000000000000000000e+00
0.000000000000000000e+00 0.000000000000000000e+00
4.800000000000000000e+01 0.000000000000000000e+00
4.178531073446328037e+01 9.104294478527608092e+00
0.000000000000000000e+00 2.200000000000000000e+01
0.000000000000000000e+00 0.000000000000000000e+00
0.000000000000000000e+00 3.900000000000000000e+01
0.000000000000000000e+00 1.800000000000000000e+01
4.367784256559766476e+01 1.018502202643171728e+01
0.000000000000000000e+00 3.000000000000000000e+01
0.000000000000000000e+00 0.000000000000000000e+00
0.000000000000000000e+00 2.100000000000000000e+01
0.000000000000000000e+00 0.000000000000000000e+00
4.235510305438291567e+01 1.508602150537634401e+01
0.000000000000000000e+00 3.100000000000000000e+01
0.000000000000000000e+00 0.000000000000000000e+00
0.000000000000000000e+00 0.000000000000000000e+00
0.000000000000000000e+00 2.400000000000000000e+01
0.000000000000000000e+00 3.100000000000000000e+01
0.000000000000000000e+00 0.000000000000000000e+00
0.000000000000000000e+00 0.000000000000000000e+00
0.000000000000000000e+00 0.000000000000000000e+00
0.000000000000000000e+00 0.000000000000000000e+00
4.698805460750853058e+01 6.750000000000000000e+00
2.378260869565217561e+01 4.791666666666666963e+00
0.000000000000000000e+00 0.000000000000000000e+00
0.000000000000000000e+00 7.000000000000000000e+00
0.000000000000000000e+00 9.000000000000000000e+00
0.000000000000000000e+00 0.000000000000000000e+00
0.000000000000000000e+00 0.000000000000000000e+00
0.000000000000000000e+00 4.200000000000000000e+01
0.000000000000000000e+00 0.000000000000000000e+00
0.000000000000000000e+00 0.000000000000000000e+00
0.000000000000000000e+00 1.400000000000000000e+01
4.298880767473732334e+01 4.549999999999999822e+00
0.000000000000000000e+00 0.000000000000000000e+00
4.558146487294469296e+01 1.041176470588235325e+01
0.000000000000000000e+00 0.000000000000000000e+00
4.186638388123011367e+01 7.728813559322033733e+00
0.000000000000000000e+00 0.000000000000000000e+00
0.000000000000000000e+00 4.400000000000000000e+01
0.000000000000000000e+00 0.000000000000000000e+00
0.000000000000000000e+00 0.000000000000000000e+00
0.000000000000000000e+00 2.700000000000000000e+01
3.795195195195195481e+01 5.957446808510638014e+00
2.200000000000000000e+01 1.000000000000000000e+00
0.000000000000000000e+00 0.000000000000000000e+00
4.861093247588424759e+01 2.766176470588235148e+01
2.378260869565217561e+01 4.791666666666666963e+00
0.000000000000000000e+00 2.000000000000000000e+01
0.000000000000000000e+00 0.000000000000000000e+00
0.000000000000000000e+00 0.000000000000000000e+00
4.489388197076340248e+01 7.466666666666666785e+00
0.000000000000000000e+00 0.000000000000000000e+00
0.000000000000000000e+00 3.600000000000000000e+01
0.000000000000000000e+00 1.800000000000000000e+01
0.000000000000000000e+00 0.000000000000000000e+00
4.093601462522851619e+01 6.612903225806451957e+00
0.000000000000000000e+00 0.000000000000000000e+00
4.698644833427442080e+01 3.826086956521739246e+00
0.000000000000000000e+00 0.000000000000000000e+00
0.000000000000000000e+00 3.000000000000000000e+01
0.000000000000000000e+00 1.900000000000000000e+01
0.000000000000000000e+00 0.000000000000000000e+00
0.000000000000000000e+00 0.000000000000000000e+00
4.687428571428571189e+01 6.666666666666666963e+00
0.000000000000000000e+00 0.000000000000000000e+00
0.000000000000000000e+00 3.400000000000000000e+01
0.000000000000000000e+00 1.100000000000000000e+01
5.000000000000000000e+01 0.000000000000000000e+00
0.000000000000000000e+00 1.100000000000000000e+01
4.383401639344262435e+01 8.769230769230770051e+00
0.000000000000000000e+00 0.000000000000000000e+00
0.000000000000000000e+00 0.000000000000000000e+00
0.000000000000000000e+00 3.800000000000000000e+01
4.495647482014388174e+01 5.238095238095238138e+00
0.000000000000000000e+00 0.000000000000000000e+00
5.000000000000000000e+01 0.000000000000000000e+00
0.000000000000000000e+00 2.100000000000000000e+01
0.000000000000000000e+00 0.000000000000000000e+00
3.300000000000000000e+01 3.000000000000000000e+00
0.000000000000000000e+00 0.000000000000000000e+00
0.000000000000000000e+00 2.600000000000000000e+01
4.477946281746756796e+01 9.162337662337662891e+00
2.183333333333333215e+01 6.791044776119402826e+00
0.000000000000000000e+00 0.000000000000000000e+00
3.010588235294117609e+01 1.124503311258278160e+01
0.000000000000000000e+00 0.000000000000000000e+00
0.000000000000000000e+00 1.700000000000000000e+01
0.000000000000000000e+00 0.000000000000000000e+00
3.598849693251533921e+01 4.062500000000000000e+00
0.000000000000000000e+00 0.000000000000000000e+00
0.000000000000000000e+00 0.000000000000000000e+00
0.000000000000000000e+00 2.300000000000000000e+01
0.000000000000000000e+00 1.200000000000000000e+01
0.000000000000000000e+00 3.400000000000000000e+01
2.100000000000000000e+01 2.000000000000000000e+00
2.557142857142857295e+01 5.454545454545454142e+00
3.897945492662474010e+01 5.115384615384614975e+00
0.000000000000000000e+00 1.500000000000000000e+01
0.000000000000000000e+00 0.000000000000000000e+00
0.000000000000000000e+00 1.200000000000000000e+01
0.000000000000000000e+00 1.600000000000000000e+01
0.000000000000000000e+00 0.000000000000000000e+00
0.000000000000000000e+00 0.000000000000000000e+00
0.000000000000000000e+00 0.000000000000000000e+00
0.000000000000000000e+00 0.000000000000000000e+00
4.789314750290360223e+01 6.440000000000000391e+00
0.000000000000000000e+00 0.000000000000000000e+00
0.000000000000000000e+00 0.000000000000000000e+00
0.000000000000000000e+00 0.000000000000000000e+00
0.000000000000000000e+00 1.900000000000000000e+01
0.000000000000000000e+00 0.000000000000000000e+00
0.000000000000000000e+00 0.000000000000000000e+00
3.159330143540669766e+01 8.750000000000000000e+00
0.000000000000000000e+00 0.000000000000000000e+00
3.555601659751037147e+01 1.623992502343017819e+01
0.000000000000000000e+00 0.000000000000000000e+00
0.000000000000000000e+00 2.900000000000000000e+01
2.772340425531914931e+01 9.254658385093167183e+00
1.800000000000000000e+01 0.000000000000000000e+00
0.000000000000000000e+00 0.000000000000000000e+00
2.900000000000000000e+01 2.000000000000000000e+00
0.000000000000000000e+00 2.800000000000000000e+01
0.000000000000000000e+00 1.500000000000000000e+01
4.900000000000000000e+01 0.000000000000000000e+00
0.000000000000000000e+00 1.500000000000000000e+01
0.000000000000000000e+00 0.000000000000000000e+00
0.000000000000000000e+00 1.300000000000000000e+01
1.800000000000000000e+01 0.000000000000000000e+00
0.000000000000000000e+00 0.000000000000000000e+00
0.000000000000000000e+00 4.100000000000000000e+01
0.000000000000000000e+00 1.400000000000000000e+01
0.000000000000000000e+00 0.000000000000000000e+00
4.900000000000000000e+01 0.000000000000000000e+00
0.000000000000000000e+00 3.100000000000000000e+01
0.000000000000000000e+00 1.500000000000000000e+01
0.000000000000000000e+00 3.000000000000000000e+01
3.499243140964995291e+01 3.200000000000000178e+00
0.000000000000000000e+00 3.600000000000000000e+01
0.000000000000000000e+00 0.000000000000000000e+00
4.799288527506034541e+01 2.333333333333333481e+00
0.000000000000000000e+00 0.000000000000000000e+00
0.000000000000000000e+00 0.000000000000000000e+00
0.000000000000000000e+00 0.000000000000000000e+00
0.000000000000000000e+00 2.900000000000000000e+01
0.000000000000000000e+00 4.100000000000000000e+01
0.000000000000000000e+00 4.000000000000000000e+01
0.000000000000000000e+00 2.500000000000000000e+01
3.900000000000000000e+01 2.000000000000000000e+00
0.000000000000000000e+00 1.200000000000000000e+01
0.000000000000000000e+00 0.000000000000000000e+00
4.000000000000000000e+01 3.000000000000000000e+00
0.000000000000000000e+00 2.200000000000000000e+01
0.000000000000000000e+00 7.000000000000000000e+00
0.000000000000000000e+00 0.000000000000000000e+00
0.000000000000000000e+00 7.000000000000000000e+00
0.000000000000000000e+00 2.800000000000000000e+01
0.000000000000000000e+00 0.000000000000000000e+00
0.000000000000000000e+00 2.700000000000000000e+01
0.000000000000000000e+00 0.000000000000000000e+00
0.000000000000000000e+00 3.700000000000000000e+01
0.000000000000000000e+00 0.000000000000000000e+00
0.000000000000000000e+00 0.000000000000000000e+00
0.000000000000000000e+00 0.000000000000000000e+00
0.000000000000000000e+00 0.000000000000000000e+00
0.000000000000000000e+00 0.000000000000000000e+00
0.000000000000000000e+00 0.000000000000000000e+00
0.000000000000000000e+00 1.800000000000000000e+01
0.000000000000000000e+00 0.000000000000000000e+00
0.000000000000000000e+00 0.000000000000000000e+00
0.000000000000000000e+00 0.000000000000000000e+00
0.000000000000000000e+00 0.000000000000000000e+00
3.680481622306717071e+01 8.735294117647057988e+00
0.000000000000000000e+00 0.000000000000000000e+00
0.000000000000000000e+00 4.000000000000000000e+01
0.000000000000000000e+00 0.000000000000000000e+00
2.531707317073170671e+01 6.555555555555555358e+00
0.000000000000000000e+00 0.000000000000000000e+00
0.000000000000000000e+00 0.000000000000000000e+00
0.000000000000000000e+00 0.000000000000000000e+00
0.000000000000000000e+00 3.600000000000000000e+01
3.938269680436476960e+01 1.202010050251256246e+01
0.000000000000000000e+00 0.000000000000000000e+00
0.000000000000000000e+00 0.000000000000000000e+00
0.000000000000000000e+00 0.000000000000000000e+00
4.789083248212461541e+01 4.983606557377049384e+00
0.000000000000000000e+00 0.000000000000000000e+00
0.000000000000000000e+00 3.400000000000000000e+01
0.000000000000000000e+00 9.000000000000000000e+00
0.000000000000000000e+00 0.000000000000000000e+00
2.453125000000000000e+01 1.270020964360587001e+01
0.000000000000000000e+00 0.000000000000000000e+00
0.000000000000000000e+00 0.000000000000000000e+00
0.000000000000000000e+00 0.000000000000000000e+00
0.000000000000000000e+00 0.000000000000000000e+00
4.595445859872611294e+01 5.473684210526315930e+00
0.000000000000000000e+00 0.000000000000000000e+00
0.000000000000000000e+00 0.000000000000000000e+00
0.000000000000000000e+00 0.000000000000000000e+00
0.000000000000000000e+00 0.000000000000000000e+00
0.000000000000000000e+00 4.400000000000000000e+01
