0.000000000000000000e+00 0.000000000000000000e+00
0.000000000000000000e+00 0.000000000000000000e+00
4.900000000000000000e+01 0.000000000000000000e+00
1.100000000000000000e+01 1.100000000000000000e+01
5.558776766827264737e-01 0.000000000000000000e+00
3.100000000000000000e+01 1.700000000000000000e+01
4.600000000000000000e+01 1.122157559215385447e+01
3.600000000000000000e+01 4.000000000000000000e+00
3.515568247389744982e+01 3.300000000000000000e+01
2.800000000000000000e+01 2.500000000000000000e+01
1.126906790259446822e+01 0.000000000000000000e+00
2.700000000000000000e+01 1.700000000000000000e+01
1.666086194565672329e+01 4.659858165903671079e+00
4.600000000000000000e+01 6.583734807132771039e+00
2.100000000000000000e+01 6.000000000000000000e+00
3.400000000000000000e+01 1.500000000000000000e+01
4.100000000000000000e+01 1.800000000000000000e+01
0.000000000000000000e+00 0.000000000000000000e+00
3.516917891139819119e+01 3.500000000000000000e+01
5.512146783197177768e+00 0.000000000000000000e+00
2.522445514342007655e+01 4.102133093276975728e+00
0.000000000000000000e+00 0.000000000000000000e+00
1.802644325245555734e+01 1.076404554586363815e+01
4.483986619901590132e+01 2.894310595122872343e+01
1.738634182325353095e+01 3.395589885912713157e-01
2.600000000000000000e+01 2.100000000000000000e+01
0.000000000000000000e+00 0.000000000000000000e+00
2.800000000000000000e+01 2.100000000000000000e+01
1.400000000000000000e+01 1.100000000000000000e+01
3.600000000000000000e+01 2.900000000000000000e+01
2.300000000000000000e+01 8.000000000000000000e+00
1.900000000000000000e+01 1.500000000000000000e+01
2.000000000000000000e+01 9.000000000000000000e+00
0.000000000000000000e+00 0.000000000000000000e+00
0.000000000000000000e+00 0.000000000000000000e+00
3.200000000000000000e+01 7.000000000000000000e+00
0.000000000000000000e+00 0.000000000000000000e+00
3.200000000000000000e+01 4.000000000000000000e+00
3.612721747596111754e+01 2.900000000000000000e+01
9.000000000000000000e+00 0.000000000000000000e+00
8.249302495256653600e+00 0.000000000000000000e+00
0.000000000000000000e+00 0.000000000000000000e+00
3.000000000000000000e+01 1.100000000000000000e+01
1.596486366957183733e+01 0.000000000000000000e+00
1.262092529484475278e+01 0.000000000000000000e+00
1.152430913269888535e+01 2.652719970174572950e+00
0.000000000000000000e+00 0.000000000000000000e+00
0.000000000000000000e+00 0.000000000000000000e+00
2.100000000000000000e+01 1.800000000000000000e+01
1.000000000000000000e+01 4.000000000000000000e+00
2.900000000000000000e+01 6.000000000000000000e+00
4.299091589705275851e+01 2.606963582652246458e+01
3.199444076131814185e+01 3.605456339802655918e+01
2.259715803885158181e+01 6.685738616799540068e+00
0.000000000000000000e+00 0.000000000000000000e+00
0.000000000000000000e+00 0.000000000000000000e+00
4.100000000000000000e+01 1.053906636440672173e+01
3.700000000000000000e+01 1.600000000000000000e+01
0.000000000000000000e+00 0.000000000000000000e+00
0.000000000000000000e+00 0.000000000000000000e+00
0.000000000000000000e+00 0.000000000000000000e+00
0.000000000000000000e+00 0.000000000000000000e+00
9.000000000000000000e+00 3.000000000000000000e+00
0.000000000000000000e+00 0.000000000000000000e+00
3.026612262087387961e+01 4.297435236906832046e+01
6.985694859389649736e+00 0.000000000000000000e+00
1.614424072319355474e+01 7.606023434681048911e+00
3.625240796754732031e+01 3.100943105372077468e+01
1.900000000000000000e+01 7.000000000000000000e+00
1.095799805402059235e+01 0.000000000000000000e+00
0.000000000000000000e+00 0.000000000000000000e+00
4.600000000000000000e+01 1.595927104486962378e+01
2.500000000000000000e+01 1.600000000000000000e+01
2.711662996746966670e+01 3.500000000000000000e+01
0.000000000000000000e+00 0.000000000000000000e+00
3.800000000000000000e+01 1.200000000000000000e+01
4.600000000000000000e+01 5.127288321483973732e-01
0.000000000000000000e+00 0.000000000000000000e+00
4.100000000000000000e+01 5.000000000000000000e+00
4.165620703539947556e+01 2.850365917297376228e+01
5.354754636284869918e+00 0.000000000000000000e+00
0.000000000000000000e+00 0.000000000000000000e+00
6.630015310205283896e+00 0.000000000000000000e+00
0.000000000000000000e+00 0.000000000000000000e+00
4.100000000000000000e+01 2.600000000000000000e+01
4.900000000000000000e+01 6.873806487511870955e+00
0.000000000000000000e+00 0.000000000000000000e+00
0.000000000000000000e+00 0.000000000000000000e+00
2.100000000000000000e+01 0.000000000000000000e+00
0.000000000000000000e+00 0.000000000000000000e+00
0.000000000000000000e+00 0.000000000000000000e+00
3.100000000000000000e+01 2.000000000000000000e+00
0.000000000000000000e+00 0.000000000000000000e+00
3.300000000000000000e+01 1.100000000000000000e+01
3.765220548541646650e+01 2.900000000000000000e+01
0.000000000000000000e+00 0.000000000000000000e+00
1.100000000000000000e+01 1.100000000000000000e+01
2.100000000000000000e+01 4.000000000000000000e+00
0.000000000000000000e+00 0.000000000000000000e+00
2.300000000000000000e+01 7.000000000000000000e+00
0.000000000000000000e+00 0.000000000000000000e+00
0.000000000000000000e+00 0.000000000000000000e+00
4.400000000000000000e+01 1.200000000000000000e+01
4.900000000000000000e+01 8.190599721220287677e+00
3.806417659525251906e+01 2.800000000000000000e+01
8.279740480277158809e+00 0.000000000000000000e+00
0.000000000000000000e+00 0.000000000000000000e+00
4.844739878383905562e+01 2.781607157251762175e+01
4.400000000000000000e+01 7.907912646060147210e+00
2.600000000000000000e+01 1.800000000000000000e+01
3.900000000000000000e+01 1.800000000000000000e+01
3.100000000000000000e+01 1.000000000000000000e+00
3.100000000000000000e+01 1.000000000000000000e+01
3.300000000000000000e+01 2.000000000000000000e+01
0.000000000000000000e+00 0.000000000000000000e+00
0.000000000000000000e+00 0.000000000000000000e+00
4.600000000000000000e+01 1.865352928443468272e+01
2.101660126603590584e+00 0.000000000000000000e+00
4.800000000000000000e+01 7.709268384813015018e-01
1.900000000000000000e+01 1.000000000000000000e+00
1.405376019035902502e+01 0.000000000000000000e+00
2.300000000000000000e+01 1.000000000000000000e+00
4.699355097767462297e+00 0.000000000000000000e+00
2.900000000000000000e+01 5.000000000000000000e+00
2.300000000000000000e+01 4.000000000000000000e+00
0.000000000000000000e+00 0.000000000000000000e+00
1.500000000000000000e+01 0.000000000000000000e+00
4.200000000000000000e+01 2.200000000000000000e+01
1.000000000000000000e+01 8.000000000000000000e+00
0.000000000000000000e+00 0.000000000000000000e+00
0.000000000000000000e+00 0.000000000000000000e+00
9.398836468236336117e+00 0.000000000000000000e+00
8.680382207097643743e+00 0.000000000000000000e+00
0.000000000000000000e+00 0.000000000000000000e+00
1.138010537817355683e+01 0.000000000000000000e+00
0.000000000000000000e+00 0.000000000000000000e+00
2.900000000000000000e+01 5.000000000000000000e+00
2.500000000000000000e+01 2.000000000000000000e+00
5.841610070566382262e+00 0.000000000000000000e+00
4.800000000000000000e+01 1.446507081688761076e+01
0.000000000000000000e+00 0.000000000000000000e+00
3.300000000000000000e+01 6.000000000000000000e+00
4.700000000000000000e+01 1.403469626766690936e+01
1.515112780767229594e+01 0.000000000000000000e+00
1.311412740796453491e+01 2.659693477923212868e+00
0.000000000000000000e+00 0.000000000000000000e+00
1.700000000000000000e+01 1.300000000000000000e+01
4.800000000000000000e+01 1.590473244004461861e+01
2.380947506659625290e+01 4.597207876007173155e+01
1.900000000000000000e+01 1.000000000000000000e+00
3.400000000000000000e+01 1.100000000000000000e+01
3.700000000000000000e+01 1.300000000000000000e+01
1.425300758713170168e+01 0.000000000000000000e+00
3.600000000000000000e+01 1.100000000000000000e+01
2.201949826450777792e+01 2.099526205025505021e+00
3.000000000000000000e+01 2.100000000000000000e+01
0.000000000000000000e+00 0.000000000000000000e+00
0.000000000000000000e+00 0.000000000000000000e+00
3.046991322810406544e+01 4.189991074512709446e+01
3.000000000000000000e+00 0.000000000000000000e+00
1.025848213592436764e+01 0.000000000000000000e+00
3.800000000000000000e+01 2.400000000000000000e+01
1.484511275828923260e+01 1.268391869024362961e+00
4.100000000000000000e+01 2.500000000000000000e+01
2.700000000000000000e+01 2.200000000000000000e+01
0.000000000000000000e+00 0.000000000000000000e+00
4.500000000000000000e+01 1.331511261510868138e+01
4.100000000000000000e+01 1.900000000000000000e+01
4.600000000000000000e+01 9.783007966082493567e+00
0.000000000000000000e+00 0.000000000000000000e+00
1.300000000000000000e+01 1.000000000000000000e+01
0.000000000000000000e+00 0.000000000000000000e+00
1.370240926974854290e+01 0.000000000000000000e+00
0.000000000000000000e+00 0.000000000000000000e+00
3.000000000000000000e+01 3.000000000000000000e+01
0.000000000000000000e+00 0.000000000000000000e+00
8.977394238050390385e+00 0.000000000000000000e+00
0.000000000000000000e+00 0.000000000000000000e+00
8.001510145728687462e+00 0.000000000000000000e+00
0.000000000000000000e+00 0.000000000000000000e+00
0.000000000000000000e+00 0.000000000000000000e+00
1.410506370780384344e+01 0.000000000000000000e+00
2.400000000000000000e+01 1.100000000000000000e+01
3.800000000000000000e+01 1.000000000000000000e+00
0.000000000000000000e+00 0.000000000000000000e+00
4.400000000000000000e+01 2.400000000000000000e+01
0.000000000000000000e+00 0.000000000000000000e+00
4.400000000000000000e+01 6.716888658712022675e+00
5.462477802009217953e+00 0.000000000000000000e+00
9.574506103443692240e+00 0.000000000000000000e+00
3.400000000000000000e+01 0.000000000000000000e+00
4.600000000000000000e+01 1.963873640160439038e+01
3.000000000000000000e+01 1.000000000000000000e+00
0.000000000000000000e+00 0.000000000000000000e+00
0.000000000000000000e+00 0.000000000000000000e+00
0.000000000000000000e+00 0.000000000000000000e+00
4.099729374386289749e+01 2.875024641989155327e+01
3.600000000000000000e+01 8.000000000000000000e+00
4.000000000000000000e+01 1.500000000000000000e+01
7.580900524665601381e-01 0.000000000000000000e+00
0.000000000000000000e+00 0.000000000000000000e+00
0.000000000000000000e+00 0.000000000000000000e+00
0.000000000000000000e+00 0.000000000000000000e+00
3.141784743396982904e+01 3.800000000000000000e+01
2.000000000000000000e+01 9.000000000000000000e+00
0.000000000000000000e+00 0.000000000000000000e+00
0.000000000000000000e+00 0.000000000000000000e+00
0.000000000000000000e+00 0.000000000000000000e+00
3.700000000000000000e+01 6.000000000000000000e+00
6.454173083624851870e+00 0.000000000000000000e+00
2.000000000000000000e+01 2.000000000000000000e+01
2.400000000000000000e+01 1.300000000000000000e+01
4.600000000000000000e+01 0.000000000000000000e+00
0.000000000000000000e+00 0.000000000000000000e+00
2.900000000000000000e+01 2.000000000000000000e+00
0.000000000000000000e+00 0.000000000000000000e+00
3.080892788255373915e+01 4.044927341325352899e+01
3.600000000000000000e+01 3.000000000000000000e+00
3.129675840185030111e+01 3.732757356899561074e+01
1.924420667187746048e+01 4.280872792161396490e+00
1.100726569905000218e+01 0.000000000000000000e+00
3.400000000000000000e+01 2.000000000000000000e+01
6.937632817109246730e+00 0.000000000000000000e+00
0.000000000000000000e+00 0.000000000000000000e+00
0.000000000000000000e+00 0.000000000000000000e+00
2.006537091191471944e+00 0.000000000000000000e+00
2.200000000000000000e+01 4.000000000000000000e+00
2.200000000000000000e+01 0.000000000000000000e+00
2.600000000000000000e+01 1.500000000000000000e+01
7.559382845600065792e+00 0.000000000000000000e+00
2.100000000000000000e+01 6.000000000000000000e+00
3.174295619642337130e+01 2.600000000000000000e+01
4.300000000000000000e+01 1.500000000000000000e+01
1.221596387698825481e+01 0.000000000000000000e+00
1.894505975664564801e+00 0.000000000000000000e+00
1.600000000000000000e+01 1.000000000000000000e+00
4.600000000000000000e+01 1.927932721794429938e+01
0.000000000000000000e+00 0.000000000000000000e+00
4.500000000000000000e+01 1.585793683409590926e+00
3.300000000000000000e+01 2.000000000000000000e+00
0.000000000000000000e+00 0.000000000000000000e+00
4.468887239590980442e+00 0.000000000000000000e+00
0.000000000000000000e+00 0.000000000000000000e+00
0.000000000000000000e+00 0.000000000000000000e+00
1.100000000000000000e+01 0.000000000000000000e+00
0.000000000000000000e+00 0.000000000000000000e+00
3.100000000000000000e+01 2.800000000000000000e+01
1.764340352132344947e+01 2.896243899595681626e+00
5.000000000000000000e+00 3.000000000000000000e+00
1.173080861100552141e+01 0.000000000000000000e+00
2.100000000000000000e+01 0.000000000000000000e+00
9.820353228677777935e+00 0.000000000000000000e+00
3.200000000000000000e+01 1.900000000000000000e+01
3.401058334289803753e+01 3.400000000000000000e+01
3.100000000000000000e+01 1.000000000000000000e+00
3.389782801411789137e+01 3.400000000000000000e+01
3.292063783587310866e+01 3.600000000000000000e+01
0.000000000000000000e+00 0.000000000000000000e+00
0.000000000000000000e+00 0.000000000000000000e+00
0.000000000000000000e+00 0.000000000000000000e+00
0.000000000000000000e+00 0.000000000000000000e+00
4.700000000000000000e+01 1.970269027279154272e+01
1.494585536628701306e+01 0.000000000000000000e+00
1.258209466829597645e+01 0.000000000000000000e+00
0.000000000000000000e+00 0.000000000000000000e+00
0.000000000000000000e+00 0.000000000000000000e+00
4.500000000000000000e+01 7.900070419715774506e+00
0.000000000000000000e+00 0.000000000000000000e+00
2.330430157992486073e+01 4.216386185725220059e+00
0.000000000000000000e+00 0.000000000000000000e+00
4.300000000000000000e+01 0.000000000000000000e+00
3.500000000000000000e+01 2.100000000000000000e+01
0.000000000000000000e+00 0.000000000000000000e+00
0.000000000000000000e+00 0.000000000000000000e+00
9.000000000000000000e+00 8.000000000000000000e+00
0.000000000000000000e+00 0.000000000000000000e+00
3.300000000000000000e+01 2.600000000000000000e+01
6.600097040604254062e+00 9.058199560748647627e-01
0.000000000000000000e+00 0.000000000000000000e+00
7.428644733608692263e+00 0.000000000000000000e+00
5.538493555178781946e+00 0.000000000000000000e+00
1.500000000000000000e+01 1.200000000000000000e+01
4.100000000000000000e+01 1.400000000000000000e+01
1.929756393937328696e+01 8.393988445353620875e+00
2.800000000000000000e+01 1.400000000000000000e+01
3.300000000000000000e+01 2.000000000000000000e+01
1.387892612980511586e+01 0.000000000000000000e+00
0.000000000000000000e+00 0.000000000000000000e+00
0.000000000000000000e+00 0.000000000000000000e+00
3.000000000000000000e+01 1.200000000000000000e+01
3.100000000000000000e+01 1.500000000000000000e+01
0.000000000000000000e+00 0.000000000000000000e+00
4.500000000000000000e+01 1.829355996714230059e+01
8.814925224461276798e+00 0.000000000000000000e+00
0.000000000000000000e+00 0.000000000000000000e+00
7.299441439034570323e+00 0.000000000000000000e+00
2.656282693083240432e+01 3.700000000000000000e+01
0.000000000000000000e+00 0.000000000000000000e+00
2.026204200697128144e+01 4.244315857483009324e+00
0.000000000000000000e+00 0.000000000000000000e+00
0.000000000000000000e+00 0.000000000000000000e+00
9.276337102311817517e+00 0.000000000000000000e+00
0.000000000000000000e+00 0.000000000000000000e+00
2.255008337941526619e+01 4.784006507512131634e+00
1.237695163463329706e+01 0.000000000000000000e+00
5.000000000000000000e+01 1.808704883042981493e+01
0.000000000000000000e+00 0.000000000000000000e+00
3.000000000000000000e+01 6.000000000000000000e+00
0.000000000000000000e+00 0.000000000000000000e+00
3.899633882918840300e+01 3.581760594007768361e+01
3.100000000000000000e+01 2.100000000000000000e+01
0.000000000000000000e+00 0.000000000000000000e+00
2.000000000000000000e+01 1.000000000000000000e+00
3.500000000000000000e+01 1.000000000000000000e+00
0.000000000000000000e+00 0.000000000000000000e+00
0.000000000000000000e+00 0.000000000000000000e+00
0.000000000000000000e+00 0.000000000000000000e+00
1.368992753273426644e+01 4.733217680244322878e+00
3.484975854242234306e+01 3.825826786883144592e+01
3.403893894128005826e+01 3.200000000000000000e+01
3.000000000000000000e+01 1.800000000000000000e+01
1.800000000000000000e+01 1.000000000000000000e+01
0.000000000000000000e+00 0.000000000000000000e+00
0.000000000000000000e+00 0.000000000000000000e+00
0.000000000000000000e+00 0.000000000000000000e+00
7.586590596818549415e+00 0.000000000000000000e+00
0.000000000000000000e+00 0.000000000000000000e+00
0.000000000000000000e+00 0.000000000000000000e+00
0.000000000000000000e+00 0.000000000000000000e+00
3.650108166892270845e+01 2.892020483995217717e+01
1.700000000000000000e+01 1.500000000000000000e+01
4.442487070665585946e+01 2.961917267051864400e+01
0.000000000000000000e+00 0.000000000000000000e+00
0.000000000000000000e+00 0.000000000000000000e+00
0.000000000000000000e+00 0.000000000000000000e+00
4.400000000000000000e+01 2.078772188801215748e+01
3.102737813394682576e-01 0.000000000000000000e+00
7.001505762374218733e+00 0.000000000000000000e+00
1.700000000000000000e+01 1.500000000000000000e+01
0.000000000000000000e+00 0.000000000000000000e+00
3.644603539357646582e+00 0.000000000000000000e+00
4.100000000000000000e+01 1.600000000000000000e+01
4.100000000000000000e+01 4.000000000000000000e+00
5.000000000000000000e+00 3.000000000000000000e+00
7.280345039650853778e+00 0.000000000000000000e+00
0.000000000000000000e+00 0.000000000000000000e+00
3.700000000000000000e+01 7.000000000000000000e+00
2.000000000000000000e+01 7.000000000000000000e+00
3.300000000000000000e+01 0.000000000000000000e+00
9.000000000000000000e+00 0.000000000000000000e+00
3.500000000000000000e+01 8.000000000000000000e+00
0.000000000000000000e+00 0.000000000000000000e+00
1.744158833688309329e+01 1.638300351218589412e+00
4.519730471423882534e+01 2.652727307109683608e+01
4.600000000000000000e+01 5.579870424166330167e+00
2.121255542853009146e+01 3.464461845779055693e+00
0.000000000000000000e+00 0.000000000000000000e+00
4.400000000000000000e+01 1.610444955797892419e+01
1.087592911156942677e+00 0.000000000000000000e+00
0.000000000000000000e+00 0.000000000000000000e+00
0.000000000000000000e+00 0.000000000000000000e+00
2.750150226979455326e+01 2.900000000000000000e+01
3.600000000000000000e+01 2.300000000000000000e+01
3.700000000000000000e+01 6.000000000000000000e+00
0.000000000000000000e+00 0.000000000000000000e+00
1.566373294975896258e+01 0.000000000000000000e+00
2.212867692555474974e+01 6.509679995540025743e+00
8.556391456568903209e+00 0.000000000000000000e+00
0.000000000000000000e+00 0.000000000000000000e+00
4.300000000000000000e+01 5.715953129360052287e+00
3.175542326395198600e+01 2.800000000000000000e+01
2.629685348652985866e+01 9.211047446133150629e+00
0.000000000000000000e+00 0.000000000000000000e+00
1.600000000000000000e+01 7.000000000000000000e+00
0.000000000000000000e+00 0.000000000000000000e+00
1.808429582430401794e+01 0.000000000000000000e+00
0.000000000000000000e+00 0.000000000000000000e+00
0.000000000000000000e+00 0.000000000000000000e+00
0.000000000000000000e+00 0.000000000000000000e+00
6.153014922867107828e+00 0.000000000000000000e+00
3.300000000000000000e+01 8.000000000000000000e+00
1.785632352045312388e+01 4.313626750548465338e+00
0.000000000000000000e+00 0.000000000000000000e+00
3.865495672301142349e+01 2.900000000000000000e+01
6.213720812532297799e+00 0.000000000000000000e+00
1.672793319883196972e+01 1.003942245444520154e+00
3.600000000000000000e+01 3.000000000000000000e+00
0.000000000000000000e+00 0.000000000000000000e+00
8.930560444833758993e+00 0.000000000000000000e+00
2.337455102433298748e+01 3.734275252616612306e+00
1.500000000000000000e+01 1.300000000000000000e+01
3.900000000000000000e+01 4.000000000000000000e+00
3.200000000000000000e+01 4.000000000000000000e+00
0.000000000000000000e+00 0.000000000000000000e+00
0.000000000000000000e+00 0.000000000000000000e+00
4.700000000000000000e+01 0.000000000000000000e+00
0.000000000000000000e+00 0.000000000000000000e+00
2.448135021868296235e-01 0.000000000000000000e+00
0.000000000000000000e+00 0.000000000000000000e+00
0.000000000000000000e+00 0.000000000000000000e+00
0.000000000000000000e+00 0.000000000000000000e+00
1.663741761842855027e+01 6.195303346460775629e+00
2.100000000000000000e+01 2.000000000000000000e+00
0.000000000000000000e+00 0.000000000000000000e+00
0.000000000000000000e+00 0.000000000000000000e+00
1.400000000000000000e+01 1.300000000000000000e+01
0.000000000000000000e+00 0.000000000000000000e+00
6.798361012018702354e+00 0.000000000000000000e+00
4.500000000000000000e+01 0.000000000000000000e+00
1.400000000000000000e+01 4.000000000000000000e+00
3.100000000000000000e+01 2.000000000000000000e+01
3.800000000000000000e+01 2.100000000000000000e+01
1.023300633304412344e+01 0.000000000000000000e+00
0.000000000000000000e+00 0.000000000000000000e+00
0.000000000000000000e+00 0.000000000000000000e+00
2.000000000000000000e+01 1.400000000000000000e+01
4.800000000000000000e+01 3.232765688895781864e+00
0.000000000000000000e+00 0.000000000000000000e+00
2.100000000000000000e+01 1.400000000000000000e+01
3.379550924204284001e+01 3.310729866067154603e+01
2.067198764938225963e+00 0.000000000000000000e+00
6.527167129435511583e+00 0.000000000000000000e+00
7.063724391116519286e+00 0.000000000000000000e+00
0.000000000000000000e+00 0.000000000000000000e+00
4.600000000000000000e+01 4.405487816428419023e+00
1.933373217273235412e+00 0.000000000000000000e+00
1.500000000000000000e+01 7.000000000000000000e+00
4.000000000000000000e+00 3.000000000000000000e+00
3.800000000000000000e+01 2.900000000000000000e+01
0.000000000000000000e+00 0.000000000000000000e+00
3.500000000000000000e+01 2.900000000000000000e+01
3.800000000000000000e+01 1.600000000000000000e+01
0.000000000000000000e+00 0.000000000000000000e+00
0.000000000000000000e+00 0.000000000000000000e+00
1.700000000000000000e+01 0.000000000000000000e+00
1.550122608729197538e+01 3.165610890563641533e-02
0.000000000000000000e+00 0.000000000000000000e+00
0.000000000000000000e+00 0.000000000000000000e+00
0.000000000000000000e+00 0.000000000000000000e+00
1.091815632668993175e+00 0.000000000000000000e+00
4.500000000000000000e+01 1.939712254112631484e+01
3.700000000000000000e+01 1.800000000000000000e+01
3.600000000000000000e+01 2.200000000000000000e+01
4.000000000000000000e+01 1.700000000000000000e+01
1.563495426041414404e+01 5.309828773749188713e+00
4.600000000000000000e+01 7.576989103677988169e+00
4.121215008861481266e+01 3.430007839014887594e+01
0.000000000000000000e+00 0.000000000000000000e+00
1.300000000000000000e+01 2.000000000000000000e+00
0.000000000000000000e+00 0.000000000000000000e+00
8.427501114935108006e+00 0.000000000000000000e+00
2.200000000000000000e+01 6.000000000000000000e+00
1.300000000000000000e+01 1.000000000000000000e+01
4.533730601778233904e+01 2.567217441626334562e+01
1.300000000000000000e+01 1.000000000000000000e+01
3.500000000000000000e+01 1.700000000000000000e+01
3.800000000000000000e+01 1.400000000000000000e+01
0.000000000000000000e+00 0.000000000000000000e+00
2.395399083062396528e+01 7.297042184746864280e+00
6.000000000000000000e+00 2.000000000000000000e+00
2.700000000000000000e+01 2.000000000000000000e+00
3.100000000000000000e+01 2.600000000000000000e+01
4.300000000000000000e+01 1.300000000000000000e+01
3.793409671497680336e+01 3.300000000000000000e+01
2.912543417561364123e+01 3.922811835184529627e+01
0.000000000000000000e+00 0.000000000000000000e+00
0.000000000000000000e+00 0.000000000000000000e+00
0.000000000000000000e+00 0.000000000000000000e+00
2.396308020759245849e+01 4.182538054874029854e+00
0.000000000000000000e+00 0.000000000000000000e+00
0.000000000000000000e+00 0.000000000000000000e+00
3.941619604279843259e+01 2.800000000000000000e+01
0.000000000000000000e+00 0.000000000000000000e+00
4.200000000000000000e+01 2.100000000000000000e+01
0.000000000000000000e+00 0.000000000000000000e+00
3.200000000000000000e+01 9.000000000000000000e+00
0.000000000000000000e+00 0.000000000000000000e+00
2.400000000000000000e+01 1.900000000000000000e+01
2.800000000000000000e+01 2.700000000000000000e+01
0.000000000000000000e+00 0.000000000000000000e+00
3.300000000000000000e+01 2.000000000000000000e+00
1.996796545948593860e+01 3.537986271231289948e+00
0.000000000000000000e+00 0.000000000000000000e+00
0.000000000000000000e+00 0.000000000000000000e+00
4.200000000000000000e+01 2.027442628857286877e+01
0.000000000000000000e+00 0.000000000000000000e+00
0.000000000000000000e+00 0.000000000000000000e+00
3.071334964644991672e+01 3.000000000000000000e+01
0.000000000000000000e+00 0.000000000000000000e+00
3.500000000000000000e+01 2.500000000000000000e+01
3.700000000000000000e+01 1.200000000000000000e+01
0.000000000000000000e+00 0.000000000000000000e+00
2.422411357210695115e+01 5.090064116620176549e+00
3.723355452772310059e+00 0.000000000000000000e+00
1.052800005027302177e+01 0.000000000000000000e+00
1.200000000000000000e+01 1.000000000000000000e+01
3.300990531756458068e+01 3.200000000000000000e+01
2.400000000000000000e+01 1.800000000000000000e+01
2.100000000000000000e+01 0.000000000000000000e+00
9.881942629607991080e+00 1.035497933151219740e+00
4.100000000000000000e+01 1.052944225858567506e+01
2.800000000000000000e+01 1.500000000000000000e+01
3.900000000000000000e+01 4.000000000000000000e+00
4.200000000000000000e+01 1.300000000000000000e+01
1.800000000000000000e+01 6.000000000000000000e+00
4.500000000000000000e+01 0.000000000000000000e+00
2.600000000000000000e+01 2.300000000000000000e+01
2.300000000000000000e+01 6.000000000000000000e+00
1.500000000000000000e+01 0.000000000000000000e+00
2.489485553705183207e+00 0.000000000000000000e+00
4.300000000000000000e+01 4.679486727108347566e+00
0.000000000000000000e+00 0.000000000000000000e+00
4.100000000000000000e+01 2.200000000000000000e+01
3.700000000000000000e+01 1.300000000000000000e+01
4.200000000000000000e+01 7.959295021919515989e+00
0.000000000000000000e+00 0.000000000000000000e+00
0.000000000000000000e+00 0.000000000000000000e+00
3.600000000000000000e+01 1.100000000000000000e+01
0.000000000000000000e+00 0.000000000000000000e+00
4.300000000000000000e+01 1.600000000000000000e+01
0.000000000000000000e+00 0.000000000000000000e+00
4.700000000000000000e+01 1.789588305001306878e+01
0.000000000000000000e+00 0.000000000000000000e+00
1.988924893785843295e+01 2.908942510813609772e+00
3.000000000000000000e+01 3.000000000000000000e+00
1.679997679087870921e+01 0.000000000000000000e+00
1.931891909117940287e+00 0.000000000000000000e+00
0.000000000000000000e+00 0.000000000000000000e+00
1.822878990576696268e+01 6.643140800810094504e+00
0.000000000000000000e+00 0.000000000000000000e+00
3.900000000000000000e+01 1.400000000000000000e+01
3.923253340676701839e+01 2.400000000000000000e+01
0.000000000000000000e+00 0.000000000000000000e+00
0.000000000000000000e+00 0.000000000000000000e+00
9.000000000000000000e+00 9.000000000000000000e+00
2.796560482316988328e+01 3.200000000000000000e+01
3.732691549635447359e+01 3.459625101036909456e+01
3.100000000000000000e+01 0.000000000000000000e+00
3.015683051997606157e+01 4.042880970740961288e+01
1.900000000000000000e+01 1.700000000000000000e+01
4.539633094466528718e+01 2.876071754448484796e+01
0.000000000000000000e+00 0.000000000000000000e+00
0.000000000000000000e+00 0.000000000000000000e+00
3.200000000000000000e+01 6.000000000000000000e+00
0.000000000000000000e+00 0.000000000000000000e+00
0.000000000000000000e+00 0.000000000000000000e+00
1.998222240281056727e+01 7.378286030083714309e+00
4.700000000000000000e+01 4.767739790838604108e+00
0.000000000000000000e+00 0.000000000000000000e+00
0.000000000000000000e+00 0.000000000000000000e+00
0.000000000000000000e+00 0.000000000000000000e+00
3.893044490664078694e+01 3.719935492171079972e+01
0.000000000000000000e+00 0.000000000000000000e+00
1.092317979026357477e+01 5.269528451828620064e-02
2.600000000000000000e+01 1.800000000000000000e+01
1.400000000000000000e+01 0.000000000000000000e+00
0.000000000000000000e+00 0.000000000000000000e+00
5.002552521773765193e+00 0.000000000000000000e+00
0.000000000000000000e+00 0.000000000000000000e+00
0.000000000000000000e+00 0.000000000000000000e+00
4.800000000000000000e+01 4.617923606637994283e+00
4.725632642326568345e+01 2.125005225652879659e+01
7.000000000000000000e+00 7.000000000000000000e+00
2.462152833610817737e+01 4.288415034915574608e+01
0.000000000000000000e+00 0.000000000000000000e+00
3.000000000000000000e+01 1.000000000000000000e+01
1.500000000000000000e+01 1.000000000000000000e+00
5.000000000000000000e+01 1.131080067948462187e+01
0.000000000000000000e+00 0.000000000000000000e+00
5.000000000000000000e+01 0.000000000000000000e+00
4.008322587513819713e+01 2.837146208875454079e+01
2.125082758423353724e+01 9.137870112955624791e+00
2.300000000000000000e+01 1.300000000000000000e+01
4.000000000000000000e+01 1.200000000000000000e+01
3.038371985521632723e+01 3.000000000000000000e+01
4.600000000000000000e+01 0.000000000000000000e+00
1.406786213779143324e+01 0.000000000000000000e+00
4.600000000000000000e+01 6.720408168382185465e+00
4.800000000000000000e+01 0.000000000000000000e+00
4.100000000000000000e+01 1.800000000000000000e+01
0.000000000000000000e+00 0.000000000000000000e+00
2.883664509426487399e+01 3.951823277878985863e+01
3.900000000000000000e+01 1.800000000000000000e+01
8.018727819846311888e+00 0.000000000000000000e+00
1.500000000000000000e+01 9.000000000000000000e+00
0.000000000000000000e+00 0.000000000000000000e+00
2.737962472424603888e+01 4.345482413067896488e+01
3.153290172835404448e+01 3.300000000000000000e+01
0.000000000000000000e+00 0.000000000000000000e+00
3.800000000000000000e+01 2.300000000000000000e+01
4.800000000000000000e+01 0.000000000000000000e+00
0.000000000000000000e+00 0.000000000000000000e+00
0.000000000000000000e+00 0.000000000000000000e+00
0.000000000000000000e+00 0.000000000000000000e+00
2.300000000000000000e+01 3.000000000000000000e+00
3.000000000000000000e+01 2.000000000000000000e+01
2.600000000000000000e+01 0.000000000000000000e+00
4.500000000000000000e+01 0.000000000000000000e+00
1.404059609819432808e+01 0.000000000000000000e+00
0.000000000000000000e+00 0.000000000000000000e+00
0.000000000000000000e+00 0.000000000000000000e+00
2.600000000000000000e+01 1.800000000000000000e+01
1.200699849561927834e+01 0.000000000000000000e+00
1.700000000000000000e+01 8.000000000000000000e+00
4.400000000000000000e+01 1.351372865964834347e+01
7.582495986940788413e+00 0.000000000000000000e+00
1.937147271788246883e+01 5.873888132818386509e+00
3.100000000000000000e+01 4.000000000000000000e+00
3.062797638198954076e+01 4.496776466044681086e+01
0.000000000000000000e+00 0.000000000000000000e+00
3.198182566934178794e+01 2.600000000000000000e+01
0.000000000000000000e+00 0.000000000000000000e+00
0.000000000000000000e+00 0.000000000000000000e+00
1.934887013092303576e+01 5.077677524520261443e+00
2.500000000000000000e+01 2.000000000000000000e+00
2.628616933331218775e+01 2.800000000000000000e+01
1.000000000000000000e+01 7.000000000000000000e+00
4.300000000000000000e+01 2.700000000000000000e+01
0.000000000000000000e+00 0.000000000000000000e+00
0.000000000000000000e+00 0.000000000000000000e+00
2.281613067838604536e+01 8.259720047573964052e-01
0.000000000000000000e+00 0.000000000000000000e+00
3.500000000000000000e+01 1.900000000000000000e+01
4.700000000000000000e+01 5.817646045509377473e+00
3.148189914522399135e+01 4.142269085247415461e+01
4.900000000000000000e+01 1.813627864601559736e+01
4.100000000000000000e+01 2.372196442820543183e+01
0.000000000000000000e+00 0.000000000000000000e+00
0.000000000000000000e+00 0.000000000000000000e+00
2.400815643163866397e+01 8.631497887598150953e+00
0.000000000000000000e+00 0.000000000000000000e+00
0.000000000000000000e+00 0.000000000000000000e+00
0.000000000000000000e+00 0.000000000000000000e+00
4.600000000000000000e+01 2.429574713373770578e+01
6.317445415807156905e-01 0.000000000000000000e+00
2.400000000000000000e+01 7.000000000000000000e+00
6.132549052901406839e+00 0.000000000000000000e+00
0.000000000000000000e+00 0.000000000000000000e+00
3.105574161480852879e+01 2.900000000000000000e+01
3.591233634567309707e+00 0.000000000000000000e+00
2.400000000000000000e+01 2.100000000000000000e+01
4.182010935478911051e+01 2.630807534004718917e+01
1.732248035015199150e+01 0.000000000000000000e+00
1.161379616125312353e+01 0.000000000000000000e+00
0.000000000000000000e+00 0.000000000000000000e+00
3.923172612473096876e+01 3.016750681207075502e+01
3.435029673618875279e+01 2.900000000000000000e+01
1.500000000000000000e+01 1.000000000000000000e+00
2.100000000000000000e+01 0.000000000000000000e+00
0.000000000000000000e+00 0.000000000000000000e+00
0.000000000000000000e+00 0.000000000000000000e+00
0.000000000000000000e+00 0.000000000000000000e+00
2.435274147080163232e+01 6.808551771914977735e+00
0.000000000000000000e+00 0.000000000000000000e+00
6.040485069014501107e+00 0.000000000000000000e+00
3.900000000000000000e+01 2.200000000000000000e+01
0.000000000000000000e+00 0.000000000000000000e+00
0.000000000000000000e+00 0.000000000000000000e+00
0.000000000000000000e+00 0.000000000000000000e+00
4.600000000000000000e+01 5.185485490299676314e+00
3.100000000000000000e+01 1.000000000000000000e+01
4.600000000000000000e+01 5.000000000000000000e+00
4.900000000000000000e+01 1.093993964520650053e+01
0.000000000000000000e+00 0.000000000000000000e+00
3.900000000000000000e+01 1.500000000000000000e+01
4.200000000000000000e+01 1.000000000000000000e+00
1.332733419034133959e+01 0.000000000000000000e+00
4.600000000000000000e+01 1.226689254501258830e+01
2.631607208928953057e+01 3.400000000000000000e+01
4.100000000000000000e+01 1.622645321211342662e+01
1.000000000000000000e+01 7.000000000000000000e+00
3.437170693651923159e+01 3.600000000000000000e+01
4.200000000000000000e+01 1.645314230429536906e+01
1.232141282545499905e+01 3.081285843952855430e+00
4.100000000000000000e+01 9.883377337831674936e+00
0.000000000000000000e+00 0.000000000000000000e+00
0.000000000000000000e+00 0.000000000000000000e+00
1.226321143174331496e-01 0.000000000000000000e+00
0.000000000000000000e+00 0.000000000000000000e+00
3.510807490531838937e+01 3.200000000000000000e+01
0.000000000000000000e+00 0.000000000000000000e+00
0.000000000000000000e+00 0.000000000000000000e+00
2.700000000000000000e+01 1.700000000000000000e+01
4.700000000000000000e+01 1.043453022232110072e+01
1.277219373690063620e+01 0.000000000000000000e+00
1.100000000000000000e+01 9.000000000000000000e+00
3.700000000000000000e+01 1.600000000000000000e+01
3.200000000000000000e+01 1.800000000000000000e+01
3.800000000000000000e+01 1.000000000000000000e+00
0.000000000000000000e+00 0.000000000000000000e+00
1.460687216427867696e+01 0.000000000000000000e+00
0.000000000000000000e+00 0.000000000000000000e+00
0.000000000000000000e+00 0.000000000000000000e+00
4.900000000000000000e+01 3.961219972959142410e+00
4.000000000000000000e+01 2.300000000000000000e+01
4.500000000000000000e+01 2.105266251787235632e+01
3.651759961857949577e+01 3.309468394069023134e+01
0.000000000000000000e+00 0.000000000000000000e+00
2.000000000000000000e+01 1.300000000000000000e+01
0.000000000000000000e+00 0.000000000000000000e+00
0.000000000000000000e+00 0.000000000000000000e+00
2.900000000000000000e+01 7.000000000000000000e+00
0.000000000000000000e+00 0.000000000000000000e+00
0.000000000000000000e+00 0.000000000000000000e+00
0.000000000000000000e+00 0.000000000000000000e+00
0.000000000000000000e+00 0.000000000000000000e+00
0.000000000000000000e+00 0.000000000000000000e+00
0.000000000000000000e+00 0.000000000000000000e+00
3.600000000000000000e+01 1.200000000000000000e+01
5.000000000000000000e+01 2.125258039558269729e+01
3.100000000000000000e+01 1.500000000000000000e+01
3.226178476730967759e+01 3.200000000000000000e+01
0.000000000000000000e+00 0.000000000000000000e+00
6.622736165195160396e+00 0.000000000000000000e+00
4.000000000000000000e+01 1.200000000000000000e+01
2.900000000000000000e+01 4.000000000000000000e+00
3.000000000000000000e+01 8.000000000000000000e+00
0.000000000000000000e+00 0.000000000000000000e+00
0.000000000000000000e+00 0.000000000000000000e+00
0.000000000000000000e+00 0.000000000000000000e+00
3.364334359330613466e+01 3.600000000000000000e+01
1.537712961988606963e+00 0.000000000000000000e+00
4.900000000000000000e+01 1.822222727771718809e+01
1.200000000000000000e+01 1.100000000000000000e+01
4.800000000000000000e+01 2.411519762804445577e+00
1.274990883683529219e+01 8.845514497366480100e-02
0.000000000000000000e+00 0.000000000000000000e+00
0.000000000000000000e+00 0.000000000000000000e+00
3.800000000000000000e+01 8.000000000000000000e+00
0.000000000000000000e+00 0.000000000000000000e+00
1.599891507630864851e+01 2.154439083257472021e+00
4.500000000000000000e+01 1.326994359206800311e+00
1.800000000000000000e+01 1.000000000000000000e+00
4.200000000000000000e+01 6.681852042283949800e+00
5.000000000000000000e+01 7.412145215226559003e+00
3.400000000000000000e+01 1.000000000000000000e+00
3.713860998701228766e+01 2.600000000000000000e+01
2.540070013650914760e+01 5.511868577448531425e+00
0.000000000000000000e+00 0.000000000000000000e+00
2.307420935026598841e+00 0.000000000000000000e+00
4.400000000000000000e+01 4.000000000000000000e+00
0.000000000000000000e+00 0.000000000000000000e+00
3.400000000000000000e+01 3.000000000000000000e+00
0.000000000000000000e+00 0.000000000000000000e+00
4.500000000000000000e+01 2.365777966782953712e+01
4.300000000000000000e+01 2.070460355303071509e+01
4.200000000000000000e+01 1.200000000000000000e+01
4.300000000000000000e+01 8.056546938048725792e+00
4.700000000000000000e+01 0.000000000000000000e+00
3.900000000000000000e+01 1.700000000000000000e+01
0.000000000000000000e+00 0.000000000000000000e+00
2.300000000000000000e+01 1.600000000000000000e+01
1.079765305961385735e+01 9.271696710941625952e-01
1.051090390325335377e+01 1.058725552095843625e+00
2.921175727518300747e+01 3.200000000000000000e+01
3.735055800693127992e+01 3.426603801706784225e+01
0.000000000000000000e+00 0.000000000000000000e+00
1.000000000000000000e+01 8.000000000000000000e+00
6.819337783652102303e+00 0.000000000000000000e+00
4.000000000000000000e+01 6.000000000000000000e+00
0.000000000000000000e+00 0.000000000000000000e+00
0.000000000000000000e+00 0.000000000000000000e+00
0.000000000000000000e+00 0.000000000000000000e+00
1.477494224301450032e+01 2.155455146747733863e+00
4.900000000000000000e+01 2.570146968673913790e+01
4.600000000000000000e+01 2.562850029345356972e+01
1.409784289055317430e+01 0.000000000000000000e+00
3.225503120427301695e+00 0.000000000000000000e+00
2.000000000000000000e+01 5.000000000000000000e+00
1.200000000000000000e+01 6.000000000000000000e+00
4.600000000000000000e+01 1.915587985419450234e+01
7.000000000000000000e+00 6.000000000000000000e+00
4.600000000000000000e+01 1.133365642298841180e+01
4.700000000000000000e+01 2.594089344706561917e+01
1.900000000000000000e+01 9.000000000000000000e+00
1.572564156622212650e+01 1.332888974546342808e+00
2.417412233989932702e+01 9.146062442141627002e+00
0.000000000000000000e+00 0.000000000000000000e+00
1.403274342465743985e+01 1.601157469548510903e-01
2.555107475922510574e+01 3.500000000000000000e+01
3.600000000000000000e+01 2.600000000000000000e+01
0.000000000000000000e+00 0.000000000000000000e+00
2.100000000000000000e+01 1.300000000000000000e+01
1.731315303775183523e+01 6.231268958385918211e+00
3.700000000000000000e+01 3.000000000000000000e+00
2.200000000000000000e+01 1.600000000000000000e+01
3.900000000000000000e+01 1.100000000000000000e+01
1.100000000000000000e+01 6.000000000000000000e+00
3.100000000000000000e+01 2.500000000000000000e+01
7.237539145448991462e+00 0.000000000000000000e+00
4.400000000000000000e+01 2.637686306947616544e+01
2.200000000000000000e+01 2.100000000000000000e+01
1.858235804309869366e+01 4.132410975074662929e-01
2.800000000000000000e+01 1.000000000000000000e+01
3.314701321252339739e+00 0.000000000000000000e+00
2.707341002775638472e+01 5.860964232888008496e+00
4.472898626490909635e+00 0.000000000000000000e+00
0.000000000000000000e+00 0.000000000000000000e+00
0.000000000000000000e+00 0.000000000000000000e+00
6.974578049995237450e+00 0.000000000000000000e+00
4.800000000000000000e+01 0.000000000000000000e+00
4.200000000000000000e+01 1.266166527246091533e+01
2.600000000000000000e+01 2.200000000000000000e+01
0.000000000000000000e+00 0.000000000000000000e+00
3.743093605745099239e+01 3.414040164334981853e+01
2.600000000000000000e+01 1.800000000000000000e+01
4.400000000000000000e+01 1.419159244290556643e+01
2.996273853956230937e+01 3.000000000000000000e+01
3.162146955920359659e+00 0.000000000000000000e+00
3.400000000000000000e+01 2.100000000000000000e+01
1.681984794433712693e+01 6.277006087231065123e+00
4.400000000000000000e+01 2.300000000000000000e+01
4.268413153110214608e+01 3.100000000000000000e+01
0.000000000000000000e+00 0.000000000000000000e+00
0.000000000000000000e+00 0.000000000000000000e+00
3.300000000000000000e+01 2.400000000000000000e+01
2.529210148673197267e+01 3.100000000000000000e+01
2.056298954691261827e+01 0.000000000000000000e+00
8.841053894793802215e-01 0.000000000000000000e+00
0.000000000000000000e+00 0.000000000000000000e+00
0.000000000000000000e+00 0.000000000000000000e+00
4.700000000000000000e+01 9.583157882268281469e+00
2.400000000000000000e+01 5.000000000000000000e+00
0.000000000000000000e+00 0.000000000000000000e+00
1.800000000000000000e+01 7.000000000000000000e+00
2.200000000000000000e+01 9.000000000000000000e+00
9.768237541325444084e+00 0.000000000000000000e+00
1.629735297399749072e+01 4.140582167293494820e+00
3.159625866508666903e+01 4.200000000000000000e+01
1.818116081763395897e+01 1.981470674749658656e+00
1.860076332560084467e+01 5.807094944946619819e+00
1.400000000000000000e+01 1.400000000000000000e+01
4.300000000000000000e+01 7.000000000000000000e+00
3.073766942773207944e+00 0.000000000000000000e+00
4.600000000000000000e+01 1.815910597241868629e+01
2.258905919706777254e+01 4.964321584415209543e+00
4.200000000000000000e+01 1.200000000000000000e+01
0.000000000000000000e+00 0.000000000000000000e+00
3.037267445287707091e+01 4.047608049940051700e+01
0.000000000000000000e+00 0.000000000000000000e+00
0.000000000000000000e+00 0.000000000000000000e+00
4.100000000000000000e+01 2.700000000000000000e+01
3.800000000000000000e+01 8.000000000000000000e+00
2.200000000000000000e+01 1.000000000000000000e+00
0.000000000000000000e+00 0.000000000000000000e+00
4.780684723156541338e+01 2.584133717449370238e+01
2.400000000000000000e+01 5.000000000000000000e+00
3.100000000000000000e+01 2.000000000000000000e+01
5.125733083970171577e+00 0.000000000000000000e+00
0.000000000000000000e+00 0.000000000000000000e+00
4.500000000000000000e+01 9.940899857519042371e+00
3.000000000000000000e+00 0.000000000000000000e+00
2.970475355906885540e+01 3.600000000000000000e+01
2.400000000000000000e+01 1.800000000000000000e+01
1.490372854064793628e+01 0.000000000000000000e+00
4.100000000000000000e+01 1.000000000000000000e+01
1.982899847318244468e+01 2.203192002889338141e+00
4.700000000000000000e+01 3.926566186237678835e+00
0.000000000000000000e+00 0.000000000000000000e+00
3.615516487921635758e+01 3.000000000000000000e+01
2.500000000000000000e+01 1.900000000000000000e+01
0.000000000000000000e+00 0.000000000000000000e+00
1.600000000000000000e+01 0.000000000000000000e+00
4.700000000000000000e+01 1.868249185241382548e+01
2.978305828842493952e+00 0.000000000000000000e+00
3.495031036500410693e+01 3.400000000000000000e+01
1.300000000000000000e+01 1.100000000000000000e+01
5.000000000000000000e+01 0.000000000000000000e+00
1.700000000000000000e+01 1.100000000000000000e+01
4.400000000000000000e+01 1.361921134420769874e+01
0.000000000000000000e+00 0.000000000000000000e+00
6.412134037586763924e+00 0.000000000000000000e+00
3.195748692217320297e+01 3.800000000000000000e+01
4.500000000000000000e+01 1.100000000000000000e+01
2.003170921586649911e+01 4.953964990000635282e+00
5.000000000000000000e+01 0.000000000000000000e+00
3.200000000000000000e+01 2.100000000000000000e+01
0.000000000000000000e+00 0.000000000000000000e+00
3.300000000000000000e+01 3.000000000000000000e+00
2.594619701666756484e+01 1.894298057975014160e+00
3.953372274238171258e+01 2.600000000000000000e+01
4.500000000000000000e+01 1.364615861230902283e+01
2.300000000000000000e+01 7.000000000000000000e+00
0.000000000000000000e+00 0.000000000000000000e+00
3.100000000000000000e+01 1.200000000000000000e+01
0.000000000000000000e+00 0.000000000000000000e+00
2.400000000000000000e+01 1.700000000000000000e+01
0.000000000000000000e+00 0.000000000000000000e+00
3.600000000000000000e+01 5.000000000000000000e+00
1.442088557874154020e+01 5.315119609929233491e+00
1.804995036117842488e+01 4.053805063832264466e+00
3.500000000000000000e+01 2.300000000000000000e+01
1.400000000000000000e+01 1.200000000000000000e+01
3.138621184205039683e+01 3.400000000000000000e+01
2.100000000000000000e+01 2.000000000000000000e+00
2.600000000000000000e+01 6.000000000000000000e+00
3.900000000000000000e+01 7.000000000000000000e+00
2.600000000000000000e+01 1.500000000000000000e+01
0.000000000000000000e+00 0.000000000000000000e+00
2.100000000000000000e+01 1.200000000000000000e+01
2.800000000000000000e+01 1.600000000000000000e+01
3.179465269411217321e+00 0.000000000000000000e+00
1.043308986148469586e+01 0.000000000000000000e+00
1.324167983246270097e+01 5.496960792597718637e+00
0.000000000000000000e+00 0.000000000000000000e+00
4.800000000000000000e+01 1.688614231916334063e+01
0.000000000000000000e+00 0.000000000000000000e+00
0.000000000000000000e+00 0.000000000000000000e+00
4.302276355392532281e+00 0.000000000000000000e+00
2.600000000000000000e+01 1.900000000000000000e+01
1.090176967745136949e+00 0.000000000000000000e+00
1.884798722316692476e+01 0.000000000000000000e+00
3.200000000000000000e+01 1.000000000000000000e+01
0.000000000000000000e+00 0.000000000000000000e+00
3.800000000000000000e+01 1.900000000000000000e+01
0.000000000000000000e+00 0.000000000000000000e+00
4.300000000000000000e+01 2.900000000000000000e+01
2.900000000000000000e+01 1.000000000000000000e+01
1.800000000000000000e+01 0.000000000000000000e+00
0.000000000000000000e+00 0.000000000000000000e+00
2.900000000000000000e+01 2.000000000000000000e+00
4.101884630235576878e+01 2.800000000000000000e+01
1.800000000000000000e+01 1.500000000000000000e+01
4.900000000000000000e+01 7.273199278560653624e-01
2.300000000000000000e+01 1.500000000000000000e+01
9.492962627604565995e+00 0.000000000000000000e+00
1.400000000000000000e+01 1.300000000000000000e+01
1.800000000000000000e+01 0.000000000000000000e+00
4.044660707588615622e+00 0.000000000000000000e+00
3.263218103794207536e+01 4.100000000000000000e+01
1.600000000000000000e+01 1.400000000000000000e+01
0.000000000000000000e+00 0.000000000000000000e+00
4.900000000000000000e+01 6.243593667688443816e+00
3.395049085630302699e+01 3.100000000000000000e+01
1.800000000000000000e+01 1.500000000000000000e+01
3.083528231175079526e+01 3.000000000000000000e+01
3.500000000000000000e+01 4.000000000000000000e+00
3.216007382294258576e+01 3.600000000000000000e+01
6.970489802655603029e+00 0.000000000000000000e+00
4.800000000000000000e+01 1.856526318675562948e+00
4.522527696929330432e+00 0.000000000000000000e+00
2.619270269787939753e+00 0.000000000000000000e+00
0.000000000000000000e+00 0.000000000000000000e+00
4.020169671931601840e+01 2.660738268380312377e+01
2.861696350410333167e+01 4.100000000000000000e+01
3.493458580365027188e+01 3.217479056673973048e+01
4.200000000000000000e+01 2.500000000000000000e+01
3.900000000000000000e+01 2.000000000000000000e+00
2.400000000000000000e+01 1.200000000000000000e+01
1.750451371042615278e+00 0.000000000000000000e+00
4.000000000000000000e+01 3.000000000000000000e+00
3.800000000000000000e+01 2.200000000000000000e+01
1.000000000000000000e+01 7.000000000000000000e+00
0.000000000000000000e+00 0.000000000000000000e+00
1.500000000000000000e+01 7.000000000000000000e+00
3.900000000000000000e+01 2.800000000000000000e+01
0.000000000000000000e+00 0.000000000000000000e+00
3.300000000000000000e+01 2.700000000000000000e+01
0.000000000000000000e+00 0.000000000000000000e+00
3.578310819232386564e+01 3.683766431553983978e+01
6.652824735756581731e+00 0.000000000000000000e+00
0.000000000000000000e+00 0.000000000000000000e+00
1.752359404755082650e+01 2.222337494390814072e+00
0.000000000000000000e+00 0.000000000000000000e+00
1.883568638544152307e+01 2.918464332680343887e-01
0.000000000000000000e+00 0.000000000000000000e+00
2.900000000000000000e+01 1.800000000000000000e+01
0.000000000000000000e+00 0.000000000000000000e+00
0.000000000000000000e+00 0.000000000000000000e+00
0.000000000000000000e+00 0.000000000000000000e+00
0.000000000000000000e+00 0.000000000000000000e+00
3.700000000000000000e+01 1.100000000000000000e+01
1.387076610506324670e+01 9.253225939359737140e-01
3.667255540745423303e+01 3.354804350833194349e+01
1.907638926352803566e+01 5.865802245782411717e+00
2.600000000000000000e+01 7.000000000000000000e+00
0.000000000000000000e+00 0.000000000000000000e+00
1.085448042594210349e+01 0.000000000000000000e+00
0.000000000000000000e+00 0.000000000000000000e+00
3.864580496241762830e+01 3.600000000000000000e+01
4.000000000000000000e+01 1.600000000000000000e+01
3.520988140833711810e+00 0.000000000000000000e+00
0.000000000000000000e+00 0.000000000000000000e+00
8.318923140547262562e+00 0.000000000000000000e+00
4.800000000000000000e+01 9.578805266484437198e+00
1.755175713595694020e+01 5.534579630827280994e-01
2.997965679853227172e+01 3.400000000000000000e+01
2.300000000000000000e+01 9.000000000000000000e+00
4.033832820521144669e+00 0.000000000000000000e+00
2.900000000000000000e+01 1.300000000000000000e+01
1.262816659302224309e+00 0.000000000000000000e+00
0.000000000000000000e+00 0.000000000000000000e+00
0.000000000000000000e+00 0.000000000000000000e+00
0.000000000000000000e+00 0.000000000000000000e+00
4.600000000000000000e+01 1.122754836162450687e+01
0.000000000000000000e+00 0.000000000000000000e+00
0.000000000000000000e+00 0.000000000000000000e+00
2.878421819036557139e+00 0.000000000000000000e+00
0.000000000000000000e+00 0.000000000000000000e+00
2.835684869628799731e+01 4.088413193080934604e+01
