0.000000000000000000e+00 0.000000000000000000e+00
0.000000000000000000e+00 0.000000000000000000e+00
4.899970000000000425e+01 3.800999999999999934e-01
1.068319999999999936e+01 1.100000000000000000e+01
0.000000000000000000e+00 0.000000000000000000e+00
2.903139999999999787e+01 1.671950000000000003e+01
4.596359999999999246e+01 5.192600000000000549e+00
3.599520000000000408e+01 3.476399999999999935e+00
1.355010000000000048e+01 3.300000000000000000e+01
1.887250000000000227e+01 2.499500000000000099e+01
0.000000000000000000e+00 0.000000000000000000e+00
2.493960000000000221e+01 1.694219999999999970e+01
0.000000000000000000e+00 0.000000000000000000e+00
4.598239999999999839e+01 4.066699999999999982e+00
2.097059999999999746e+01 5.994600000000000151e+00
3.297549999999999670e+01 1.406550000000000011e+01
4.013060000000000116e+01 1.276199999999999868e+01
0.000000000000000000e+00 0.000000000000000000e+00
1.334749999999999837e+01 3.500000000000000000e+01
0.000000000000000000e+00 0.000000000000000000e+00
0.000000000000000000e+00 0.000000000000000000e+00
0.000000000000000000e+00 0.000000000000000000e+00
0.000000000000000000e+00 0.000000000000000000e+00
2.360499999999999687e+01 3.392520000000000380e+01
0.000000000000000000e+00 0.000000000000000000e+00
2.121410000000000196e+01 2.098110000000000142e+01
0.000000000000000000e+00 0.000000000000000000e+00
2.323509999999999920e+01 2.095799999999999841e+01
1.368319999999999936e+01 1.100000000000000000e+01
2.119549999999999912e+01 2.897390000000000043e+01
2.291359999999999886e+01 7.983999999999999986e+00
1.776099999999999923e+01 1.499849999999999994e+01
1.986680000000000135e+01 8.997300000000000963e+00
0.000000000000000000e+00 0.000000000000000000e+00
0.000000000000000000e+00 0.000000000000000000e+00
3.195379999999999754e+01 6.684299999999999464e+00
0.000000000000000000e+00 0.000000000000000000e+00
3.199440000000000239e+01 3.818000000000000060e+00
2.220710000000000051e+01 2.896230000000000260e+01
9.000000000000000000e+00 0.000000000000000000e+00
0.000000000000000000e+00 0.000000000000000000e+00
0.000000000000000000e+00 0.000000000000000000e+00
2.971069999999999922e+01 1.074590000000000067e+01
0.000000000000000000e+00 0.000000000000000000e+00
0.000000000000000000e+00 0.000000000000000000e+00
0.000000000000000000e+00 0.000000000000000000e+00
0.000000000000000000e+00 0.000000000000000000e+00
0.000000000000000000e+00 0.000000000000000000e+00
1.844759999999999778e+01 1.799820000000000064e+01
9.993600000000000705e+00 4.000000000000000000e+00
2.897179999999999822e+01 5.903399999999999537e+00
2.695799999999999841e+01 3.075819999999999865e+01
4.322499999999999787e+00 4.300000000000000000e+01
0.000000000000000000e+00 0.000000000000000000e+00
0.000000000000000000e+00 0.000000000000000000e+00
0.000000000000000000e+00 0.000000000000000000e+00
4.090650000000000119e+01 7.399699999999999278e+00
3.594079999999999586e+01 1.393919999999999959e+01
0.000000000000000000e+00 0.000000000000000000e+00
0.000000000000000000e+00 0.000000000000000000e+00
0.000000000000000000e+00 0.000000000000000000e+00
0.000000000000000000e+00 0.000000000000000000e+00
8.997299999999999187e+00 3.000000000000000000e+00
0.000000000000000000e+00 0.000000000000000000e+00
4.105599999999999916e+00 4.400000000000000000e+01
0.000000000000000000e+00 0.000000000000000000e+00
0.000000000000000000e+00 0.000000000000000000e+00
1.720980000000000132e+01 3.800000000000000000e+01
1.895240000000000080e+01 6.998599999999999710e+00
0.000000000000000000e+00 0.000000000000000000e+00
0.000000000000000000e+00 0.000000000000000000e+00
4.581400000000000006e+01 7.653999999999999915e+00
2.339999999999999858e+01 1.596480000000000032e+01
1.234749999999999837e+01 3.500000000000000000e+01
0.000000000000000000e+00 0.000000000000000000e+00
3.778040000000000020e+01 9.676800000000000068e+00
4.599970000000000425e+01 1.104899999999999993e+00
0.000000000000000000e+00 0.000000000000000000e+00
4.099500000000000455e+01 3.343499999999999694e+00
2.467640000000000100e+01 3.389119999999999777e+01
0.000000000000000000e+00 0.000000000000000000e+00
0.000000000000000000e+00 0.000000000000000000e+00
0.000000000000000000e+00 0.000000000000000000e+00
0.000000000000000000e+00 0.000000000000000000e+00
3.160099999999999909e+01 2.491059999999999874e+01
4.899889999999999901e+01 1.393700000000000161e+00
0.000000000000000000e+00 0.000000000000000000e+00
0.000000000000000000e+00 0.000000000000000000e+00
2.100000000000000000e+01 0.000000000000000000e+00
0.000000000000000000e+00 0.000000000000000000e+00
0.000000000000000000e+00 0.000000000000000000e+00
3.099960000000000093e+01 1.930199999999999916e+00
0.000000000000000000e+00 0.000000000000000000e+00
3.274040000000000106e+01 1.036529999999999951e+01
2.321580000000000155e+01 2.894200000000000017e+01
0.000000000000000000e+00 0.000000000000000000e+00
1.068319999999999936e+01 1.100000000000000000e+01
2.099360000000000070e+01 3.996399999999999952e+00
0.000000000000000000e+00 0.000000000000000000e+00
2.295239999999999725e+01 6.985999999999999766e+00
0.000000000000000000e+00 0.000000000000000000e+00
0.000000000000000000e+00 0.000000000000000000e+00
4.393880000000000052e+01 6.070800000000000196e+00
4.899889999999999901e+01 1.393700000000000161e+00
2.787080000000000268e+01 2.772560000000000002e+01
0.000000000000000000e+00 0.000000000000000000e+00
0.000000000000000000e+00 0.000000000000000000e+00
2.240350000000000108e+01 3.495450000000000301e+01
4.398110000000000497e+01 4.534200000000000230e+00
2.346020000000000039e+01 1.796039999999999992e+01
3.762299999999999756e+01 1.463760000000000083e+01
3.099990000000000023e+01 9.650999999999999579e-01
3.081700000000000017e+01 9.670999999999999375e+00
2.930600000000000094e+01 1.963000000000000256e+01
0.000000000000000000e+00 0.000000000000000000e+00
0.000000000000000000e+00 0.000000000000000000e+00
4.525900000000000034e+01 1.094859999999999900e+01
0.000000000000000000e+00 0.000000000000000000e+00
4.799929999999999808e+01 1.489599999999999813e+00
1.899990000000000023e+01 9.998000000000000220e-01
0.000000000000000000e+00 0.000000000000000000e+00
2.299990000000000023e+01 9.979999999999999982e-01
0.000000000000000000e+00 0.000000000000000000e+00
2.898800000000000310e+01 4.919500000000000206e+00
2.299360000000000070e+01 3.991999999999999993e+00
0.000000000000000000e+00 0.000000000000000000e+00
1.500000000000000000e+01 0.000000000000000000e+00
3.980000000000000426e+01 1.595880000000000010e+01
9.912800000000000722e+00 8.000000000000000000e+00
0.000000000000000000e+00 0.000000000000000000e+00
0.000000000000000000e+00 0.000000000000000000e+00
0.000000000000000000e+00 0.000000000000000000e+00
0.000000000000000000e+00 0.000000000000000000e+00
0.000000000000000000e+00 0.000000000000000000e+00
0.000000000000000000e+00 0.000000000000000000e+00
0.000000000000000000e+00 0.000000000000000000e+00
2.898800000000000310e+01 4.919500000000000206e+00
2.499960000000000093e+01 1.992799999999999905e+00
0.000000000000000000e+00 0.000000000000000000e+00
4.796959999999999269e+01 4.098300000000000054e+00
0.000000000000000000e+00 0.000000000000000000e+00
3.297599999999999909e+01 5.626199999999999868e+00
4.692399999999999949e+01 5.642999999999999794e+00
0.000000000000000000e+00 0.000000000000000000e+00
0.000000000000000000e+00 0.000000000000000000e+00
0.000000000000000000e+00 0.000000000000000000e+00
1.632529999999999859e+01 1.300000000000000000e+01
4.795999999999999375e+01 4.338000000000000078e+00
9.400000000000000369e-03 4.700000000000000000e+01
1.899990000000000023e+01 9.998000000000000220e-01
3.375689999999999458e+01 1.013979999999999926e+01
3.662299999999999756e+01 1.103439999999999976e+01
0.000000000000000000e+00 0.000000000000000000e+00
3.580309999999999349e+01 9.619500000000000384e+00
0.000000000000000000e+00 0.000000000000000000e+00
2.526660000000000039e+01 2.091600000000000037e+01
0.000000000000000000e+00 0.000000000000000000e+00
0.000000000000000000e+00 0.000000000000000000e+00
3.105599999999999916e+00 4.400000000000000000e+01
3.000000000000000000e+00 0.000000000000000000e+00
0.000000000000000000e+00 0.000000000000000000e+00
3.078079999999999927e+01 2.322480000000000189e+01
0.000000000000000000e+00 0.000000000000000000e+00
3.354250000000000398e+01 2.315500000000000114e+01
2.128000000000000114e+01 2.198019999999999996e+01
0.000000000000000000e+00 0.000000000000000000e+00
4.484359999999999502e+01 7.633000000000000007e+00
3.978779999999999717e+01 1.379589999999999961e+01
4.594149999999999778e+01 5.590499999999999581e+00
0.000000000000000000e+00 0.000000000000000000e+00
1.278799999999999848e+01 1.000000000000000000e+01
0.000000000000000000e+00 0.000000000000000000e+00
0.000000000000000000e+00 0.000000000000000000e+00
0.000000000000000000e+00 0.000000000000000000e+00
1.353899999999999970e+01 3.000000000000000000e+01
0.000000000000000000e+00 0.000000000000000000e+00
0.000000000000000000e+00 0.000000000000000000e+00
0.000000000000000000e+00 0.000000000000000000e+00
0.000000000000000000e+00 0.000000000000000000e+00
0.000000000000000000e+00 0.000000000000000000e+00
0.000000000000000000e+00 0.000000000000000000e+00
0.000000000000000000e+00 0.000000000000000000e+00
2.368540000000000134e+01 1.097579999999999956e+01
3.799990000000000379e+01 7.982000000000000206e-01
0.000000000000000000e+00 0.000000000000000000e+00
4.218560000000000088e+01 1.456799999999999962e+01
0.000000000000000000e+00 0.000000000000000000e+00
4.398720000000000141e+01 4.027999999999999581e+00
0.000000000000000000e+00 0.000000000000000000e+00
0.000000000000000000e+00 0.000000000000000000e+00
3.400000000000000000e+01 0.000000000000000000e+00
4.571399999999999864e+01 8.566800000000000637e+00
2.999990000000000023e+01 9.750999999999999668e-01
0.000000000000000000e+00 0.000000000000000000e+00
0.000000000000000000e+00 0.000000000000000000e+00
0.000000000000000000e+00 0.000000000000000000e+00
2.694610000000000127e+01 3.274259999999999593e+01
3.594559999999999889e+01 6.968799999999999883e+00
3.956499999999999773e+01 1.104750000000000121e+01
0.000000000000000000e+00 0.000000000000000000e+00
0.000000000000000000e+00 0.000000000000000000e+00
0.000000000000000000e+00 0.000000000000000000e+00
0.000000000000000000e+00 0.000000000000000000e+00
8.209800000000001319e+00 3.800000000000000000e+01
1.986680000000000135e+01 8.997300000000000963e+00
0.000000000000000000e+00 0.000000000000000000e+00
0.000000000000000000e+00 0.000000000000000000e+00
0.000000000000000000e+00 0.000000000000000000e+00
3.698499999999999943e+01 5.017200000000000770e+00
0.000000000000000000e+00 0.000000000000000000e+00
1.606000000000000227e+01 2.000000000000000000e+01
2.332789999999999964e+01 1.297400000000000020e+01
4.599960000000000093e+01 1.473999999999999977e+00
0.000000000000000000e+00 0.000000000000000000e+00
2.899960000000000093e+01 1.967600000000000016e+00
0.000000000000000000e+00 0.000000000000000000e+00
6.105599999999999916e+00 4.400000000000000000e+01
3.599790000000000134e+01 2.607000000000000206e+00
5.855999999999999872e+00 4.000000000000000000e+01
0.000000000000000000e+00 0.000000000000000000e+00
0.000000000000000000e+00 0.000000000000000000e+00
3.042399999999999949e+01 1.943400000000000105e+01
0.000000000000000000e+00 0.000000000000000000e+00
0.000000000000000000e+00 0.000000000000000000e+00
0.000000000000000000e+00 0.000000000000000000e+00
0.000000000000000000e+00 0.000000000000000000e+00
2.199360000000000070e+01 3.995200000000000085e+00
2.200000000000000000e+01 0.000000000000000000e+00
2.476699999999999946e+01 1.495199999999999996e+01
0.000000000000000000e+00 0.000000000000000000e+00
2.097059999999999746e+01 5.994600000000000151e+00
2.262599999999999767e+01 2.596100000000000207e+01
4.280349999999999966e+01 8.587500000000000355e+00
0.000000000000000000e+00 0.000000000000000000e+00
0.000000000000000000e+00 0.000000000000000000e+00
1.599990000000000023e+01 1.000000000000000000e+00
4.575639999999999930e+01 8.124900000000000233e+00
0.000000000000000000e+00 0.000000000000000000e+00
4.499799999999999756e+01 2.200000000000000178e+00
3.299960000000000093e+01 1.874000000000000110e+00
0.000000000000000000e+00 0.000000000000000000e+00
0.000000000000000000e+00 0.000000000000000000e+00
0.000000000000000000e+00 0.000000000000000000e+00
0.000000000000000000e+00 0.000000000000000000e+00
1.100000000000000000e+01 0.000000000000000000e+00
0.000000000000000000e+00 0.000000000000000000e+00
1.764959999999999951e+01 2.799719999999999942e+01
0.000000000000000000e+00 0.000000000000000000e+00
4.997300000000000075e+00 3.000000000000000000e+00
0.000000000000000000e+00 0.000000000000000000e+00
2.100000000000000000e+01 0.000000000000000000e+00
0.000000000000000000e+00 0.000000000000000000e+00
2.899799999999999756e+01 1.869219999999999970e+01
1.449959999999999916e+01 3.400000000000000000e+01
3.099990000000000023e+01 9.650999999999999579e-01
1.649960000000000093e+01 3.400000000000000000e+01
1.223960000000000115e+01 3.600000000000000000e+01
0.000000000000000000e+00 0.000000000000000000e+00
0.000000000000000000e+00 0.000000000000000000e+00
0.000000000000000000e+00 0.000000000000000000e+00
0.000000000000000000e+00 0.000000000000000000e+00
4.684360000000000213e+01 6.955199999999999605e+00
0.000000000000000000e+00 0.000000000000000000e+00
0.000000000000000000e+00 0.000000000000000000e+00
0.000000000000000000e+00 0.000000000000000000e+00
0.000000000000000000e+00 0.000000000000000000e+00
4.496520000000000294e+01 5.311199999999999477e+00
0.000000000000000000e+00 0.000000000000000000e+00
0.000000000000000000e+00 0.000000000000000000e+00
0.000000000000000000e+00 0.000000000000000000e+00
4.299980000000000047e+01 1.122800000000000020e+00
3.064250000000000185e+01 2.035319999999999752e+01
0.000000000000000000e+00 0.000000000000000000e+00
0.000000000000000000e+00 0.000000000000000000e+00
8.912799999999998946e+00 8.000000000000000000e+00
0.000000000000000000e+00 0.000000000000000000e+00
2.262599999999999767e+01 2.596100000000000207e+01
0.000000000000000000e+00 0.000000000000000000e+00
0.000000000000000000e+00 0.000000000000000000e+00
0.000000000000000000e+00 0.000000000000000000e+00
0.000000000000000000e+00 0.000000000000000000e+00
1.452360000000000007e+01 1.200000000000000000e+01
4.075919999999999987e+01 9.518599999999999284e+00
0.000000000000000000e+00 0.000000000000000000e+00
2.709420000000000073e+01 1.388940000000000019e+01
2.930600000000000094e+01 1.963000000000000256e+01
0.000000000000000000e+00 0.000000000000000000e+00
0.000000000000000000e+00 0.000000000000000000e+00
0.000000000000000000e+00 0.000000000000000000e+00
2.956440000000000268e+01 1.174680000000000035e+01
2.985399999999999920e+01 1.463400000000000034e+01
0.000000000000000000e+00 0.000000000000000000e+00
4.460309999999999775e+01 9.739799999999998903e+00
0.000000000000000000e+00 0.000000000000000000e+00
0.000000000000000000e+00 0.000000000000000000e+00
0.000000000000000000e+00 0.000000000000000000e+00
7.193800000000000416e+00 3.700000000000000000e+01
0.000000000000000000e+00 0.000000000000000000e+00
0.000000000000000000e+00 0.000000000000000000e+00
0.000000000000000000e+00 0.000000000000000000e+00
0.000000000000000000e+00 0.000000000000000000e+00
0.000000000000000000e+00 0.000000000000000000e+00
0.000000000000000000e+00 0.000000000000000000e+00
0.000000000000000000e+00 0.000000000000000000e+00
0.000000000000000000e+00 0.000000000000000000e+00
4.999769999999999470e+01 8.993000000000000993e-01
0.000000000000000000e+00 0.000000000000000000e+00
2.997179999999999822e+01 5.851799999999999891e+00
0.000000000000000000e+00 0.000000000000000000e+00
1.220980000000000132e+01 3.800000000000000000e+01
2.630859999999999843e+01 2.087399999999999878e+01
0.000000000000000000e+00 0.000000000000000000e+00
1.999990000000000023e+01 9.993999999999999551e-01
3.499989999999999668e+01 8.941000000000000059e-01
0.000000000000000000e+00 0.000000000000000000e+00
0.000000000000000000e+00 0.000000000000000000e+00
0.000000000000000000e+00 0.000000000000000000e+00
0.000000000000000000e+00 0.000000000000000000e+00
5.322500000000000675e+00 4.300000000000000000e+01
1.960640000000000072e+01 3.199360000000000070e+01
2.750520000000000209e+01 1.784700000000000131e+01
1.778800000000000026e+01 9.999000000000000554e+00
0.000000000000000000e+00 0.000000000000000000e+00
0.000000000000000000e+00 0.000000000000000000e+00
0.000000000000000000e+00 0.000000000000000000e+00
0.000000000000000000e+00 0.000000000000000000e+00
0.000000000000000000e+00 0.000000000000000000e+00
0.000000000000000000e+00 0.000000000000000000e+00
0.000000000000000000e+00 0.000000000000000000e+00
2.470189999999999841e+01 3.289439999999999742e+01
1.576100000000000101e+01 1.500000000000000000e+01
2.694880000000000209e+01 3.175039999999999907e+01
0.000000000000000000e+00 0.000000000000000000e+00
0.000000000000000000e+00 0.000000000000000000e+00
0.000000000000000000e+00 0.000000000000000000e+00
3.950719999999999743e+01 1.921920000000000073e+01
0.000000000000000000e+00 0.000000000000000000e+00
0.000000000000000000e+00 0.000000000000000000e+00
1.576100000000000101e+01 1.500000000000000000e+01
0.000000000000000000e+00 0.000000000000000000e+00
0.000000000000000000e+00 0.000000000000000000e+00
4.053439999999999799e+01 1.105279999999999951e+01
4.099680000000000035e+01 2.674399999999999888e+00
4.997300000000000075e+00 3.000000000000000000e+00
0.000000000000000000e+00 0.000000000000000000e+00
0.000000000000000000e+00 0.000000000000000000e+00
3.696709999999999496e+01 5.856200000000000294e+00
1.995240000000000080e+01 6.996500000000000163e+00
3.300000000000000000e+01 0.000000000000000000e+00
9.000000000000000000e+00 0.000000000000000000e+00
3.494319999999999737e+01 7.163999999999999702e+00
0.000000000000000000e+00 0.000000000000000000e+00
0.000000000000000000e+00 0.000000000000000000e+00
2.805409999999999826e+01 3.068690000000000140e+01
4.598600000000000421e+01 3.695999999999999730e+00
0.000000000000000000e+00 0.000000000000000000e+00
0.000000000000000000e+00 0.000000000000000000e+00
4.376879999999999882e+01 8.748199999999998866e+00
0.000000000000000000e+00 0.000000000000000000e+00
0.000000000000000000e+00 0.000000000000000000e+00
0.000000000000000000e+00 0.000000000000000000e+00
1.917520000000000024e+01 2.899419999999999931e+01
2.963590000000000302e+01 2.249629999999999797e+01
3.698499999999999943e+01 5.017200000000000770e+00
0.000000000000000000e+00 0.000000000000000000e+00
0.000000000000000000e+00 0.000000000000000000e+00
0.000000000000000000e+00 0.000000000000000000e+00
0.000000000000000000e+00 0.000000000000000000e+00
0.000000000000000000e+00 0.000000000000000000e+00
4.299340000000000117e+01 3.370800000000000018e+00
2.067760000000000176e+01 2.797759999999999891e+01
0.000000000000000000e+00 0.000000000000000000e+00
0.000000000000000000e+00 0.000000000000000000e+00
1.595239999999999903e+01 7.000000000000000000e+00
0.000000000000000000e+00 0.000000000000000000e+00
0.000000000000000000e+00 0.000000000000000000e+00
0.000000000000000000e+00 0.000000000000000000e+00
0.000000000000000000e+00 0.000000000000000000e+00
0.000000000000000000e+00 0.000000000000000000e+00
0.000000000000000000e+00 0.000000000000000000e+00
3.293039999999999878e+01 7.508799999999999919e+00
0.000000000000000000e+00 0.000000000000000000e+00
0.000000000000000000e+00 0.000000000000000000e+00
2.423029999999999973e+01 2.892169999999999774e+01
0.000000000000000000e+00 0.000000000000000000e+00
0.000000000000000000e+00 0.000000000000000000e+00
3.599790000000000134e+01 2.607000000000000206e+00
0.000000000000000000e+00 0.000000000000000000e+00
0.000000000000000000e+00 0.000000000000000000e+00
0.000000000000000000e+00 0.000000000000000000e+00
1.432530000000000037e+01 1.300000000000000000e+01
3.899640000000000128e+01 3.043200000000000127e+00
3.199440000000000239e+01 3.818000000000000060e+00
0.000000000000000000e+00 0.000000000000000000e+00
0.000000000000000000e+00 0.000000000000000000e+00
4.699990000000000379e+01 2.912000000000000144e-01
0.000000000000000000e+00 0.000000000000000000e+00
0.000000000000000000e+00 0.000000000000000000e+00
0.000000000000000000e+00 0.000000000000000000e+00
0.000000000000000000e+00 0.000000000000000000e+00
0.000000000000000000e+00 0.000000000000000000e+00
0.000000000000000000e+00 0.000000000000000000e+00
2.099959999999999738e+01 1.998199999999999976e+00
0.000000000000000000e+00 0.000000000000000000e+00
0.000000000000000000e+00 0.000000000000000000e+00
1.332530000000000037e+01 1.300000000000000000e+01
0.000000000000000000e+00 0.000000000000000000e+00
0.000000000000000000e+00 0.000000000000000000e+00
4.499969999999999715e+01 1.319400000000000128e+00
1.399359999999999893e+01 4.000000000000000000e+00
2.717200000000000060e+01 1.983599999999999852e+01
3.450560000000000116e+01 1.899660000000000082e+01
0.000000000000000000e+00 0.000000000000000000e+00
0.000000000000000000e+00 0.000000000000000000e+00
0.000000000000000000e+00 0.000000000000000000e+00
1.905499999999999972e+01 1.399719999999999942e+01
4.799949999999999761e+01 1.063499999999999890e+00
0.000000000000000000e+00 0.000000000000000000e+00
2.005639999999999645e+01 1.399160000000000004e+01
1.323959999999999937e+01 3.600000000000000000e+01
0.000000000000000000e+00 0.000000000000000000e+00
0.000000000000000000e+00 0.000000000000000000e+00
0.000000000000000000e+00 0.000000000000000000e+00
0.000000000000000000e+00 0.000000000000000000e+00
4.599279999999999546e+01 2.952799999999999869e+00
0.000000000000000000e+00 0.000000000000000000e+00
1.495239999999999903e+01 7.000000000000000000e+00
3.997300000000000075e+00 3.000000000000000000e+00
2.321580000000000155e+01 2.894200000000000017e+01
0.000000000000000000e+00 0.000000000000000000e+00
2.018969999999999843e+01 2.898259999999999792e+01
3.708960000000000434e+01 1.331680000000000064e+01
0.000000000000000000e+00 0.000000000000000000e+00
0.000000000000000000e+00 0.000000000000000000e+00
1.700000000000000000e+01 0.000000000000000000e+00
0.000000000000000000e+00 0.000000000000000000e+00
0.000000000000000000e+00 0.000000000000000000e+00
0.000000000000000000e+00 0.000000000000000000e+00
0.000000000000000000e+00 0.000000000000000000e+00
0.000000000000000000e+00 0.000000000000000000e+00
4.460309999999999775e+01 9.739799999999998903e+00
3.518560000000000088e+01 1.601279999999999859e+01
3.076620000000000132e+01 2.129159999999999897e+01
3.916359999999999530e+01 1.281120000000000125e+01
0.000000000000000000e+00 0.000000000000000000e+00
4.596359999999999246e+01 5.192600000000000549e+00
1.420979999999999954e+01 3.800000000000000000e+01
0.000000000000000000e+00 0.000000000000000000e+00
1.299960000000000093e+01 2.000000000000000000e+00
0.000000000000000000e+00 0.000000000000000000e+00
0.000000000000000000e+00 0.000000000000000000e+00
2.197059999999999746e+01 5.992799999999999905e+00
1.278799999999999848e+01 1.000000000000000000e+01
4.895500000000000540e+01 3.932999999999999829e+00
1.278799999999999848e+01 1.000000000000000000e+01
3.333400000000000318e+01 1.583040000000000092e+01
3.755479999999999308e+01 1.141699999999999982e+01
0.000000000000000000e+00 0.000000000000000000e+00
0.000000000000000000e+00 0.000000000000000000e+00
5.999600000000000044e+00 2.000000000000000000e+00
2.699960000000000093e+01 1.984399999999999942e+00
2.059739999999999682e+01 2.598179999999999978e+01
4.289080000000000581e+01 7.393099999999999561e+00
1.555010000000000048e+01 3.300000000000000000e+01
2.053999999999999826e+00 4.500000000000000000e+01
0.000000000000000000e+00 0.000000000000000000e+00
0.000000000000000000e+00 0.000000000000000000e+00
0.000000000000000000e+00 0.000000000000000000e+00
0.000000000000000000e+00 0.000000000000000000e+00
0.000000000000000000e+00 0.000000000000000000e+00
0.000000000000000000e+00 0.000000000000000000e+00
2.913400000000000034e+01 2.751280000000000214e+01
0.000000000000000000e+00 0.000000000000000000e+00
4.037879999999999825e+01 1.467899999999999849e+01
0.000000000000000000e+00 0.000000000000000000e+00
3.188210000000000122e+01 8.600400000000000489e+00
0.000000000000000000e+00 0.000000000000000000e+00
2.084980000000000189e+01 1.898290000000000077e+01
1.612270000000000181e+01 2.700000000000000000e+01
0.000000000000000000e+00 0.000000000000000000e+00
3.299960000000000093e+01 1.874000000000000110e+00
0.000000000000000000e+00 0.000000000000000000e+00
0.000000000000000000e+00 0.000000000000000000e+00
0.000000000000000000e+00 0.000000000000000000e+00
4.037879999999999825e+01 1.467899999999999849e+01
0.000000000000000000e+00 0.000000000000000000e+00
0.000000000000000000e+00 0.000000000000000000e+00
1.854200000000000159e+01 2.999699999999999989e+01
0.000000000000000000e+00 0.000000000000000000e+00
2.598249999999999815e+01 2.487000000000000099e+01
3.673479999999999990e+01 1.013759999999999906e+01
0.000000000000000000e+00 0.000000000000000000e+00
0.000000000000000000e+00 0.000000000000000000e+00
0.000000000000000000e+00 0.000000000000000000e+00
0.000000000000000000e+00 0.000000000000000000e+00
1.178800000000000026e+01 1.000000000000000000e+01
1.860640000000000072e+01 3.199680000000000035e+01
2.145299999999999940e+01 1.798019999999999996e+01
2.100000000000000000e+01 0.000000000000000000e+00
0.000000000000000000e+00 0.000000000000000000e+00
4.082189999999999941e+01 8.799699999999999633e+00
2.678650000000000020e+01 1.489199999999999946e+01
3.899640000000000128e+01 3.043200000000000127e+00
4.184919999999999618e+01 8.132800000000001361e+00
1.797060000000000102e+01 5.999399999999999622e+00
4.499969999999999715e+01 1.319400000000000128e+00
1.925870000000000104e+01 2.299540000000000006e+01
2.297060000000000102e+01 5.987999999999999545e+00
1.500000000000000000e+01 0.000000000000000000e+00
0.000000000000000000e+00 0.000000000000000000e+00
4.299549999999999983e+01 2.808499999999999996e+00
0.000000000000000000e+00 0.000000000000000000e+00
3.813559999999999661e+01 1.743499999999999872e+01
3.662299999999999756e+01 1.103439999999999976e+01
4.192519999999999669e+01 6.840900000000000425e+00
0.000000000000000000e+00 0.000000000000000000e+00
0.000000000000000000e+00 0.000000000000000000e+00
3.580309999999999349e+01 9.619500000000000384e+00
0.000000000000000000e+00 0.000000000000000000e+00
4.274559999999999604e+01 9.199999999999999289e+00
0.000000000000000000e+00 0.000000000000000000e+00
4.692399999999999949e+01 5.642999999999999794e+00
0.000000000000000000e+00 0.000000000000000000e+00
0.000000000000000000e+00 0.000000000000000000e+00
2.999729999999999919e+01 2.925599999999999756e+00
0.000000000000000000e+00 0.000000000000000000e+00
0.000000000000000000e+00 0.000000000000000000e+00
0.000000000000000000e+00 0.000000000000000000e+00
0.000000000000000000e+00 0.000000000000000000e+00
0.000000000000000000e+00 0.000000000000000000e+00
3.861919999999999931e+01 1.084440000000000026e+01
3.770880000000000365e+01 1.944000000000000128e+01
0.000000000000000000e+00 0.000000000000000000e+00
0.000000000000000000e+00 0.000000000000000000e+00
8.866799999999999571e+00 9.000000000000000000e+00
1.160319999999999929e+01 3.200000000000000000e+01
7.861000000000000654e+00 4.200000000000000000e+01
3.100000000000000000e+01 0.000000000000000000e+00
1.000000000000000000e+00 4.900000000000000000e+01
1.693110000000000070e+01 1.700000000000000000e+01
1.920490000000000208e+01 3.699260000000000304e+01
0.000000000000000000e+00 0.000000000000000000e+00
0.000000000000000000e+00 0.000000000000000000e+00
3.197480000000000189e+01 5.728200000000000180e+00
0.000000000000000000e+00 0.000000000000000000e+00
0.000000000000000000e+00 0.000000000000000000e+00
0.000000000000000000e+00 0.000000000000000000e+00
4.699949999999999761e+01 1.455999999999999961e+00
0.000000000000000000e+00 0.000000000000000000e+00
0.000000000000000000e+00 0.000000000000000000e+00
0.000000000000000000e+00 0.000000000000000000e+00
1.020979999999999954e+01 3.800000000000000000e+01
0.000000000000000000e+00 0.000000000000000000e+00
0.000000000000000000e+00 0.000000000000000000e+00
2.346020000000000039e+01 1.796039999999999992e+01
1.400000000000000000e+01 0.000000000000000000e+00
0.000000000000000000e+00 0.000000000000000000e+00
0.000000000000000000e+00 0.000000000000000000e+00
0.000000000000000000e+00 0.000000000000000000e+00
0.000000000000000000e+00 0.000000000000000000e+00
4.799820000000000420e+01 1.916100000000000136e+00
4.896880000000000166e+01 3.372200000000000308e+00
6.952399999999999913e+00 7.000000000000000000e+00
2.036799999999999944e+00 4.600000000000000000e+01
0.000000000000000000e+00 0.000000000000000000e+00
2.980999999999999872e+01 9.762999999999999901e+00
1.499990000000000023e+01 1.000000000000000000e+00
4.999839999999999662e+01 6.239999999999999991e-01
0.000000000000000000e+00 0.000000000000000000e+00
4.999949999999999761e+01 1.935000000000000053e-01
2.054040000000000177e+01 3.397619999999999862e+01
0.000000000000000000e+00 0.000000000000000000e+00
2.232660000000000267e+01 1.298310000000000031e+01
3.984040000000000248e+01 8.666399999999999437e+00
1.854200000000000159e+01 2.999699999999999989e+01
4.599980000000000047e+01 7.366000000000000325e-01
0.000000000000000000e+00 0.000000000000000000e+00
4.599099999999999966e+01 3.322799999999999976e+00
4.799980000000000047e+01 4.254000000000000004e-01
4.013060000000000116e+01 1.276199999999999868e+01
0.000000000000000000e+00 0.000000000000000000e+00
4.054000000000000270e+00 4.500000000000000000e+01
3.762299999999999756e+01 1.463760000000000083e+01
0.000000000000000000e+00 0.000000000000000000e+00
1.486679999999999957e+01 9.000000000000000000e+00
0.000000000000000000e+00 0.000000000000000000e+00
1.036799999999999944e+00 4.600000000000000000e+01
1.355010000000000048e+01 3.300000000000000000e+01
0.000000000000000000e+00 0.000000000000000000e+00
3.207750000000000057e+01 2.191900000000000048e+01
4.799980000000000047e+01 4.254000000000000004e-01
0.000000000000000000e+00 0.000000000000000000e+00
0.000000000000000000e+00 0.000000000000000000e+00
0.000000000000000000e+00 0.000000000000000000e+00
2.299729999999999919e+01 2.993999999999999773e+00
2.614199999999999946e+01 1.989000000000000057e+01
2.600000000000000000e+01 0.000000000000000000e+00
4.500000000000000000e+01 0.000000000000000000e+00
0.000000000000000000e+00 0.000000000000000000e+00
0.000000000000000000e+00 0.000000000000000000e+00
0.000000000000000000e+00 0.000000000000000000e+00
2.346020000000000039e+01 1.796039999999999992e+01
0.000000000000000000e+00 0.000000000000000000e+00
1.691279999999999717e+01 8.000000000000000000e+00
4.390200000000000102e+01 7.109200000000000408e+00
0.000000000000000000e+00 0.000000000000000000e+00
0.000000000000000000e+00 0.000000000000000000e+00
3.099400000000000333e+01 3.860399999999999832e+00
3.679999999999999938e-02 4.600000000000000000e+01
0.000000000000000000e+00 0.000000000000000000e+00
2.569879999999999853e+01 2.588039999999999807e+01
0.000000000000000000e+00 0.000000000000000000e+00
0.000000000000000000e+00 0.000000000000000000e+00
0.000000000000000000e+00 0.000000000000000000e+00
2.499960000000000093e+01 1.992799999999999905e+00
1.564680000000000071e+01 2.800000000000000000e+01
9.952400000000000801e+00 7.000000000000000000e+00
3.268869999999999720e+01 2.545829999999999771e+01
0.000000000000000000e+00 0.000000000000000000e+00
0.000000000000000000e+00 0.000000000000000000e+00
0.000000000000000000e+00 0.000000000000000000e+00
0.000000000000000000e+00 0.000000000000000000e+00
3.227540000000000475e+01 1.805760000000000076e+01
4.698900000000000432e+01 3.211999999999999744e+00
1.055999999999999855e-01 4.400000000000000000e+01
4.898109999999999786e+01 2.694300000000000139e+00
3.531199999999999761e+01 2.127120000000000033e+01
0.000000000000000000e+00 0.000000000000000000e+00
0.000000000000000000e+00 0.000000000000000000e+00
0.000000000000000000e+00 0.000000000000000000e+00
0.000000000000000000e+00 0.000000000000000000e+00
0.000000000000000000e+00 0.000000000000000000e+00
0.000000000000000000e+00 0.000000000000000000e+00
4.492540000000000333e+01 1.200689999999999991e+01
0.000000000000000000e+00 0.000000000000000000e+00
2.395240000000000080e+01 6.981799999999999784e+00
0.000000000000000000e+00 0.000000000000000000e+00
0.000000000000000000e+00 0.000000000000000000e+00
1.717229999999999990e+01 2.900000000000000000e+01
0.000000000000000000e+00 0.000000000000000000e+00
1.920360000000000156e+01 2.099579999999999913e+01
2.470189999999999841e+01 3.289439999999999742e+01
0.000000000000000000e+00 0.000000000000000000e+00
0.000000000000000000e+00 0.000000000000000000e+00
0.000000000000000000e+00 0.000000000000000000e+00
2.278129999999999811e+01 3.094109999999999872e+01
2.119549999999999912e+01 2.897390000000000043e+01
1.499990000000000023e+01 1.000000000000000000e+00
2.100000000000000000e+01 0.000000000000000000e+00
0.000000000000000000e+00 0.000000000000000000e+00
0.000000000000000000e+00 0.000000000000000000e+00
0.000000000000000000e+00 0.000000000000000000e+00
0.000000000000000000e+00 0.000000000000000000e+00
0.000000000000000000e+00 0.000000000000000000e+00
0.000000000000000000e+00 0.000000000000000000e+00
3.487500000000000000e+01 1.972299999999999898e+01
0.000000000000000000e+00 0.000000000000000000e+00
0.000000000000000000e+00 0.000000000000000000e+00
0.000000000000000000e+00 0.000000000000000000e+00
4.599509999999999366e+01 2.582300000000000040e+00
3.081700000000000017e+01 9.670999999999999375e+00
4.599900000000000233e+01 1.843500000000000139e+00
4.899280000000000257e+01 2.296799999999999731e+00
0.000000000000000000e+00 0.000000000000000000e+00
3.845999999999999375e+01 1.171799999999999997e+01
4.199990000000000379e+01 6.188000000000000167e-01
0.000000000000000000e+00 0.000000000000000000e+00
4.592159999999999798e+01 5.991999999999999993e+00
9.499599999999999156e+00 3.400000000000000000e+01
4.033530000000000371e+01 1.191359999999999886e+01
9.952400000000000801e+00 7.000000000000000000e+00
1.123960000000000115e+01 3.600000000000000000e+01
4.151890000000000214e+01 1.093100000000000094e+01
0.000000000000000000e+00 0.000000000000000000e+00
4.086319999999999908e+01 8.101200000000000401e+00
0.000000000000000000e+00 0.000000000000000000e+00
0.000000000000000000e+00 0.000000000000000000e+00
0.000000000000000000e+00 0.000000000000000000e+00
0.000000000000000000e+00 0.000000000000000000e+00
2.167040000000000077e+01 3.196160000000000068e+01
0.000000000000000000e+00 0.000000000000000000e+00
0.000000000000000000e+00 0.000000000000000000e+00
2.493960000000000221e+01 1.694219999999999970e+01
4.696320000000000050e+01 4.715200000000000280e+00
0.000000000000000000e+00 0.000000000000000000e+00
1.086679999999999957e+01 9.000000000000000000e+00
3.594079999999999586e+01 1.393919999999999959e+01
2.960060000000000002e+01 1.761479999999999890e+01
3.799990000000000379e+01 7.982000000000000206e-01
0.000000000000000000e+00 0.000000000000000000e+00
0.000000000000000000e+00 0.000000000000000000e+00
0.000000000000000000e+00 0.000000000000000000e+00
0.000000000000000000e+00 0.000000000000000000e+00
4.899889999999999901e+01 1.393700000000000161e+00
3.510330000000000439e+01 2.050679999999999836e+01
4.432840000000000202e+01 1.107220000000000049e+01
2.054040000000000177e+01 3.397619999999999862e+01
0.000000000000000000e+00 0.000000000000000000e+00
1.932529999999999859e+01 1.299740000000000073e+01
0.000000000000000000e+00 0.000000000000000000e+00
0.000000000000000000e+00 0.000000000000000000e+00
2.895239999999999725e+01 6.887999999999999901e+00
0.000000000000000000e+00 0.000000000000000000e+00
0.000000000000000000e+00 0.000000000000000000e+00
0.000000000000000000e+00 0.000000000000000000e+00
0.000000000000000000e+00 0.000000000000000000e+00
0.000000000000000000e+00 0.000000000000000000e+00
0.000000000000000000e+00 0.000000000000000000e+00
3.570720000000000027e+01 1.052280000000000015e+01
4.999739999999999895e+01 1.016600000000000170e+00
2.985399999999999920e+01 1.463400000000000034e+01
1.560319999999999929e+01 3.200000000000000000e+01
0.000000000000000000e+00 0.000000000000000000e+00
0.000000000000000000e+00 0.000000000000000000e+00
3.984040000000000248e+01 8.666399999999999437e+00
2.899400000000000333e+01 3.935599999999999987e+00
2.992159999999999798e+01 7.803200000000000358e+00
0.000000000000000000e+00 0.000000000000000000e+00
0.000000000000000000e+00 0.000000000000000000e+00
0.000000000000000000e+00 0.000000000000000000e+00
1.123960000000000115e+01 3.600000000000000000e+01
0.000000000000000000e+00 0.000000000000000000e+00
4.896760000000000446e+01 3.504599999999999937e+00
1.168319999999999936e+01 1.100000000000000000e+01
4.799600000000000222e+01 2.129999999999999893e+00
0.000000000000000000e+00 0.000000000000000000e+00
0.000000000000000000e+00 0.000000000000000000e+00
0.000000000000000000e+00 0.000000000000000000e+00
3.795120000000000005e+01 6.402400000000000091e+00
0.000000000000000000e+00 0.000000000000000000e+00
0.000000000000000000e+00 0.000000000000000000e+00
4.499960000000000093e+01 1.759600000000000053e+00
1.799990000000000023e+01 9.999000000000000110e-01
4.198599999999999710e+01 4.334399999999999586e+00
4.999839999999999662e+01 6.239999999999999991e-01
3.399990000000000379e+01 9.160000000000000364e-01
2.782100000000000151e+01 2.574779999999999802e+01
0.000000000000000000e+00 0.000000000000000000e+00
0.000000000000000000e+00 0.000000000000000000e+00
0.000000000000000000e+00 0.000000000000000000e+00
4.399920000000000186e+01 2.009599999999999831e+00
0.000000000000000000e+00 0.000000000000000000e+00
3.399730000000000274e+01 2.748000000000000220e+00
0.000000000000000000e+00 0.000000000000000000e+00
3.128010000000000446e+01 2.789509999999999934e+01
4.088859999999999673e+01 1.550200000000000067e+01
4.189679999999999893e+01 7.478399999999999714e+00
4.297750000000000625e+01 5.070599999999999774e+00
4.700000000000000000e+01 0.000000000000000000e+00
3.796470000000000056e+01 1.359489999999999910e+01
0.000000000000000000e+00 0.000000000000000000e+00
2.139679999999999893e+01 1.598399999999999999e+01
0.000000000000000000e+00 0.000000000000000000e+00
0.000000000000000000e+00 0.000000000000000000e+00
1.260319999999999929e+01 3.200000000000000000e+01
1.823960000000000292e+01 3.599640000000000128e+01
0.000000000000000000e+00 0.000000000000000000e+00
9.912800000000000722e+00 8.000000000000000000e+00
0.000000000000000000e+00 0.000000000000000000e+00
3.998859999999999815e+01 4.291800000000000281e+00
0.000000000000000000e+00 0.000000000000000000e+00
0.000000000000000000e+00 0.000000000000000000e+00
0.000000000000000000e+00 0.000000000000000000e+00
0.000000000000000000e+00 0.000000000000000000e+00
4.895940000000000225e+01 3.787399999999999878e+00
4.436480000000000246e+01 1.343440000000000012e+01
0.000000000000000000e+00 0.000000000000000000e+00
0.000000000000000000e+00 0.000000000000000000e+00
1.998750000000000426e+01 4.996999999999999886e+00
1.197060000000000102e+01 6.000000000000000000e+00
4.557999999999999829e+01 9.554400000000001114e+00
6.970600000000000129e+00 6.000000000000000000e+00
4.597599999999999909e+01 4.441200000000000259e+00
4.649249999999999972e+01 9.541000000000000369e+00
1.886679999999999779e+01 8.998200000000000642e+00
0.000000000000000000e+00 0.000000000000000000e+00
0.000000000000000000e+00 0.000000000000000000e+00
0.000000000000000000e+00 0.000000000000000000e+00
0.000000000000000000e+00 0.000000000000000000e+00
9.347500000000000142e+00 3.500000000000000000e+01
2.569879999999999853e+01 2.588039999999999807e+01
0.000000000000000000e+00 0.000000000000000000e+00
2.032660000000000267e+01 1.299089999999999989e+01
0.000000000000000000e+00 0.000000000000000000e+00
3.699790000000000134e+01 2.506800000000000139e+00
2.039679999999999893e+01 1.598879999999999946e+01
3.886360000000000525e+01 8.415000000000000924e+00
1.097059999999999924e+01 6.000000000000000000e+00
2.189750000000000085e+01 2.496999999999999886e+01
0.000000000000000000e+00 0.000000000000000000e+00
3.197959999999999781e+01 2.673160000000000025e+01
1.719940000000000069e+01 2.100000000000000000e+01
0.000000000000000000e+00 0.000000000000000000e+00
2.779600000000000293e+01 9.905000000000001137e+00
0.000000000000000000e+00 0.000000000000000000e+00
0.000000000000000000e+00 0.000000000000000000e+00
0.000000000000000000e+00 0.000000000000000000e+00
0.000000000000000000e+00 0.000000000000000000e+00
0.000000000000000000e+00 0.000000000000000000e+00
0.000000000000000000e+00 0.000000000000000000e+00
4.799939999999999429e+01 1.276200000000000001e+00
4.180819999999999936e+01 8.796199999999998909e+00
2.027560000000000073e+01 2.198679999999999879e+01
0.000000000000000000e+00 0.000000000000000000e+00
1.510280000000000022e+01 3.900000000000000000e+01
2.346020000000000039e+01 1.796039999999999992e+01
4.376879999999999882e+01 8.748199999999998866e+00
1.653899999999999793e+01 3.000000000000000000e+01
0.000000000000000000e+00 0.000000000000000000e+00
2.946400000000000219e+01 2.056739999999999924e+01
0.000000000000000000e+00 0.000000000000000000e+00
4.269590000000000174e+01 1.329399999999999871e+01
2.695799999999999841e+01 3.075819999999999865e+01
0.000000000000000000e+00 0.000000000000000000e+00
0.000000000000000000e+00 0.000000000000000000e+00
2.517839999999999989e+01 2.390639999999999787e+01
1.871000000000000085e+01 3.099690000000000012e+01
0.000000000000000000e+00 0.000000000000000000e+00
0.000000000000000000e+00 0.000000000000000000e+00
0.000000000000000000e+00 0.000000000000000000e+00
0.000000000000000000e+00 0.000000000000000000e+00
4.698560000000000514e+01 3.508799999999999919e+00
2.398799999999999955e+01 4.987000000000000099e+00
0.000000000000000000e+00 0.000000000000000000e+00
1.795240000000000080e+01 6.999299999999999855e+00
2.186679999999999779e+01 8.989200000000000301e+00
0.000000000000000000e+00 0.000000000000000000e+00
0.000000000000000000e+00 0.000000000000000000e+00
3.861000000000000210e+00 4.200000000000000000e+01
0.000000000000000000e+00 0.000000000000000000e+00
0.000000000000000000e+00 0.000000000000000000e+00
1.305499999999999972e+01 1.400000000000000000e+01
4.298950000000000671e+01 3.932599999999999874e+00
0.000000000000000000e+00 0.000000000000000000e+00
4.575639999999999930e+01 8.124900000000000233e+00
0.000000000000000000e+00 0.000000000000000000e+00
4.189679999999999893e+01 7.478399999999999714e+00
0.000000000000000000e+00 0.000000000000000000e+00
3.105599999999999916e+00 4.400000000000000000e+01
0.000000000000000000e+00 0.000000000000000000e+00
0.000000000000000000e+00 0.000000000000000000e+00
2.977880000000000038e+01 2.636550000000000082e+01
3.795120000000000005e+01 6.402400000000000091e+00
2.199990000000000023e+01 9.988000000000000211e-01
0.000000000000000000e+00 0.000000000000000000e+00
2.694610000000000127e+01 3.274259999999999593e+01
2.398799999999999955e+01 4.987000000000000099e+00
2.717200000000000060e+01 1.983599999999999852e+01
0.000000000000000000e+00 0.000000000000000000e+00
0.000000000000000000e+00 0.000000000000000000e+00
4.492019999999999413e+01 6.230000000000000426e+00
3.000000000000000000e+00 0.000000000000000000e+00
1.223960000000000115e+01 3.600000000000000000e+01
2.145299999999999940e+01 1.798019999999999996e+01
0.000000000000000000e+00 0.000000000000000000e+00
4.093399999999999750e+01 6.717999999999999972e+00
0.000000000000000000e+00 0.000000000000000000e+00
4.699680000000000035e+01 2.331999999999999851e+00
0.000000000000000000e+00 0.000000000000000000e+00
2.056899999999999906e+01 2.997899999999999920e+01
2.185170000000000101e+01 1.897719999999999985e+01
0.000000000000000000e+00 0.000000000000000000e+00
1.600000000000000000e+01 0.000000000000000000e+00
4.690200000000000102e+01 5.966000000000000192e+00
0.000000000000000000e+00 0.000000000000000000e+00
1.750639999999999930e+01 3.399660000000000082e+01
1.268319999999999936e+01 1.100000000000000000e+01
5.000000000000000000e+01 3.869999999999999829e-02
1.668319999999999936e+01 1.100000000000000000e+01
4.386050000000000182e+01 7.657499999999998863e+00
0.000000000000000000e+00 0.000000000000000000e+00
0.000000000000000000e+00 0.000000000000000000e+00
1.120980000000000132e+01 3.800000000000000000e+01
4.497360000000000468e+01 4.860899999999999999e+00
0.000000000000000000e+00 0.000000000000000000e+00
4.999939999999999429e+01 2.321999999999999897e-01
2.733169999999999789e+01 2.082779999999999987e+01
0.000000000000000000e+00 0.000000000000000000e+00
3.299730000000000274e+01 2.810999999999999943e+00
0.000000000000000000e+00 0.000000000000000000e+00
3.160099999999999909e+01 2.491059999999999874e+01
4.484359999999999502e+01 7.633000000000000007e+00
2.295239999999999725e+01 6.985999999999999766e+00
0.000000000000000000e+00 0.000000000000000000e+00
3.058119999999999905e+01 1.164239999999999853e+01
0.000000000000000000e+00 0.000000000000000000e+00
2.193619999999999948e+01 1.697960000000000136e+01
0.000000000000000000e+00 0.000000000000000000e+00
3.598999999999999488e+01 4.346999999999999531e+00
0.000000000000000000e+00 0.000000000000000000e+00
0.000000000000000000e+00 0.000000000000000000e+00
2.846110000000000184e+01 2.271250000000000213e+01
1.352360000000000007e+01 1.200000000000000000e+01
1.349959999999999916e+01 3.400000000000000000e+01
2.099959999999999738e+01 1.998199999999999976e+00
2.597059999999999746e+01 5.968799999999999883e+00
3.897830000000000439e+01 5.330499999999999794e+00
2.476699999999999946e+01 1.495199999999999996e+01
0.000000000000000000e+00 0.000000000000000000e+00
2.052359999999999829e+01 1.199160000000000004e+01
2.641600000000000037e+01 1.590399999999999991e+01
0.000000000000000000e+00 0.000000000000000000e+00
0.000000000000000000e+00 0.000000000000000000e+00
0.000000000000000000e+00 0.000000000000000000e+00
0.000000000000000000e+00 0.000000000000000000e+00
4.794250000000000256e+01 5.034699999999999953e+00
0.000000000000000000e+00 0.000000000000000000e+00
0.000000000000000000e+00 0.000000000000000000e+00
0.000000000000000000e+00 0.000000000000000000e+00
2.285739999999999839e+01 1.896389999999999887e+01
0.000000000000000000e+00 0.000000000000000000e+00
0.000000000000000000e+00 0.000000000000000000e+00
3.182500000000000284e+01 9.563000000000000611e+00
0.000000000000000000e+00 0.000000000000000000e+00
3.586820000000000164e+01 1.658510000000000062e+01
0.000000000000000000e+00 0.000000000000000000e+00
2.856670000000000087e+01 2.861720000000000041e+01
2.880300000000000082e+01 9.852000000000000313e+00
1.800000000000000000e+01 0.000000000000000000e+00
0.000000000000000000e+00 0.000000000000000000e+00
2.899960000000000093e+01 1.967600000000000016e+00
2.913400000000000034e+01 2.751280000000000214e+01
1.676100000000000279e+01 1.500000000000000000e+01
4.899929999999999808e+01 8.869000000000000217e-01
2.176249999999999929e+01 1.498200000000000109e+01
0.000000000000000000e+00 0.000000000000000000e+00
1.332530000000000037e+01 1.300000000000000000e+01
1.800000000000000000e+01 0.000000000000000000e+00
0.000000000000000000e+00 0.000000000000000000e+00
3.767100000000000115e+00 4.100000000000000000e+01
1.505499999999999972e+01 1.400000000000000000e+01
0.000000000000000000e+00 0.000000000000000000e+00
4.899889999999999901e+01 1.393700000000000161e+00
1.670689999999999742e+01 3.100000000000000000e+01
1.676100000000000279e+01 1.500000000000000000e+01
1.553899999999999970e+01 3.000000000000000000e+01
3.499519999999999698e+01 3.577199999999999935e+00
9.239599999999999369e+00 3.600000000000000000e+01
0.000000000000000000e+00 0.000000000000000000e+00
4.799929999999999808e+01 1.489599999999999813e+00
0.000000000000000000e+00 0.000000000000000000e+00
0.000000000000000000e+00 0.000000000000000000e+00
0.000000000000000000e+00 0.000000000000000000e+00
3.128010000000000446e+01 2.789509999999999934e+01
4.767099999999999227e+00 4.100000000000000000e+01
1.185599999999999987e+01 4.000000000000000000e+01
3.538750000000000284e+01 2.212500000000000000e+01
3.899980000000000047e+01 1.521400000000000086e+00
2.352480000000000260e+01 1.197360000000000113e+01
0.000000000000000000e+00 0.000000000000000000e+00
3.999880000000000280e+01 2.144699999999999829e+00
3.332280000000000086e+01 2.049299999999999855e+01
9.952400000000000801e+00 7.000000000000000000e+00
0.000000000000000000e+00 0.000000000000000000e+00
1.495239999999999903e+01 7.000000000000000000e+00
2.577280000000000015e+01 2.786839999999999762e+01
0.000000000000000000e+00 0.000000000000000000e+00
2.114429999999999765e+01 2.697569999999999979e+01
0.000000000000000000e+00 0.000000000000000000e+00
1.619379999999999953e+01 3.700000000000000000e+01
0.000000000000000000e+00 0.000000000000000000e+00
0.000000000000000000e+00 0.000000000000000000e+00
0.000000000000000000e+00 0.000000000000000000e+00
0.000000000000000000e+00 0.000000000000000000e+00
0.000000000000000000e+00 0.000000000000000000e+00
0.000000000000000000e+00 0.000000000000000000e+00
2.648539999999999850e+01 1.788660000000000139e+01
0.000000000000000000e+00 0.000000000000000000e+00
0.000000000000000000e+00 0.000000000000000000e+00
0.000000000000000000e+00 0.000000000000000000e+00
0.000000000000000000e+00 0.000000000000000000e+00
3.682289999999999708e+01 9.258699999999999264e+00
0.000000000000000000e+00 0.000000000000000000e+00
1.185599999999999987e+01 4.000000000000000000e+01
0.000000000000000000e+00 0.000000000000000000e+00
2.595240000000000080e+01 6.964299999999999713e+00
0.000000000000000000e+00 0.000000000000000000e+00
0.000000000000000000e+00 0.000000000000000000e+00
0.000000000000000000e+00 0.000000000000000000e+00
1.623959999999999937e+01 3.600000000000000000e+01
3.937919999999999732e+01 1.189760000000000062e+01
0.000000000000000000e+00 0.000000000000000000e+00
0.000000000000000000e+00 0.000000000000000000e+00
0.000000000000000000e+00 0.000000000000000000e+00
4.796959999999999269e+01 4.098300000000000054e+00
0.000000000000000000e+00 0.000000000000000000e+00
1.149959999999999916e+01 3.400000000000000000e+01
2.286679999999999779e+01 8.982900000000000773e+00
0.000000000000000000e+00 0.000000000000000000e+00
2.835260000000000247e+01 1.284789999999999921e+01
0.000000000000000000e+00 0.000000000000000000e+00
0.000000000000000000e+00 0.000000000000000000e+00
0.000000000000000000e+00 0.000000000000000000e+00
0.000000000000000000e+00 0.000000000000000000e+00
4.596880000000000166e+01 4.816499999999999559e+00
0.000000000000000000e+00 0.000000000000000000e+00
0.000000000000000000e+00 0.000000000000000000e+00
0.000000000000000000e+00 0.000000000000000000e+00
0.000000000000000000e+00 0.000000000000000000e+00
1.105599999999999916e+00 4.400000000000000000e+01
