0.000000000000000000e+00
0.000000000000000000e+00
6.246874870086397635e+00
8.381892646761114618e-02
0.000000000000000000e+00
4.663490599898988953e-01
4.006096818309258012e+00
4.677680502459515277e-01
6.476750420072678871e+00
2.359545030979117275e+00
0.000000000000000000e+00
4.685958827477161304e-01
0.000000000000000000e+00
3.999821118834778311e+00
1.118342127432263820e-02
4.252005490347783856e-01
1.743686896683183996e+00
0.000000000000000000e+00
7.901269988169937086e+00
0.000000000000000000e+00
0.000000000000000000e+00
0.000000000000000000e+00
0.000000000000000000e+00
7.147937465199793117e+00
0.000000000000000000e+00
1.167305533700639719e+00
0.000000000000000000e+00
1.149687070465335248e+00
8.396138935907813960e-02
4.110806531846311174e+00
2.728429821147556819e-02
2.886726074190441027e-01
4.003424758161897717e-02
0.000000000000000000e+00
0.000000000000000000e+00
1.331562027832310091e-01
0.000000000000000000e+00
1.275007478445995823e-01
4.104834133993070289e+00
0.000000000000000000e+00
0.000000000000000000e+00
0.000000000000000000e+00
1.228717040203843175e-01
0.000000000000000000e+00
0.000000000000000000e+00
0.000000000000000000e+00
0.000000000000000000e+00
0.000000000000000000e+00
6.191403145909418759e-01
2.127024652269136635e-03
4.935622219549667955e-02
5.169016657425938632e+00
1.501663765587844246e+01
0.000000000000000000e+00
0.000000000000000000e+00
0.000000000000000000e+00
1.619480114357042089e+00
7.839453798628462922e-01
0.000000000000000000e+00
0.000000000000000000e+00
0.000000000000000000e+00
0.000000000000000000e+00
8.037927188068900997e-04
0.000000000000000000e+00
1.601261844218681674e+01
0.000000000000000000e+00
0.000000000000000000e+00
1.032676634842372465e+01
1.654071821748890475e-02
0.000000000000000000e+00
0.000000000000000000e+00
4.029859675792692109e+00
3.749060292948210860e-01
7.902027525278471742e+00
0.000000000000000000e+00
8.394924979270980137e-01
3.994300093582954236e+00
0.000000000000000000e+00
1.602301254009731446e+00
7.145769981711923791e+00
0.000000000000000000e+00
0.000000000000000000e+00
0.000000000000000000e+00
0.000000000000000000e+00
2.687743707196580623e+00
6.246745827308039622e+00
0.000000000000000000e+00
0.000000000000000000e+00
2.379186695036568377e-03
0.000000000000000000e+00
0.000000000000000000e+00
8.809472327874705300e-02
0.000000000000000000e+00
2.330899169801004533e-01
4.093843341420457804e+00
0.000000000000000000e+00
8.381892646761114618e-02
4.506211347305703711e-03
0.000000000000000000e+00
1.874390610803992191e-02
0.000000000000000000e+00
0.000000000000000000e+00
2.865444842331652975e+00
6.246745827308039622e+00
3.556902600962060568e+00
0.000000000000000000e+00
0.000000000000000000e+00
7.893363889803536537e+00
2.859136529150997141e+00
6.043232648137427665e-01
1.234752918567933566e+00
8.814059488776528062e-02
1.282114279141713109e-01
9.072873620971589892e-01
0.000000000000000000e+00
0.000000000000000000e+00
4.089512216002290756e+00
0.000000000000000000e+00
5.419109625680341047e+00
1.469228240721137625e-03
0.000000000000000000e+00
5.072963515576623707e-03
0.000000000000000000e+00
4.623991654617248120e-02
6.799988167845761461e-03
0.000000000000000000e+00
2.918546602261137715e-04
2.270356421026969329e+00
2.461895632839872228e-02
0.000000000000000000e+00
0.000000000000000000e+00
0.000000000000000000e+00
0.000000000000000000e+00
0.000000000000000000e+00
0.000000000000000000e+00
0.000000000000000000e+00
4.623991654617248120e-02
1.119071102110488075e-02
0.000000000000000000e+00
5.427177056511035325e+00
0.000000000000000000e+00
1.846870206467317865e-01
4.690665208199966685e+00
0.000000000000000000e+00
0.000000000000000000e+00
0.000000000000000000e+00
1.623978449857232664e-01
5.430162276013315470e+00
1.900975311195653461e+01
1.469228240721137625e-03
3.025804799262422073e-01
6.771569053959646256e-01
0.000000000000000000e+00
5.054214272215030723e-01
0.000000000000000000e+00
1.142209695754772492e+00
0.000000000000000000e+00
0.000000000000000000e+00
1.601261844218681674e+01
0.000000000000000000e+00
0.000000000000000000e+00
1.931264179865875175e+00
0.000000000000000000e+00
2.417313270908575173e+00
1.409911856205802172e+00
0.000000000000000000e+00
3.416136590519181393e+00
1.777247217171228133e+00
4.011553319709731724e+00
0.000000000000000000e+00
5.779881712539986643e-02
0.000000000000000000e+00
0.000000000000000000e+00
0.000000000000000000e+00
4.650864591865486730e+00
0.000000000000000000e+00
0.000000000000000000e+00
0.000000000000000000e+00
0.000000000000000000e+00
0.000000000000000000e+00
0.000000000000000000e+00
0.000000000000000000e+00
8.491301432131535820e-02
7.980364258464889282e-01
0.000000000000000000e+00
3.070570652782552479e+00
0.000000000000000000e+00
2.857522142176385227e+00
0.000000000000000000e+00
0.000000000000000000e+00
2.525810525639707316e-01
4.040686294996074679e+00
6.158158464765989271e-02
0.000000000000000000e+00
0.000000000000000000e+00
0.000000000000000000e+00
6.442460171935973534e+00
4.771010795632772972e-01
1.366625621948597713e+00
0.000000000000000000e+00
0.000000000000000000e+00
0.000000000000000000e+00
0.000000000000000000e+00
1.032739712018300438e+01
4.003424758161897717e-02
0.000000000000000000e+00
0.000000000000000000e+00
0.000000000000000000e+00
6.176230601901813166e-01
0.000000000000000000e+00
9.610246465655627457e-01
1.623914072891764482e-01
3.994027884064606848e+00
0.000000000000000000e+00
4.350923775024276990e-02
0.000000000000000000e+00
1.601261844218681674e+01
4.672511608641633507e-01
1.211104496787032758e+01
0.000000000000000000e+00
0.000000000000000000e+00
9.171100742108597714e-01
0.000000000000000000e+00
0.000000000000000000e+00
0.000000000000000000e+00
0.000000000000000000e+00
5.536301904486909398e-03
3.409277252217773196e-03
2.871818584873443991e-01
0.000000000000000000e+00
1.118342127432263820e-02
2.724782172672700398e+00
2.419643957859749062e+00
0.000000000000000000e+00
0.000000000000000000e+00
5.692282407211376495e-04
4.035122053970330747e+00
0.000000000000000000e+00
3.391339954568196813e+00
1.801500904412961790e-01
0.000000000000000000e+00
0.000000000000000000e+00
0.000000000000000000e+00
0.000000000000000000e+00
0.000000000000000000e+00
0.000000000000000000e+00
3.623690031263998357e+00
0.000000000000000000e+00
8.037927188068900997e-04
0.000000000000000000e+00
2.379186695036568377e-03
0.000000000000000000e+00
7.272081482085579474e-01
7.167705400777756530e+00
8.814059488776528062e-02
7.166332166127010517e+00
8.675371547183297949e+00
0.000000000000000000e+00
0.000000000000000000e+00
0.000000000000000000e+00
0.000000000000000000e+00
4.704816564392134026e+00
0.000000000000000000e+00
0.000000000000000000e+00
0.000000000000000000e+00
0.000000000000000000e+00
3.401930530436826583e+00
0.000000000000000000e+00
0.000000000000000000e+00
0.000000000000000000e+00
2.381262491736442666e+00
1.129170799086270494e+00
0.000000000000000000e+00
0.000000000000000000e+00
2.461895632839872228e-02
0.000000000000000000e+00
2.724782172672700398e+00
0.000000000000000000e+00
0.000000000000000000e+00
0.000000000000000000e+00
0.000000000000000000e+00
1.170084885749739650e-01
1.645407966598088301e+00
0.000000000000000000e+00
2.207383498989748671e-01
9.072873620971589892e-01
0.000000000000000000e+00
0.000000000000000000e+00
0.000000000000000000e+00
1.473779490190263164e-01
3.105766140298248934e-01
0.000000000000000000e+00
3.453471943074348349e+00
0.000000000000000000e+00
0.000000000000000000e+00
0.000000000000000000e+00
9.485288998149563611e+00
0.000000000000000000e+00
0.000000000000000000e+00
0.000000000000000000e+00
0.000000000000000000e+00
0.000000000000000000e+00
0.000000000000000000e+00
0.000000000000000000e+00
0.000000000000000000e+00
7.165336078394811459e+00
0.000000000000000000e+00
6.678291278185051472e-02
0.000000000000000000e+00
1.032739712018300438e+01
1.136197770387860961e+00
0.000000000000000000e+00
1.769228240721137544e-03
3.471725237151355725e-01
0.000000000000000000e+00
0.000000000000000000e+00
0.000000000000000000e+00
0.000000000000000000e+00
1.501663765587844246e+01
5.826498923619051418e+00
5.847159911024760737e-01
5.892558247465401466e-02
0.000000000000000000e+00
0.000000000000000000e+00
0.000000000000000000e+00
0.000000000000000000e+00
0.000000000000000000e+00
0.000000000000000000e+00
0.000000000000000000e+00
6.450178974787476704e+00
2.880726074190441133e-01
5.784641749586800330e+00
0.000000000000000000e+00
0.000000000000000000e+00
0.000000000000000000e+00
3.268402638481291866e+00
0.000000000000000000e+00
0.000000000000000000e+00
2.880726074190441133e-01
0.000000000000000000e+00
0.000000000000000000e+00
1.686190892650268891e+00
1.602085303657014848e+00
8.037927188068900997e-04
0.000000000000000000e+00
0.000000000000000000e+00
6.205149185525002942e-01
1.684071821748890294e-02
1.801959620503143789e-01
0.000000000000000000e+00
3.592693278384608835e-01
0.000000000000000000e+00
0.000000000000000000e+00
5.166675301206720583e+00
3.998351135366448705e+00
0.000000000000000000e+00
0.000000000000000000e+00
2.889219647789352585e+00
0.000000000000000000e+00
0.000000000000000000e+00
0.000000000000000000e+00
4.118317430231694054e+00
1.605379087981575692e+00
6.176230601901813166e-01
0.000000000000000000e+00
0.000000000000000000e+00
0.000000000000000000e+00
0.000000000000000000e+00
0.000000000000000000e+00
2.381741446648887539e+00
3.618866901966166783e+00
0.000000000000000000e+00
0.000000000000000000e+00
1.564071821748890326e-02
0.000000000000000000e+00
0.000000000000000000e+00
0.000000000000000000e+00
0.000000000000000000e+00
0.000000000000000000e+00
0.000000000000000000e+00
1.914751489312480903e-01
0.000000000000000000e+00
0.000000000000000000e+00
4.085259398442959267e+00
0.000000000000000000e+00
0.000000000000000000e+00
4.672511608641633507e-01
0.000000000000000000e+00
0.000000000000000000e+00
0.000000000000000000e+00
1.630710796364690796e-01
1.021591533785940031e+00
1.275007478445995823e-01
0.000000000000000000e+00
0.000000000000000000e+00
4.668711375036228794e+00
0.000000000000000000e+00
0.000000000000000000e+00
0.000000000000000000e+00
0.000000000000000000e+00
0.000000000000000000e+00
0.000000000000000000e+00
2.533315086018333474e-03
0.000000000000000000e+00
0.000000000000000000e+00
1.629710796364690906e-01
0.000000000000000000e+00
0.000000000000000000e+00
3.391571908839153160e+00
2.269487543736119651e-03
9.185423334625580916e-01
1.351480949540666554e+00
0.000000000000000000e+00
0.000000000000000000e+00
0.000000000000000000e+00
2.180021745369665476e-01
5.419381835198688435e+00
0.000000000000000000e+00
2.183989017713741654e-01
8.674714010074763948e+00
0.000000000000000000e+00
0.000000000000000000e+00
0.000000000000000000e+00
0.000000000000000000e+00
3.996403626202126080e+00
0.000000000000000000e+00
1.536334463699387878e-02
8.037927188068900997e-04
4.093843341420457804e+00
0.000000000000000000e+00
4.117210776085153512e+00
9.469705088926276826e-01
0.000000000000000000e+00
0.000000000000000000e+00
8.692282407211376774e-04
0.000000000000000000e+00
0.000000000000000000e+00
0.000000000000000000e+00
0.000000000000000000e+00
0.000000000000000000e+00
3.453471943074348349e+00
9.048482268727562339e-01
1.363684660108748448e+00
1.424122075601903070e+00
0.000000000000000000e+00
4.006096818309258012e+00
1.032703958307446968e+01
0.000000000000000000e+00
1.965912824487482300e-04
0.000000000000000000e+00
0.000000000000000000e+00
1.221351183150384302e-02
5.779881712539986643e-02
6.262296733911864699e+00
5.779881712539986643e-02
6.290022338583866057e-01
8.758749613603553641e-01
0.000000000000000000e+00
0.000000000000000000e+00
1.541283909817650426e-04
2.206905264773214442e-02
2.739749641139254788e+00
2.401659152708842004e+00
6.474977185421932901e+00
1.701101377235911016e+01
0.000000000000000000e+00
0.000000000000000000e+00
0.000000000000000000e+00
0.000000000000000000e+00
0.000000000000000000e+00
0.000000000000000000e+00
3.542118757632632953e+00
0.000000000000000000e+00
2.191284692829798431e+00
0.000000000000000000e+00
1.481082872916766879e-01
0.000000000000000000e+00
7.718853231015807559e-01
3.165966440754570232e+00
0.000000000000000000e+00
1.801500904412961790e-01
0.000000000000000000e+00
0.000000000000000000e+00
0.000000000000000000e+00
2.191284692829798431e+00
0.000000000000000000e+00
0.000000000000000000e+00
4.649391114347454668e+00
0.000000000000000000e+00
2.313604819767187237e+00
6.624148824766421528e-01
0.000000000000000000e+00
0.000000000000000000e+00
0.000000000000000000e+00
0.000000000000000000e+00
5.775635423393289669e-02
5.826199339711944702e+00
6.131341810333976738e-01
2.379186695036568377e-03
0.000000000000000000e+00
1.635901393509079149e+00
2.875380309099885290e-01
1.021591533785940031e+00
1.988561319810854933e+00
9.973462820007205146e-03
3.391571908839153160e+00
1.694908330145248332e+00
1.327719809486269109e-02
2.918546602261137715e-04
0.000000000000000000e+00
2.381652911430401254e+00
0.000000000000000000e+00
1.967237446393523825e+00
6.771569053959646256e-01
1.977111493534593256e+00
0.000000000000000000e+00
0.000000000000000000e+00
5.054214272215030723e-01
0.000000000000000000e+00
2.427135996326118317e+00
0.000000000000000000e+00
4.690665208199966685e+00
0.000000000000000000e+00
0.000000000000000000e+00
6.178537736646677603e-02
0.000000000000000000e+00
0.000000000000000000e+00
0.000000000000000000e+00
0.000000000000000000e+00
0.000000000000000000e+00
1.093377463962394103e+00
2.459553743530368486e+00
0.000000000000000000e+00
0.000000000000000000e+00
3.826501934089784202e-02
5.828330111471223596e+00
1.402795729941407288e+01
8.814059488776528062e-02
2.100926661211727975e+01
4.865441232495265611e-01
9.484956226522861300e+00
0.000000000000000000e+00
0.000000000000000000e+00
1.317207495858375155e-01
0.000000000000000000e+00
0.000000000000000000e+00
0.000000000000000000e+00
4.668439165517881406e+00
0.000000000000000000e+00
0.000000000000000000e+00
0.000000000000000000e+00
1.032739712018300438e+01
0.000000000000000000e+00
0.000000000000000000e+00
6.043232648137427665e-01
1.424628914669831786e-04
0.000000000000000000e+00
0.000000000000000000e+00
0.000000000000000000e+00
0.000000000000000000e+00
5.419835963589669348e+00
6.254698395838791392e+00
1.507148997676776431e-02
1.801030580193113551e+01
0.000000000000000000e+00
1.049033760987802683e-01
2.918546602261137715e-04
7.165336262663015710e+00
0.000000000000000000e+00
7.165336399271255097e+00
7.164762214934283335e+00
0.000000000000000000e+00
1.650376420891005724e-01
1.316515692347469901e+00
4.649391114347454668e+00
3.994300093582954236e+00
0.000000000000000000e+00
3.996279022583777873e+00
5.419381835198688435e+00
1.743686896683183996e+00
0.000000000000000000e+00
1.701101377235911016e+01
1.234752918567933566e+00
0.000000000000000000e+00
3.855687400112395996e-02
0.000000000000000000e+00
1.801030580193113551e+01
6.476750420072678871e+00
0.000000000000000000e+00
1.667012781914794406e+00
5.419381835198688435e+00
0.000000000000000000e+00
0.000000000000000000e+00
0.000000000000000000e+00
5.876756234383513806e-03
9.272580292695172810e-01
1.583857073376764707e-02
3.391700903245955079e+00
0.000000000000000000e+00
0.000000000000000000e+00
0.000000000000000000e+00
6.043232648137427665e-01
0.000000000000000000e+00
2.548818456911985941e-02
2.873940600943671431e+00
0.000000000000000000e+00
0.000000000000000000e+00
8.904620868350410223e-02
1.801030580193113551e+01
0.000000000000000000e+00
2.696096942302196542e+00
0.000000000000000000e+00
0.000000000000000000e+00
0.000000000000000000e+00
1.119071102110488075e-02
3.623090031263998423e+00
1.507148997676776431e-02
3.152882823727751749e+00
0.000000000000000000e+00
0.000000000000000000e+00
0.000000000000000000e+00
0.000000000000000000e+00
7.972620573088616824e-01
4.671684455363820376e+00
1.601261844218681674e+01
6.249722209287670971e+00
2.223746382485771278e+00
0.000000000000000000e+00
0.000000000000000000e+00
0.000000000000000000e+00
0.000000000000000000e+00
0.000000000000000000e+00
0.000000000000000000e+00
4.123078050504341618e+00
0.000000000000000000e+00
2.068312468819259037e-02
0.000000000000000000e+00
0.000000000000000000e+00
4.117717630400120399e+00
0.000000000000000000e+00
1.176006842700094035e+00
6.450178974787476704e+00
0.000000000000000000e+00
0.000000000000000000e+00
0.000000000000000000e+00
5.200944681802081249e+00
4.110806531846311174e+00
2.918546602261137715e-04
2.379186695036568377e-03
0.000000000000000000e+00
0.000000000000000000e+00
0.000000000000000000e+00
0.000000000000000000e+00
0.000000000000000000e+00
0.000000000000000000e+00
1.620454472929827361e+00
0.000000000000000000e+00
0.000000000000000000e+00
0.000000000000000000e+00
3.995062940087680925e+00
1.282114279141713109e-01
3.994354221973935637e+00
6.247585669050995882e+00
0.000000000000000000e+00
1.111482079307302584e+00
1.964940125131874771e+00
0.000000000000000000e+00
4.011909213878813496e+00
7.168462937886291186e+00
1.708617716284394517e+00
1.507148997676776431e-02
8.675371547183297949e+00
2.047675376513993672e+00
0.000000000000000000e+00
1.629102302285623693e+00
0.000000000000000000e+00
0.000000000000000000e+00
0.000000000000000000e+00
0.000000000000000000e+00
5.818452082002670167e+00
0.000000000000000000e+00
0.000000000000000000e+00
4.685958827477161304e-01
4.681693532066338648e+00
0.000000000000000000e+00
3.826501934089784202e-02
7.839453798628462922e-01
5.875581955510975618e-01
7.980364258464889282e-01
0.000000000000000000e+00
0.000000000000000000e+00
0.000000000000000000e+00
0.000000000000000000e+00
6.246745827308039622e+00
1.903109033752211410e+00
3.505824603056009625e+00
7.164762214934283335e+00
0.000000000000000000e+00
1.632975930776039142e-01
0.000000000000000000e+00
0.000000000000000000e+00
5.369238342010305282e-02
0.000000000000000000e+00
0.000000000000000000e+00
0.000000000000000000e+00
0.000000000000000000e+00
0.000000000000000000e+00
0.000000000000000000e+00
5.199920666297651595e-01
7.165336078394811459e+00
3.105766140298248934e-01
5.825299339711945024e+00
0.000000000000000000e+00
0.000000000000000000e+00
1.316515692347469901e+00
4.408213401153013994e-02
7.731330261581183250e-02
0.000000000000000000e+00
0.000000000000000000e+00
0.000000000000000000e+00
8.675371547183297949e+00
0.000000000000000000e+00
6.254747446384537390e+00
8.381892646761114618e-02
5.419521170070637162e+00
0.000000000000000000e+00
0.000000000000000000e+00
0.000000000000000000e+00
8.069599352742238274e-01
0.000000000000000000e+00
0.000000000000000000e+00
3.391655031636936268e+00
1.169228240721137705e-03
1.966872625708610878e+00
7.165336262663015710e+00
2.525810525639707316e-01
2.674692130583295135e+00
0.000000000000000000e+00
0.000000000000000000e+00
0.000000000000000000e+00
2.854958941427530039e+00
0.000000000000000000e+00
2.527719347456425791e-01
0.000000000000000000e+00
4.060567642022682833e+00
2.647468099447502610e+00
1.981445573605004729e+00
2.386526664733072955e+00
4.668711375036228794e+00
1.184388848740685063e+00
0.000000000000000000e+00
3.788608750546131332e-01
0.000000000000000000e+00
0.000000000000000000e+00
5.827172574362690760e+00
8.674440610241067162e+00
0.000000000000000000e+00
2.461895632839872228e-02
0.000000000000000000e+00
1.289556303808749416e+00
0.000000000000000000e+00
0.000000000000000000e+00
0.000000000000000000e+00
0.000000000000000000e+00
6.262388263276693401e+00
4.176928029089661543e+00
0.000000000000000000e+00
0.000000000000000000e+00
6.459457619081338323e-03
8.804234579286068091e-03
4.056116362941545539e+00
8.804234579286068091e-03
4.002935012779045287e+00
4.755525369366562671e+00
3.973424758161897552e-02
0.000000000000000000e+00
0.000000000000000000e+00
0.000000000000000000e+00
0.000000000000000000e+00
7.902027525278471742e+00
2.696096942302196542e+00
0.000000000000000000e+00
1.638445977395439068e-01
0.000000000000000000e+00
6.154006117168884238e-01
3.776081676757215289e-01
1.046260005611968857e+00
8.804234579286068091e-03
2.343868534954530070e+00
0.000000000000000000e+00
3.587774032502729860e+00
1.175407114775048223e+00
0.000000000000000000e+00
7.570287311596807234e-02
0.000000000000000000e+00
0.000000000000000000e+00
0.000000000000000000e+00
0.000000000000000000e+00
0.000000000000000000e+00
0.000000000000000000e+00
5.419381835198688435e+00
1.997264380869223643e+00
1.414057897043303980e+00
0.000000000000000000e+00
1.120087910549377952e+01
6.043232648137427665e-01
2.889219647789352585e+00
4.648791357214742348e+00
0.000000000000000000e+00
1.110888940993098872e+00
0.000000000000000000e+00
3.038407811721033802e+00
5.169016657425938632e+00
0.000000000000000000e+00
0.000000000000000000e+00
1.964163010972445722e+00
5.218248264634019584e+00
0.000000000000000000e+00
0.000000000000000000e+00
0.000000000000000000e+00
0.000000000000000000e+00
4.673034229466323630e+00
1.140241147408949801e-02
0.000000000000000000e+00
1.624071821748890310e-02
4.166292886632153719e-02
0.000000000000000000e+00
0.000000000000000000e+00
1.402795729941407288e+01
0.000000000000000000e+00
0.000000000000000000e+00
2.191756035265758906e-01
2.382785962942865154e+00
0.000000000000000000e+00
4.035122053970330747e+00
0.000000000000000000e+00
1.981445573605004729e+00
0.000000000000000000e+00
1.601261844218681674e+01
0.000000000000000000e+00
0.000000000000000000e+00
3.060114212778537901e+00
8.069599352742238274e-01
3.409277252217773196e-03
0.000000000000000000e+00
6.442460171935973534e+00
1.140241147408949801e-02
9.185423334625580916e-01
0.000000000000000000e+00
0.000000000000000000e+00
3.405520868112112520e+00
0.000000000000000000e+00
8.675371547183297949e+00
6.131341810333976738e-01
0.000000000000000000e+00
1.613991692005262157e+00
0.000000000000000000e+00
4.669221802798561249e+00
0.000000000000000000e+00
4.646029953049676031e+00
7.686981144255039533e-01
0.000000000000000000e+00
5.692282407211376495e-04
4.691710172919853150e+00
0.000000000000000000e+00
7.166632166127010706e+00
8.386138935907815062e-02
7.165336399271255097e+00
8.358815470833229344e-02
2.876578869049582377e+00
0.000000000000000000e+00
0.000000000000000000e+00
1.032739712018300438e+01
3.399455756028685549e+00
0.000000000000000000e+00
7.165336399271255097e+00
1.123183905194685472e+00
0.000000000000000000e+00
1.803868442319863374e-01
0.000000000000000000e+00
2.687743707196580623e+00
3.416136590519181393e+00
1.874390610803992191e-02
0.000000000000000000e+00
1.684777913219756285e-01
0.000000000000000000e+00
4.776788605004573807e-01
0.000000000000000000e+00
4.674879043456089400e-01
0.000000000000000000e+00
0.000000000000000000e+00
1.615347142621582632e+00
1.180590968062148194e-01
7.167605400777756763e+00
2.533315086018333474e-03
2.224280531305372621e-02
1.024938127397481802e+00
2.871818584873443991e-01
0.000000000000000000e+00
1.190328668174089888e-01
3.717289733355051973e-01
0.000000000000000000e+00
0.000000000000000000e+00
0.000000000000000000e+00
0.000000000000000000e+00
5.433753336338582152e+00
0.000000000000000000e+00
0.000000000000000000e+00
0.000000000000000000e+00
7.610506098231037964e-01
0.000000000000000000e+00
0.000000000000000000e+00
1.624468034390228188e-01
0.000000000000000000e+00
1.123685003089814227e+00
0.000000000000000000e+00
4.043469449494688561e+00
8.619176761379496177e-02
1.169228240721137705e-03
0.000000000000000000e+00
4.350923775024276990e-02
3.542118757632632953e+00
2.883726074190440802e-01
6.246874821714841097e+00
2.917767556946765928e-01
0.000000000000000000e+00
1.629710796364690906e-01
1.169228240721137705e-03
0.000000000000000000e+00
1.305612450403600633e+01
2.181249952953349669e-01
0.000000000000000000e+00
6.246745827308039622e+00
5.217648655947775715e+00
2.883726074190440802e-01
4.648491357214742159e+00
3.479044828654344057e-01
8.675371547183297949e+00
0.000000000000000000e+00
5.419109625680341047e+00
0.000000000000000000e+00
0.000000000000000000e+00
0.000000000000000000e+00
4.060567642022682833e+00
1.305612450403600633e+01
1.211104496787032758e+01
2.571384829600976474e+00
1.020919482655263000e+00
1.182439416073215177e-01
0.000000000000000000e+00
1.287632068229865867e+00
1.486197090972771528e+00
1.507148997676776431e-02
0.000000000000000000e+00
1.536334463699387878e-02
3.577225635627201861e+00
0.000000000000000000e+00
3.158758458032267846e+00
0.000000000000000000e+00
9.484058226390283508e+00
0.000000000000000000e+00
0.000000000000000000e+00
0.000000000000000000e+00
0.000000000000000000e+00
0.000000000000000000e+00
0.000000000000000000e+00
5.916796386953251385e-01
0.000000000000000000e+00
0.000000000000000000e+00
0.000000000000000000e+00
0.000000000000000000e+00
6.453785702645250533e-01
0.000000000000000000e+00
1.211104496787032758e+01
0.000000000000000000e+00
2.740519814812804669e-02
0.000000000000000000e+00
0.000000000000000000e+00
0.000000000000000000e+00
8.673840775424018545e+00
1.387609087534583008e+00
0.000000000000000000e+00
0.000000000000000000e+00
0.000000000000000000e+00
5.427177056511035325e+00
0.000000000000000000e+00
7.168462937886291186e+00
3.971969462447657445e-02
0.000000000000000000e+00
1.725090614176499615e-01
0.000000000000000000e+00
0.000000000000000000e+00
0.000000000000000000e+00
0.000000000000000000e+00
4.005240057026490774e+00
0.000000000000000000e+00
0.000000000000000000e+00
0.000000000000000000e+00
0.000000000000000000e+00
1.601261844218681674e+01
