0.000000000000000000e+00
0.000000000000000000e+00
6.246874870086397635e+00
8.381892646761114618e-02
0.000000000000000000e+00
4.664858048506801413e-01
4.007601112246624631e+00
4.678203334274056990e-01
6.476750420072678871e+00
2.359542360697732377e+00
0.000000000000000000e+00
4.685571741445617722e-01
0.000000000000000000e+00
3.999812319010981554e+00
1.118342127432263820e-02
4.253542676600335914e-01
1.745653066714098145e+00
0.000000000000000000e+00
7.901269988169937086e+00
0.000000000000000000e+00
0.000000000000000000e+00
0.000000000000000000e+00
0.000000000000000000e+00
7.145932450539787872e+00
0.000000000000000000e+00
1.167305533700639719e+00
0.000000000000000000e+00
1.149667511224554683e+00
8.396138935907813960e-02
4.110803556661049463e+00
2.728429821147556819e-02
2.886726074190441027e-01
4.003424758161897717e-02
0.000000000000000000e+00
0.000000000000000000e+00
1.331562027832310091e-01
0.000000000000000000e+00
1.274999101619005426e-01
4.104841270117212559e+00
0.000000000000000000e+00
0.000000000000000000e+00
0.000000000000000000e+00
1.227963936000729533e-01
0.000000000000000000e+00
0.000000000000000000e+00
0.000000000000000000e+00
0.000000000000000000e+00
0.000000000000000000e+00
6.191396855814332856e-01
2.127024652269136635e-03
4.935308050645526717e-02
5.169016657425938632e+00
1.501663765587844246e+01
0.000000000000000000e+00
0.000000000000000000e+00
0.000000000000000000e+00
1.619324013607729373e+00
7.836270933633210367e-01
0.000000000000000000e+00
0.000000000000000000e+00
0.000000000000000000e+00
0.000000000000000000e+00
8.037927188068900997e-04
0.000000000000000000e+00
1.601261844218681674e+01
0.000000000000000000e+00
0.000000000000000000e+00
1.032676497136874616e+01
1.654071821748890475e-02
0.000000000000000000e+00
0.000000000000000000e+00
4.025494030909867682e+00
3.747404174345269068e-01
7.902027525278471742e+00
0.000000000000000000e+00
8.376874547171199170e-01
3.994300093582954236e+00
0.000000000000000000e+00
1.602299998767237277e+00
7.144660176069133506e+00
0.000000000000000000e+00
0.000000000000000000e+00
0.000000000000000000e+00
0.000000000000000000e+00
2.690575491307910738e+00
6.246744387830294620e+00
0.000000000000000000e+00
0.000000000000000000e+00
2.379186695036568377e-03
0.000000000000000000e+00
0.000000000000000000e+00
8.809472327874705300e-02
0.000000000000000000e+00
2.318754801198931459e-01
4.093810258799523538e+00
0.000000000000000000e+00
8.381892646761114618e-02
4.506211347305703711e-03
0.000000000000000000e+00
1.874390610803992191e-02
0.000000000000000000e+00
0.000000000000000000e+00
2.865430907983351538e+00
6.246744387830294620e+00
3.548662284018293533e+00
0.000000000000000000e+00
0.000000000000000000e+00
7.892468932779933333e+00
2.859134378974572233e+00
6.043146730668562672e-01
1.233430652195125932e+00
8.814059488776528062e-02
1.283047029145228668e-01
9.096743463655532214e-01
0.000000000000000000e+00
0.000000000000000000e+00
4.081337724814685153e+00
0.000000000000000000e+00
5.419109172051910228e+00
1.469228240721137625e-03
0.000000000000000000e+00
5.072963515576623707e-03
0.000000000000000000e+00
4.623679480312209433e-02
6.799988167845761461e-03
0.000000000000000000e+00
2.918546602261137715e-04
2.255934636507717972e+00
2.461895632839872228e-02
0.000000000000000000e+00
0.000000000000000000e+00
0.000000000000000000e+00
0.000000000000000000e+00
0.000000000000000000e+00
0.000000000000000000e+00
0.000000000000000000e+00
4.623679480312209433e-02
1.119071102110488075e-02
0.000000000000000000e+00
5.427148533843189071e+00
0.000000000000000000e+00
1.846842395287675576e-01
4.689758860797885731e+00
0.000000000000000000e+00
0.000000000000000000e+00
0.000000000000000000e+00
1.623975930776039023e-01
5.429257216112040041e+00
1.900975311195653461e+01
1.469228240721137625e-03
3.035278358603022419e-01
6.795217915607478787e-01
0.000000000000000000e+00
5.052291654352024652e-01
0.000000000000000000e+00
1.140964379531159478e+00
0.000000000000000000e+00
0.000000000000000000e+00
1.601261844218681674e+01
0.000000000000000000e+00
0.000000000000000000e+00
1.929070258229462764e+00
0.000000000000000000e+00
2.412597196814257217e+00
1.409907811063913385e+00
0.000000000000000000e+00
3.415290168041441365e+00
1.777957466263216268e+00
4.010204705706758688e+00
0.000000000000000000e+00
5.779881712539986643e-02
0.000000000000000000e+00
0.000000000000000000e+00
0.000000000000000000e+00
4.650864591865486730e+00
0.000000000000000000e+00
0.000000000000000000e+00
0.000000000000000000e+00
0.000000000000000000e+00
0.000000000000000000e+00
0.000000000000000000e+00
0.000000000000000000e+00
8.491059320325880511e-02
7.980364258464889282e-01
0.000000000000000000e+00
3.066974463623767910e+00
0.000000000000000000e+00
2.857513835382933909e+00
0.000000000000000000e+00
0.000000000000000000e+00
2.525810525639707316e-01
4.038925739492972511e+00
6.158158464765989271e-02
0.000000000000000000e+00
0.000000000000000000e+00
0.000000000000000000e+00
6.441249288641006210e+00
4.770705144221555338e-01
1.369792732876064179e+00
0.000000000000000000e+00
0.000000000000000000e+00
0.000000000000000000e+00
0.000000000000000000e+00
1.032739712018300438e+01
4.003424758161897717e-02
0.000000000000000000e+00
0.000000000000000000e+00
0.000000000000000000e+00
6.176182045213814975e-01
0.000000000000000000e+00
9.610239780697180656e-01
1.623914072891764482e-01
3.994027623964972129e+00
0.000000000000000000e+00
4.350923775024276990e-02
0.000000000000000000e+00
1.601261844218681674e+01
4.672511608641633507e-01
1.211104496787032758e+01
0.000000000000000000e+00
0.000000000000000000e+00
9.220066165358709043e-01
0.000000000000000000e+00
0.000000000000000000e+00
0.000000000000000000e+00
0.000000000000000000e+00
5.536301904486909398e-03
3.409277252217773196e-03
2.886764091858477488e-01
0.000000000000000000e+00
1.118342127432263820e-02
2.727872533133509858e+00
2.418690787566810219e+00
0.000000000000000000e+00
0.000000000000000000e+00
5.692282407211376495e-04
4.034014834930405691e+00
0.000000000000000000e+00
3.391339069995866762e+00
1.801500904412961790e-01
0.000000000000000000e+00
0.000000000000000000e+00
0.000000000000000000e+00
0.000000000000000000e+00
0.000000000000000000e+00
0.000000000000000000e+00
3.623688177679425859e+00
0.000000000000000000e+00
8.037927188068900997e-04
0.000000000000000000e+00
2.379186695036568377e-03
0.000000000000000000e+00
7.277126397140933900e-01
7.166754792546515596e+00
8.814059488776528062e-02
7.166330434823861673e+00
8.675371547183297949e+00
0.000000000000000000e+00
0.000000000000000000e+00
0.000000000000000000e+00
0.000000000000000000e+00
4.703519035366453771e+00
0.000000000000000000e+00
0.000000000000000000e+00
0.000000000000000000e+00
0.000000000000000000e+00
3.401086245015773724e+00
0.000000000000000000e+00
0.000000000000000000e+00
0.000000000000000000e+00
2.381262338324540373e+00
1.125853736618566137e+00
0.000000000000000000e+00
0.000000000000000000e+00
2.461895632839872228e-02
0.000000000000000000e+00
2.727872533133509858e+00
0.000000000000000000e+00
0.000000000000000000e+00
0.000000000000000000e+00
0.000000000000000000e+00
1.170084885749739650e-01
1.644158908315444867e+00
0.000000000000000000e+00
2.206474320369422870e-01
9.096743463655532214e-01
0.000000000000000000e+00
0.000000000000000000e+00
0.000000000000000000e+00
1.474549741361927402e-01
3.103754678864617533e-01
0.000000000000000000e+00
3.454962949695425056e+00
0.000000000000000000e+00
0.000000000000000000e+00
0.000000000000000000e+00
9.485288998149563611e+00
0.000000000000000000e+00
0.000000000000000000e+00
0.000000000000000000e+00
0.000000000000000000e+00
0.000000000000000000e+00
0.000000000000000000e+00
0.000000000000000000e+00
0.000000000000000000e+00
7.165333499822050811e+00
0.000000000000000000e+00
6.678291278185051472e-02
0.000000000000000000e+00
1.032739712018300438e+01
1.136157542859357106e+00
0.000000000000000000e+00
1.769228240721137544e-03
3.471725237151355725e-01
0.000000000000000000e+00
0.000000000000000000e+00
0.000000000000000000e+00
0.000000000000000000e+00
1.501663765587844246e+01
5.826490418042414632e+00
5.846845466419418047e-01
5.892558247465401466e-02
0.000000000000000000e+00
0.000000000000000000e+00
0.000000000000000000e+00
0.000000000000000000e+00
0.000000000000000000e+00
0.000000000000000000e+00
0.000000000000000000e+00
6.452188292506430223e+00
2.880726074190441133e-01
5.782047470593899341e+00
0.000000000000000000e+00
0.000000000000000000e+00
0.000000000000000000e+00
3.254343338764982718e+00
0.000000000000000000e+00
0.000000000000000000e+00
2.880726074190441133e-01
0.000000000000000000e+00
0.000000000000000000e+00
1.689490688863634293e+00
1.602084364627942792e+00
8.037927188068900997e-04
0.000000000000000000e+00
0.000000000000000000e+00
6.204974019886327907e-01
1.684071821748890294e-02
1.801959620503143789e-01
0.000000000000000000e+00
3.586771933438210880e-01
0.000000000000000000e+00
0.000000000000000000e+00
5.167792915079338023e+00
3.998347683361354044e+00
0.000000000000000000e+00
0.000000000000000000e+00
2.889779201890703142e+00
0.000000000000000000e+00
0.000000000000000000e+00
0.000000000000000000e+00
4.118312854557924396e+00
1.606640774148327289e+00
6.176182045213814975e-01
0.000000000000000000e+00
0.000000000000000000e+00
0.000000000000000000e+00
0.000000000000000000e+00
0.000000000000000000e+00
2.381738934276746544e+00
3.618864407789261772e+00
0.000000000000000000e+00
0.000000000000000000e+00
1.564071821748890326e-02
0.000000000000000000e+00
0.000000000000000000e+00
0.000000000000000000e+00
0.000000000000000000e+00
0.000000000000000000e+00
0.000000000000000000e+00
1.915087734453312651e-01
0.000000000000000000e+00
0.000000000000000000e+00
4.085215356737896819e+00
0.000000000000000000e+00
0.000000000000000000e+00
4.672511608641633507e-01
0.000000000000000000e+00
0.000000000000000000e+00
0.000000000000000000e+00
1.630710796364690796e-01
1.021591104461405219e+00
1.274999101619005426e-01
0.000000000000000000e+00
0.000000000000000000e+00
4.668711375036228794e+00
0.000000000000000000e+00
0.000000000000000000e+00
0.000000000000000000e+00
0.000000000000000000e+00
0.000000000000000000e+00
0.000000000000000000e+00
2.533315086018333474e-03
0.000000000000000000e+00
0.000000000000000000e+00
1.629710796364690906e-01
0.000000000000000000e+00
0.000000000000000000e+00
3.391571625289447667e+00
2.269487543736119651e-03
9.181264180876030911e-01
1.346753342147296806e+00
0.000000000000000000e+00
0.000000000000000000e+00
0.000000000000000000e+00
2.180009802441458810e-01
5.419381835198688435e+00
0.000000000000000000e+00
2.183989017713741654e-01
8.674714010074763948e+00
0.000000000000000000e+00
0.000000000000000000e+00
0.000000000000000000e+00
0.000000000000000000e+00
3.996402819316434929e+00
0.000000000000000000e+00
1.536334463699387878e-02
8.037927188068900997e-04
4.093810258799523538e+00
0.000000000000000000e+00
4.117202117818205664e+00
9.470555455646736398e-01
0.000000000000000000e+00
0.000000000000000000e+00
8.692282407211376774e-04
0.000000000000000000e+00
0.000000000000000000e+00
0.000000000000000000e+00
0.000000000000000000e+00
0.000000000000000000e+00
3.454962949695425056e+00
9.055820143912381992e-01
1.365857567220235325e+00
1.424035663385280426e+00
0.000000000000000000e+00
4.007601112246624631e+00
1.032703952244038170e+01
0.000000000000000000e+00
1.965912824487482300e-04
0.000000000000000000e+00
0.000000000000000000e+00
1.221351183150384302e-02
5.779881712539986643e-02
6.262169004639438263e+00
5.779881712539986643e-02
6.293679354785047808e-01
8.759057796516808159e-01
0.000000000000000000e+00
0.000000000000000000e+00
1.541283909817650426e-04
2.206905264773214442e-02
2.741305246424833086e+00
2.402311797816012451e+00
6.474975491375372094e+00
1.701101377235911016e+01
0.000000000000000000e+00
0.000000000000000000e+00
0.000000000000000000e+00
0.000000000000000000e+00
0.000000000000000000e+00
0.000000000000000000e+00
3.542689440025229342e+00
0.000000000000000000e+00
2.199160859636599241e+00
0.000000000000000000e+00
1.480840910643959896e-01
0.000000000000000000e+00
7.734644638880465717e-01
3.165965722591701503e+00
0.000000000000000000e+00
1.801500904412961790e-01
0.000000000000000000e+00
0.000000000000000000e+00
0.000000000000000000e+00
2.199160859636599241e+00
0.000000000000000000e+00
0.000000000000000000e+00
4.649388263192025583e+00
0.000000000000000000e+00
2.312864398829142853e+00
6.619044970156112706e-01
0.000000000000000000e+00
0.000000000000000000e+00
0.000000000000000000e+00
0.000000000000000000e+00
5.775635423393289669e-02
5.826196779327192488e+00
6.131341810333976738e-01
2.379186695036568377e-03
0.000000000000000000e+00
1.635936091806982962e+00
2.875380309099885290e-01
1.021591104461405219e+00
1.988483228886987586e+00
9.973462820007205146e-03
3.391571625289447667e+00
1.694906606815398176e+00
1.327719809486269109e-02
2.918546602261137715e-04
0.000000000000000000e+00
2.381652332844408804e+00
0.000000000000000000e+00
1.980157774334121434e+00
6.795217915607478787e-01
1.977087643327798183e+00
0.000000000000000000e+00
0.000000000000000000e+00
5.052291654352024652e-01
0.000000000000000000e+00
2.427111644224829501e+00
0.000000000000000000e+00
4.689758860797885731e+00
0.000000000000000000e+00
0.000000000000000000e+00
6.178537736646677603e-02
0.000000000000000000e+00
0.000000000000000000e+00
0.000000000000000000e+00
0.000000000000000000e+00
0.000000000000000000e+00
1.092037237172303943e+00
2.472022400902556871e+00
0.000000000000000000e+00
0.000000000000000000e+00
3.826501934089784202e-02
5.828330111471223596e+00
1.402795729941407288e+01
8.814059488776528062e-02
2.100926661211727975e+01
4.865440124953024914e-01
9.484944063373252021e+00
0.000000000000000000e+00
0.000000000000000000e+00
1.317182167936707671e-01
0.000000000000000000e+00
0.000000000000000000e+00
0.000000000000000000e+00
4.668438030960475160e+00
0.000000000000000000e+00
0.000000000000000000e+00
0.000000000000000000e+00
1.032739712018300438e+01
0.000000000000000000e+00
0.000000000000000000e+00
6.043146730668562672e-01
1.424628914669831786e-04
0.000000000000000000e+00
0.000000000000000000e+00
0.000000000000000000e+00
0.000000000000000000e+00
5.419834818072810201e+00
6.254292193190192251e+00
1.507148997676776431e-02
1.801030580193113551e+01
0.000000000000000000e+00
1.040337339705683511e-01
2.918546602261137715e-04
7.165335094594664334e+00
0.000000000000000000e+00
7.165336399271255097e+00
7.163790719233012361e+00
0.000000000000000000e+00
1.650376420891005724e-01
1.315323847271586022e+00
4.649388263192025583e+00
3.994300093582954236e+00
0.000000000000000000e+00
3.996274090168660642e+00
5.419381835198688435e+00
1.745653066714098145e+00
0.000000000000000000e+00
1.701101377235911016e+01
1.233430652195125932e+00
0.000000000000000000e+00
3.855687400112395996e-02
0.000000000000000000e+00
1.801030580193113551e+01
6.476750420072678871e+00
0.000000000000000000e+00
1.665461662225721673e+00
5.419381835198688435e+00
0.000000000000000000e+00
0.000000000000000000e+00
0.000000000000000000e+00
5.876756234383513806e-03
9.312228018047177258e-01
1.583857073376764707e-02
3.391700903245955079e+00
0.000000000000000000e+00
0.000000000000000000e+00
0.000000000000000000e+00
6.043146730668562672e-01
0.000000000000000000e+00
2.548818456911985941e-02
2.873045315109500564e+00
0.000000000000000000e+00
0.000000000000000000e+00
8.904543949056474561e-02
1.801030580193113551e+01
0.000000000000000000e+00
2.696020523963856608e+00
0.000000000000000000e+00
0.000000000000000000e+00
0.000000000000000000e+00
1.119071102110488075e-02
3.623089209005131650e+00
1.507148997676776431e-02
3.150626873513882487e+00
0.000000000000000000e+00
0.000000000000000000e+00
0.000000000000000000e+00
0.000000000000000000e+00
7.996921489459515309e-01
4.671998660614012699e+00
1.601261844218681674e+01
6.251526772900375839e+00
2.226201229500518242e+00
0.000000000000000000e+00
0.000000000000000000e+00
0.000000000000000000e+00
0.000000000000000000e+00
0.000000000000000000e+00
0.000000000000000000e+00
4.114500856358745295e+00
0.000000000000000000e+00
2.068312468819259037e-02
0.000000000000000000e+00
0.000000000000000000e+00
4.117716691872341350e+00
0.000000000000000000e+00
1.176005887270488603e+00
6.452188292506430223e+00
0.000000000000000000e+00
0.000000000000000000e+00
0.000000000000000000e+00
5.200879643817351905e+00
4.110803556661049463e+00
2.918546602261137715e-04
2.379186695036568377e-03
0.000000000000000000e+00
0.000000000000000000e+00
0.000000000000000000e+00
0.000000000000000000e+00
0.000000000000000000e+00
0.000000000000000000e+00
1.612334304273746799e+00
0.000000000000000000e+00
0.000000000000000000e+00
0.000000000000000000e+00
3.995062133201989329e+00
1.283047029145228668e-01
3.994353961874300918e+00
6.247568714991268202e+00
0.000000000000000000e+00
1.112951707558948566e+00
1.964940125131874771e+00
0.000000000000000000e+00
4.011893127409813076e+00
7.168462937886291186e+00
1.707487060765675357e+00
1.507148997676776431e-02
8.675371547183297949e+00
2.048813108203154432e+00
0.000000000000000000e+00
1.627769315216500257e+00
0.000000000000000000e+00
0.000000000000000000e+00
0.000000000000000000e+00
0.000000000000000000e+00
5.816102937868747880e+00
0.000000000000000000e+00
0.000000000000000000e+00
4.685571741445617722e-01
4.681640445816215745e+00
0.000000000000000000e+00
3.826501934089784202e-02
7.836270933633210367e-01
5.855700595752394433e-01
7.980364258464889282e-01
0.000000000000000000e+00
0.000000000000000000e+00
0.000000000000000000e+00
0.000000000000000000e+00
6.246744387830294620e+00
1.902240348014568427e+00
3.498645223732456344e+00
7.163790719233012361e+00
0.000000000000000000e+00
1.632975930776039142e-01
0.000000000000000000e+00
0.000000000000000000e+00
5.368218552694280221e-02
0.000000000000000000e+00
0.000000000000000000e+00
0.000000000000000000e+00
0.000000000000000000e+00
0.000000000000000000e+00
0.000000000000000000e+00
5.189958767297029318e-01
7.165332499497695018e+00
3.103754678864617533e-01
5.825298923619051550e+00
0.000000000000000000e+00
0.000000000000000000e+00
1.315323847271586022e+00
4.408213401153013994e-02
7.735948922676992578e-02
0.000000000000000000e+00
0.000000000000000000e+00
0.000000000000000000e+00
8.675371547183297949e+00
0.000000000000000000e+00
6.258984540738373070e+00
8.381892646761114618e-02
5.419516973650473801e+00
0.000000000000000000e+00
0.000000000000000000e+00
0.000000000000000000e+00
8.069388483211964447e-01
0.000000000000000000e+00
0.000000000000000000e+00
3.391428410177901753e+00
1.169228240721137705e-03
1.966866437797082146e+00
7.165335094594664334e+00
2.525810525639707316e-01
2.672840525014503310e+00
0.000000000000000000e+00
0.000000000000000000e+00
0.000000000000000000e+00
2.854958057627860590e+00
0.000000000000000000e+00
2.527719347456425791e-01
0.000000000000000000e+00
4.067349432011018173e+00
2.653615522858319142e+00
1.981229467220532392e+00
2.386611625663678016e+00
4.668711375036228794e+00
1.182858389418633083e+00
0.000000000000000000e+00
3.788608750546131332e-01
0.000000000000000000e+00
0.000000000000000000e+00
5.827172574362690760e+00
8.674436962233777137e+00
0.000000000000000000e+00
2.461895632839872228e-02
0.000000000000000000e+00
1.289122145304814504e+00
0.000000000000000000e+00
0.000000000000000000e+00
0.000000000000000000e+00
0.000000000000000000e+00
6.261522013665957509e+00
4.160793292299833190e+00
0.000000000000000000e+00
0.000000000000000000e+00
6.459457619081338323e-03
8.804234579286068091e-03
4.053047841644285221e+00
8.804234579286068091e-03
4.002279521347599456e+00
4.749412830213546322e+00
3.973424758161897552e-02
0.000000000000000000e+00
0.000000000000000000e+00
0.000000000000000000e+00
0.000000000000000000e+00
7.902027525278471742e+00
2.696020523963856608e+00
0.000000000000000000e+00
1.638445977395439068e-01
0.000000000000000000e+00
6.154006117168884238e-01
3.776055441612198305e-01
1.046114862078875829e+00
8.804234579286068091e-03
2.343868534954530070e+00
0.000000000000000000e+00
3.594235866393396428e+00
1.175406842700094101e+00
0.000000000000000000e+00
7.570287311596807234e-02
0.000000000000000000e+00
0.000000000000000000e+00
0.000000000000000000e+00
0.000000000000000000e+00
0.000000000000000000e+00
0.000000000000000000e+00
5.419381835198688435e+00
1.998352957712877132e+00
1.414056525312408885e+00
0.000000000000000000e+00
1.120087906666745958e+01
6.043146730668562672e-01
2.889779201890703142e+00
4.648789392325853420e+00
0.000000000000000000e+00
1.108916375483766315e+00
0.000000000000000000e+00
3.045441417569051623e+00
5.169040734951429350e+00
0.000000000000000000e+00
0.000000000000000000e+00
1.964870786968830441e+00
5.218246166794554775e+00
0.000000000000000000e+00
0.000000000000000000e+00
0.000000000000000000e+00
0.000000000000000000e+00
4.672174712796302920e+00
1.140241147408949801e-02
0.000000000000000000e+00
1.624071821748890310e-02
4.166292886632153719e-02
0.000000000000000000e+00
0.000000000000000000e+00
1.402795729941407288e+01
0.000000000000000000e+00
0.000000000000000000e+00
2.191756035265758906e-01
2.382777809353085807e+00
0.000000000000000000e+00
4.034014834930405691e+00
0.000000000000000000e+00
1.981229467220532392e+00
0.000000000000000000e+00
1.601261844218681674e+01
0.000000000000000000e+00
0.000000000000000000e+00
3.063430198080732580e+00
8.069388483211964447e-01
3.409277252217773196e-03
0.000000000000000000e+00
6.441249288641006210e+00
1.140241147408949801e-02
9.181264180876030911e-01
0.000000000000000000e+00
0.000000000000000000e+00
3.406133186734056739e+00
0.000000000000000000e+00
8.675371547183297949e+00
6.131341810333976738e-01
0.000000000000000000e+00
1.613942695082921652e+00
0.000000000000000000e+00
4.669218050593071823e+00
0.000000000000000000e+00
4.646025434259348330e+00
7.702787884721535860e-01
0.000000000000000000e+00
5.692282407211376495e-04
4.691690121383227385e+00
0.000000000000000000e+00
7.166626859737895927e+00
8.386138935907815062e-02
7.165336399271255097e+00
8.358815470833229344e-02
2.876344931448274078e+00
0.000000000000000000e+00
0.000000000000000000e+00
1.032739712018300438e+01
3.398824290249893298e+00
0.000000000000000000e+00
7.165336399271255097e+00
1.122859215704068880e+00
0.000000000000000000e+00
1.803868442319863374e-01
0.000000000000000000e+00
2.690575491307910738e+00
3.415290168041441365e+00
1.874390610803992191e-02
0.000000000000000000e+00
1.685885968781987987e-01
0.000000000000000000e+00
4.776788605004573807e-01
0.000000000000000000e+00
4.675520119802767383e-01
0.000000000000000000e+00
0.000000000000000000e+00
1.614852572965322919e+00
1.180590968062148194e-01
7.167605400777756763e+00
2.533315086018333474e-03
2.224280531305372621e-02
1.024932504671007383e+00
2.886764091858477488e-01
0.000000000000000000e+00
1.190328668174089888e-01
3.716889310910630462e-01
0.000000000000000000e+00
0.000000000000000000e+00
0.000000000000000000e+00
0.000000000000000000e+00
5.432594281429315330e+00
0.000000000000000000e+00
0.000000000000000000e+00
0.000000000000000000e+00
7.626233893286865628e-01
0.000000000000000000e+00
0.000000000000000000e+00
1.624333565310926708e-01
0.000000000000000000e+00
1.124300214313983526e+00
0.000000000000000000e+00
4.045229555453222936e+00
8.617058931238182062e-02
1.169228240721137705e-03
0.000000000000000000e+00
4.350923775024276990e-02
3.542689440025229342e+00
2.883726074190440802e-01
6.246874821714841097e+00
2.917784573867797659e-01
0.000000000000000000e+00
1.629710796364690906e-01
1.169228240721137705e-03
0.000000000000000000e+00
1.305612450403600633e+01
2.181249952953349669e-01
0.000000000000000000e+00
6.246744387830294620e+00
5.217647208512333989e+00
2.883726074190440802e-01
4.648490150460331982e+00
3.480264026628053231e-01
8.675371547183297949e+00
0.000000000000000000e+00
5.419109172051910228e+00
0.000000000000000000e+00
0.000000000000000000e+00
0.000000000000000000e+00
4.067349432011018173e+00
1.305612450403600633e+01
1.211104496787032758e+01
2.573311869172787869e+00
1.020919223336328008e+00
1.182877468740702875e-01
0.000000000000000000e+00
1.287631530595033214e+00
1.494213125379996399e+00
1.507148997676776431e-02
0.000000000000000000e+00
1.536334463699387878e-02
3.578296883739179535e+00
0.000000000000000000e+00
3.158755973911535175e+00
0.000000000000000000e+00
9.484056226522861621e+00
0.000000000000000000e+00
0.000000000000000000e+00
0.000000000000000000e+00
0.000000000000000000e+00
0.000000000000000000e+00
0.000000000000000000e+00
5.929627980495760786e-01
0.000000000000000000e+00
0.000000000000000000e+00
0.000000000000000000e+00
0.000000000000000000e+00
6.451670271132962098e-01
0.000000000000000000e+00
1.211104496787032758e+01
0.000000000000000000e+00
2.740519814812804669e-02
0.000000000000000000e+00
0.000000000000000000e+00
0.000000000000000000e+00
8.673840610241066784e+00
1.389280361311849621e+00
0.000000000000000000e+00
0.000000000000000000e+00
0.000000000000000000e+00
5.427148533843189071e+00
0.000000000000000000e+00
7.168462937886291186e+00
3.971969462447657445e-02
0.000000000000000000e+00
1.724779787709850853e-01
0.000000000000000000e+00
0.000000000000000000e+00
0.000000000000000000e+00
0.000000000000000000e+00
4.004410286740379021e+00
0.000000000000000000e+00
0.000000000000000000e+00
0.000000000000000000e+00
0.000000000000000000e+00
1.601261844218681674e+01
