0.000000000000000000e+00 0.000000000000000000e+00
0.000000000000000000e+00 0.000000000000000000e+00
4.899970000000000425e+01 3.858000000000001428e-01
1.065240000000000009e+01 1.100000000000000000e+01
0.000000000000000000e+00 0.000000000000000000e+00
2.902289999999999992e+01 1.673140000000000072e+01
4.594819999999999993e+01 5.086199999999999832e+00
3.599240000000000350e+01 3.478800000000000114e+00
1.369199999999999839e+01 3.300000000000000000e+01
1.898749999999999716e+01 2.498750000000000071e+01
0.000000000000000000e+00 0.000000000000000000e+00
2.494639999999999702e+01 1.692859999999999943e+01
0.000000000000000000e+00 0.000000000000000000e+00
4.597469999999999857e+01 3.978700000000000347e+00
2.096760000000000090e+01 5.993999999999999773e+00
3.296800000000000352e+01 1.408650000000000091e+01
4.009819999999999851e+01 1.288619999999999877e+01
0.000000000000000000e+00 0.000000000000000000e+00
1.337899999999999778e+01 3.500000000000000000e+01
0.000000000000000000e+00 0.000000000000000000e+00
0.000000000000000000e+00 0.000000000000000000e+00
0.000000000000000000e+00 0.000000000000000000e+00
0.000000000000000000e+00 0.000000000000000000e+00
2.366959999999999908e+01 3.390140000000000242e+01
0.000000000000000000e+00 0.000000000000000000e+00
2.132750000000000057e+01 2.097690000000000055e+01
0.000000000000000000e+00 0.000000000000000000e+00
2.335479999999999734e+01 2.094330000000000069e+01
1.365240000000000009e+01 1.100000000000000000e+01
2.112010000000000076e+01 2.896809999999999974e+01
2.290559999999999974e+01 7.980000000000000426e+00
1.775500000000000256e+01 1.499399999999999977e+01
1.984519999999999840e+01 8.994600000000000151e+00
0.000000000000000000e+00 0.000000000000000000e+00
0.000000000000000000e+00 0.000000000000000000e+00
3.194679999999999964e+01 6.694799999999999862e+00
0.000000000000000000e+00 0.000000000000000000e+00
3.199119999999999919e+01 3.823199999999999932e+00
2.212590000000000146e+01 2.896519999999999939e+01
9.000000000000000000e+00 0.000000000000000000e+00
0.000000000000000000e+00 0.000000000000000000e+00
0.000000000000000000e+00 0.000000000000000000e+00
2.967109999999999914e+01 1.078219999999999956e+01
0.000000000000000000e+00 0.000000000000000000e+00
0.000000000000000000e+00 0.000000000000000000e+00
0.000000000000000000e+00 0.000000000000000000e+00
0.000000000000000000e+00 0.000000000000000000e+00
0.000000000000000000e+00 0.000000000000000000e+00
1.841880000000000095e+01 1.799280000000000257e+01
9.990800000000000125e+00 4.000000000000000000e+00
2.896760000000000090e+01 5.907600000000000406e+00
2.694869999999999877e+01 3.075819999999999865e+01
4.309599999999999653e+00 4.300000000000000000e+01
0.000000000000000000e+00 0.000000000000000000e+00
0.000000000000000000e+00 0.000000000000000000e+00
0.000000000000000000e+00 0.000000000000000000e+00
4.088450000000000273e+01 7.430500000000000327e+00
3.593759999999999621e+01 1.394239999999999924e+01
0.000000000000000000e+00 0.000000000000000000e+00
0.000000000000000000e+00 0.000000000000000000e+00
0.000000000000000000e+00 0.000000000000000000e+00
0.000000000000000000e+00 0.000000000000000000e+00
8.995800000000000907e+00 3.000000000000000000e+00
0.000000000000000000e+00 0.000000000000000000e+00
4.123200000000000642e+00 4.400000000000000000e+01
0.000000000000000000e+00 0.000000000000000000e+00
0.000000000000000000e+00 0.000000000000000000e+00
1.717179999999999751e+01 3.798479999999999990e+01
1.894050000000000011e+01 6.996500000000000163e+00
0.000000000000000000e+00 0.000000000000000000e+00
0.000000000000000000e+00 0.000000000000000000e+00
4.578199999999999648e+01 7.483999999999999986e+00
2.336640000000000228e+01 1.595679999999999943e+01
1.237899999999999778e+01 3.500000000000000000e+01
0.000000000000000000e+00 0.000000000000000000e+00
3.773959999999999582e+01 9.734400000000000830e+00
4.599850000000000705e+01 1.080299999999999816e+00
0.000000000000000000e+00 0.000000000000000000e+00
4.099099999999999966e+01 3.349999999999999645e+00
2.472400000000000020e+01 3.386059999999999803e+01
0.000000000000000000e+00 0.000000000000000000e+00
0.000000000000000000e+00 0.000000000000000000e+00
0.000000000000000000e+00 0.000000000000000000e+00
0.000000000000000000e+00 0.000000000000000000e+00
3.161919999999999931e+01 2.499120000000000275e+01
4.899230000000000018e+01 1.421199999999999797e+00
0.000000000000000000e+00 0.000000000000000000e+00
0.000000000000000000e+00 0.000000000000000000e+00
2.100000000000000000e+01 0.000000000000000000e+00
0.000000000000000000e+00 0.000000000000000000e+00
0.000000000000000000e+00 0.000000000000000000e+00
3.099800000000000111e+01 1.938600000000000101e+00
0.000000000000000000e+00 0.000000000000000000e+00
3.270190000000000197e+01 1.038069999999999915e+01
2.320709999999999695e+01 2.892169999999999774e+01
0.000000000000000000e+00 0.000000000000000000e+00
1.065240000000000009e+01 1.100000000000000000e+01
2.099080000000000368e+01 3.995999999999999996e+00
0.000000000000000000e+00 0.000000000000000000e+00
2.294050000000000011e+01 6.982499999999999929e+00
0.000000000000000000e+00 0.000000000000000000e+00
0.000000000000000000e+00 0.000000000000000000e+00
4.393520000000000181e+01 5.989200000000000301e+00
4.899230000000000018e+01 1.421199999999999797e+00
2.798560000000000159e+01 2.767519999999999669e+01
0.000000000000000000e+00 0.000000000000000000e+00
0.000000000000000000e+00 0.000000000000000000e+00
2.245250000000000057e+01 3.493350000000000222e+01
4.397749999999999915e+01 4.453199999999999825e+00
2.343319999999999581e+01 1.795139999999999958e+01
3.758879999999999910e+01 1.468259999999999899e+01
3.099960000000000093e+01 9.693000000000000504e-01
3.078600000000000136e+01 9.718999999999999417e+00
2.926600000000000179e+01 1.965800000000000125e+01
0.000000000000000000e+00 0.000000000000000000e+00
0.000000000000000000e+00 0.000000000000000000e+00
4.520179999999999865e+01 1.087839999999999918e+01
0.000000000000000000e+00 0.000000000000000000e+00
4.799510000000000076e+01 1.504299999999999748e+00
1.899960000000000093e+01 9.995000000000000551e-01
0.000000000000000000e+00 0.000000000000000000e+00
2.299960000000000093e+01 9.973999999999999533e-01
0.000000000000000000e+00 0.000000000000000000e+00
2.898300000000000409e+01 4.923000000000000043e+00
2.299080000000000013e+01 3.989599999999999813e+00
0.000000000000000000e+00 0.000000000000000000e+00
1.500000000000000000e+01 0.000000000000000000e+00
3.964380000000000592e+01 1.620960000000000178e+01
9.904799999999999827e+00 8.000000000000000000e+00
0.000000000000000000e+00 0.000000000000000000e+00
0.000000000000000000e+00 0.000000000000000000e+00
0.000000000000000000e+00 0.000000000000000000e+00
0.000000000000000000e+00 0.000000000000000000e+00
0.000000000000000000e+00 0.000000000000000000e+00
0.000000000000000000e+00 0.000000000000000000e+00
0.000000000000000000e+00 0.000000000000000000e+00
2.898300000000000409e+01 4.923000000000000043e+00
2.499800000000000111e+01 1.991400000000000059e+00
0.000000000000000000e+00 0.000000000000000000e+00
4.795629999999999882e+01 4.128700000000001147e+00
0.000000000000000000e+00 0.000000000000000000e+00
3.297120000000000317e+01 5.634000000000000341e+00
4.690879999999999939e+01 5.578399999999999359e+00
0.000000000000000000e+00 0.000000000000000000e+00
0.000000000000000000e+00 0.000000000000000000e+00
0.000000000000000000e+00 0.000000000000000000e+00
1.633699999999999974e+01 1.299610000000000021e+01
4.795199999999999818e+01 4.357999999999999652e+00
2.349999999999741185e-02 4.700000000000000000e+01
1.899960000000000093e+01 9.995000000000000551e-01
3.372060000000000457e+01 1.018599999999999994e+01
3.658400000000000318e+01 1.104219999999999935e+01
0.000000000000000000e+00 0.000000000000000000e+00
3.577009999999999934e+01 9.637100000000000222e+00
0.000000000000000000e+00 0.000000000000000000e+00
2.539470000000000027e+01 2.089499999999999957e+01
0.000000000000000000e+00 0.000000000000000000e+00
0.000000000000000000e+00 0.000000000000000000e+00
3.123200000000001086e+00 4.400000000000000000e+01
3.000000000000000000e+00 0.000000000000000000e+00
0.000000000000000000e+00 0.000000000000000000e+00
3.078079999999999927e+01 2.332799999999999940e+01
0.000000000000000000e+00 0.000000000000000000e+00
3.362250000000000227e+01 2.319249999999999901e+01
2.133500000000000085e+01 2.197579999999999956e+01
0.000000000000000000e+00 0.000000000000000000e+00
4.480960000000000321e+01 7.547999999999999154e+00
3.975359999999999872e+01 1.390040000000000120e+01
4.593400000000000460e+01 5.461500000000000021e+00
0.000000000000000000e+00 0.000000000000000000e+00
1.276400000000000112e+01 1.000000000000000000e+01
0.000000000000000000e+00 0.000000000000000000e+00
0.000000000000000000e+00 0.000000000000000000e+00
0.000000000000000000e+00 0.000000000000000000e+00
1.345800000000000018e+01 3.000000000000000000e+01
0.000000000000000000e+00 0.000000000000000000e+00
0.000000000000000000e+00 0.000000000000000000e+00
0.000000000000000000e+00 0.000000000000000000e+00
0.000000000000000000e+00 0.000000000000000000e+00
0.000000000000000000e+00 0.000000000000000000e+00
0.000000000000000000e+00 0.000000000000000000e+00
0.000000000000000000e+00 0.000000000000000000e+00
2.365460000000000207e+01 1.096809999999999974e+01
3.799960000000000093e+01 8.026999999999999691e-01
0.000000000000000000e+00 0.000000000000000000e+00
4.218079999999999785e+01 1.451999999999999957e+01
0.000000000000000000e+00 0.000000000000000000e+00
4.398160000000000025e+01 3.957600000000000229e+00
0.000000000000000000e+00 0.000000000000000000e+00
0.000000000000000000e+00 0.000000000000000000e+00
3.400000000000000000e+01 0.000000000000000000e+00
4.569419999999999504e+01 8.346799999999998221e+00
2.999960000000000093e+01 9.786000000000000254e-01
0.000000000000000000e+00 0.000000000000000000e+00
0.000000000000000000e+00 0.000000000000000000e+00
0.000000000000000000e+00 0.000000000000000000e+00
2.706159999999999854e+01 3.273270000000000124e+01
3.593200000000000216e+01 6.971999999999999531e+00
3.950500000000000256e+01 1.113899999999999935e+01
0.000000000000000000e+00 0.000000000000000000e+00
0.000000000000000000e+00 0.000000000000000000e+00
0.000000000000000000e+00 0.000000000000000000e+00
0.000000000000000000e+00 0.000000000000000000e+00
8.152800000000002711e+00 3.800000000000000000e+01
1.984519999999999840e+01 8.994600000000000151e+00
0.000000000000000000e+00 0.000000000000000000e+00
0.000000000000000000e+00 0.000000000000000000e+00
0.000000000000000000e+00 0.000000000000000000e+00
3.697899999999999920e+01 5.015399999999999636e+00
0.000000000000000000e+00 0.000000000000000000e+00
1.607800000000000296e+01 1.999600000000000222e+01
2.334349999999999881e+01 1.296490000000000009e+01
4.599719999999999942e+01 1.440399999999999903e+00
0.000000000000000000e+00 0.000000000000000000e+00
2.899800000000000111e+01 1.969000000000000083e+00
0.000000000000000000e+00 0.000000000000000000e+00
6.123200000000001531e+00 4.400000000000000000e+01
3.599610000000000554e+01 2.608800000000000008e+00
5.835999999999998522e+00 4.000000000000000000e+01
0.000000000000000000e+00 0.000000000000000000e+00
0.000000000000000000e+00 0.000000000000000000e+00
3.033599999999999852e+01 1.952599999999999980e+01
0.000000000000000000e+00 0.000000000000000000e+00
0.000000000000000000e+00 0.000000000000000000e+00
0.000000000000000000e+00 0.000000000000000000e+00
0.000000000000000000e+00 0.000000000000000000e+00
2.199080000000000013e+01 3.995200000000000085e+00
2.200000000000000000e+01 0.000000000000000000e+00
2.477450000000000330e+01 1.493700000000000117e+01
0.000000000000000000e+00 0.000000000000000000e+00
2.096760000000000090e+01 5.993999999999999773e+00
2.258179999999999765e+01 2.594280000000000186e+01
4.278399999999999892e+01 8.551500000000000767e+00
0.000000000000000000e+00 0.000000000000000000e+00
0.000000000000000000e+00 0.000000000000000000e+00
1.599960000000000093e+01 9.998000000000000220e-01
4.575850000000000506e+01 7.883399999999999075e+00
0.000000000000000000e+00 0.000000000000000000e+00
4.499449999999999505e+01 2.152499999999999858e+00
3.299799999999999756e+01 1.877000000000000002e+00
0.000000000000000000e+00 0.000000000000000000e+00
0.000000000000000000e+00 0.000000000000000000e+00
0.000000000000000000e+00 0.000000000000000000e+00
0.000000000000000000e+00 0.000000000000000000e+00
1.100000000000000000e+01 0.000000000000000000e+00
0.000000000000000000e+00 0.000000000000000000e+00
1.765520000000000067e+01 2.798880000000000123e+01
0.000000000000000000e+00 0.000000000000000000e+00
4.995800000000000018e+00 3.000000000000000000e+00
0.000000000000000000e+00 0.000000000000000000e+00
2.100000000000000000e+01 0.000000000000000000e+00
0.000000000000000000e+00 0.000000000000000000e+00
2.890489999999999782e+01 1.871499999999999986e+01
1.455060000000000109e+01 3.399660000000000082e+01
3.099960000000000093e+01 9.693000000000000504e-01
1.655740000000000123e+01 3.398980000000000246e+01
1.223239999999999839e+01 3.600000000000000000e+01
0.000000000000000000e+00 0.000000000000000000e+00
0.000000000000000000e+00 0.000000000000000000e+00
0.000000000000000000e+00 0.000000000000000000e+00
0.000000000000000000e+00 0.000000000000000000e+00
4.681140000000000612e+01 6.911500000000000199e+00
0.000000000000000000e+00 0.000000000000000000e+00
0.000000000000000000e+00 0.000000000000000000e+00
0.000000000000000000e+00 0.000000000000000000e+00
0.000000000000000000e+00 0.000000000000000000e+00
4.495439999999999969e+01 5.191200000000000259e+00
0.000000000000000000e+00 0.000000000000000000e+00
0.000000000000000000e+00 0.000000000000000000e+00
0.000000000000000000e+00 0.000000000000000000e+00
4.299900000000000233e+01 1.113599999999999923e+00
3.062150000000000105e+01 2.044770000000000110e+01
0.000000000000000000e+00 0.000000000000000000e+00
0.000000000000000000e+00 0.000000000000000000e+00
8.904799999999999827e+00 8.000000000000000000e+00
0.000000000000000000e+00 0.000000000000000000e+00
2.258179999999999765e+01 2.594280000000000186e+01
0.000000000000000000e+00 0.000000000000000000e+00
0.000000000000000000e+00 0.000000000000000000e+00
0.000000000000000000e+00 0.000000000000000000e+00
0.000000000000000000e+00 0.000000000000000000e+00
1.452840000000000131e+01 1.199879999999999924e+01
4.071300000000000097e+01 9.594200000000000728e+00
0.000000000000000000e+00 0.000000000000000000e+00
2.708579999999999899e+01 1.388520000000000110e+01
2.926600000000000179e+01 1.965800000000000125e+01
0.000000000000000000e+00 0.000000000000000000e+00
0.000000000000000000e+00 0.000000000000000000e+00
0.000000000000000000e+00 0.000000000000000000e+00
2.955600000000000094e+01 1.177439999999999998e+01
2.982399999999999807e+01 1.469400000000000084e+01
0.000000000000000000e+00 0.000000000000000000e+00
4.455899999999999750e+01 9.649499999999999744e+00
0.000000000000000000e+00 0.000000000000000000e+00
0.000000000000000000e+00 0.000000000000000000e+00
0.000000000000000000e+00 0.000000000000000000e+00
7.190100000000000158e+00 3.700000000000000000e+01
0.000000000000000000e+00 0.000000000000000000e+00
0.000000000000000000e+00 0.000000000000000000e+00
0.000000000000000000e+00 0.000000000000000000e+00
0.000000000000000000e+00 0.000000000000000000e+00
0.000000000000000000e+00 0.000000000000000000e+00
0.000000000000000000e+00 0.000000000000000000e+00
0.000000000000000000e+00 0.000000000000000000e+00
0.000000000000000000e+00 0.000000000000000000e+00
4.999080000000000723e+01 9.774999999999995914e-01
0.000000000000000000e+00 0.000000000000000000e+00
2.996819999999999951e+01 5.872799999999999798e+00
0.000000000000000000e+00 0.000000000000000000e+00
1.215280000000000271e+01 3.800000000000000000e+01
2.640729999999999933e+01 2.085510000000000019e+01
0.000000000000000000e+00 0.000000000000000000e+00
1.999960000000000093e+01 9.991999999999999771e-01
3.499960000000000093e+01 8.991999999999999993e-01
0.000000000000000000e+00 0.000000000000000000e+00
0.000000000000000000e+00 0.000000000000000000e+00
0.000000000000000000e+00 0.000000000000000000e+00
0.000000000000000000e+00 0.000000000000000000e+00
5.309599999999999653e+00 4.300000000000000000e+01
1.976000000000000156e+01 3.198079999999999856e+01
2.747820000000000107e+01 1.783439999999999870e+01
1.776400000000000290e+01 9.996000000000000441e+00
0.000000000000000000e+00 0.000000000000000000e+00
0.000000000000000000e+00 0.000000000000000000e+00
0.000000000000000000e+00 0.000000000000000000e+00
0.000000000000000000e+00 0.000000000000000000e+00
0.000000000000000000e+00 0.000000000000000000e+00
0.000000000000000000e+00 0.000000000000000000e+00
0.000000000000000000e+00 0.000000000000000000e+00
2.489329999999999643e+01 3.286140000000000327e+01
1.575500000000000078e+01 1.499699999999999989e+01
2.710239999999999583e+01 3.173440000000000083e+01
0.000000000000000000e+00 0.000000000000000000e+00
0.000000000000000000e+00 0.000000000000000000e+00
0.000000000000000000e+00 0.000000000000000000e+00
3.904180000000000206e+01 1.977819999999999823e+01
0.000000000000000000e+00 0.000000000000000000e+00
0.000000000000000000e+00 0.000000000000000000e+00
1.575500000000000078e+01 1.499699999999999989e+01
0.000000000000000000e+00 0.000000000000000000e+00
0.000000000000000000e+00 0.000000000000000000e+00
4.047039999999999793e+01 1.117919999999999980e+01
4.099479999999999791e+01 2.679599999999999760e+00
4.995800000000000018e+00 3.000000000000000000e+00
0.000000000000000000e+00 0.000000000000000000e+00
0.000000000000000000e+00 0.000000000000000000e+00
3.696289999999999765e+01 5.853400000000000603e+00
1.994050000000000011e+01 6.995099999999999874e+00
3.300000000000000000e+01 0.000000000000000000e+00
9.000000000000000000e+00 0.000000000000000000e+00
3.492400000000000659e+01 7.213599999999999568e+00
0.000000000000000000e+00 0.000000000000000000e+00
0.000000000000000000e+00 0.000000000000000000e+00
2.808510000000000417e+01 3.064039999999999964e+01
4.598000000000000398e+01 3.611999999999999655e+00
0.000000000000000000e+00 0.000000000000000000e+00
0.000000000000000000e+00 0.000000000000000000e+00
4.374839999999999662e+01 8.653000000000000469e+00
0.000000000000000000e+00 0.000000000000000000e+00
0.000000000000000000e+00 0.000000000000000000e+00
0.000000000000000000e+00 0.000000000000000000e+00
1.911139999999999972e+01 2.898259999999999792e+01
2.967269999999999897e+01 2.254459999999999908e+01
3.697899999999999920e+01 5.015399999999999636e+00
0.000000000000000000e+00 0.000000000000000000e+00
0.000000000000000000e+00 0.000000000000000000e+00
0.000000000000000000e+00 0.000000000000000000e+00
0.000000000000000000e+00 0.000000000000000000e+00
0.000000000000000000e+00 0.000000000000000000e+00
4.298919999999999675e+01 3.342599999999999572e+00
2.065800000000000125e+01 2.797479999999999833e+01
0.000000000000000000e+00 0.000000000000000000e+00
0.000000000000000000e+00 0.000000000000000000e+00
1.594050000000000011e+01 6.998599999999999710e+00
0.000000000000000000e+00 0.000000000000000000e+00
0.000000000000000000e+00 0.000000000000000000e+00
0.000000000000000000e+00 0.000000000000000000e+00
0.000000000000000000e+00 0.000000000000000000e+00
0.000000000000000000e+00 0.000000000000000000e+00
0.000000000000000000e+00 0.000000000000000000e+00
3.291120000000000090e+01 7.519199999999999662e+00
0.000000000000000000e+00 0.000000000000000000e+00
0.000000000000000000e+00 0.000000000000000000e+00
2.423610000000000042e+01 2.890719999999999956e+01
0.000000000000000000e+00 0.000000000000000000e+00
0.000000000000000000e+00 0.000000000000000000e+00
3.599610000000000554e+01 2.608800000000000008e+00
0.000000000000000000e+00 0.000000000000000000e+00
0.000000000000000000e+00 0.000000000000000000e+00
0.000000000000000000e+00 0.000000000000000000e+00
1.433569999999999922e+01 1.299869999999999948e+01
3.899439999999999884e+01 3.049199999999999910e+00
3.199119999999999919e+01 3.823199999999999932e+00
0.000000000000000000e+00 0.000000000000000000e+00
0.000000000000000000e+00 0.000000000000000000e+00
4.699990000000000379e+01 2.866999999999999549e-01
0.000000000000000000e+00 0.000000000000000000e+00
0.000000000000000000e+00 0.000000000000000000e+00
0.000000000000000000e+00 0.000000000000000000e+00
0.000000000000000000e+00 0.000000000000000000e+00
0.000000000000000000e+00 0.000000000000000000e+00
0.000000000000000000e+00 0.000000000000000000e+00
2.099799999999999756e+01 1.997999999999999998e+00
0.000000000000000000e+00 0.000000000000000000e+00
0.000000000000000000e+00 0.000000000000000000e+00
1.333439999999999870e+01 1.300000000000000000e+01
0.000000000000000000e+00 0.000000000000000000e+00
0.000000000000000000e+00 0.000000000000000000e+00
4.499819999999999709e+01 1.290599999999999969e+00
1.399080000000000013e+01 3.999600000000000044e+00
2.716200000000000259e+01 1.983399999999999963e+01
3.432920000000000016e+01 1.920240000000000080e+01
0.000000000000000000e+00 0.000000000000000000e+00
0.000000000000000000e+00 0.000000000000000000e+00
0.000000000000000000e+00 0.000000000000000000e+00
1.905359999999999943e+01 1.399160000000000004e+01
4.799750000000000227e+01 1.074500000000000011e+00
0.000000000000000000e+00 0.000000000000000000e+00
2.005359999999999943e+01 1.398739999999999917e+01
1.323239999999999839e+01 3.600000000000000000e+01
0.000000000000000000e+00 0.000000000000000000e+00
0.000000000000000000e+00 0.000000000000000000e+00
0.000000000000000000e+00 0.000000000000000000e+00
0.000000000000000000e+00 0.000000000000000000e+00
4.598960000000000292e+01 2.884000000000000341e+00
0.000000000000000000e+00 0.000000000000000000e+00
1.494050000000000011e+01 6.999299999999999855e+00
3.995800000000000018e+00 3.000000000000000000e+00
2.320709999999999695e+01 2.892169999999999774e+01
0.000000000000000000e+00 0.000000000000000000e+00
2.012010000000000076e+01 2.897390000000000043e+01
3.712480000000000047e+01 1.329759999999999920e+01
0.000000000000000000e+00 0.000000000000000000e+00
0.000000000000000000e+00 0.000000000000000000e+00
1.700000000000000000e+01 0.000000000000000000e+00
0.000000000000000000e+00 0.000000000000000000e+00
0.000000000000000000e+00 0.000000000000000000e+00
0.000000000000000000e+00 0.000000000000000000e+00
0.000000000000000000e+00 0.000000000000000000e+00
0.000000000000000000e+00 0.000000000000000000e+00
4.455899999999999750e+01 9.649499999999999744e+00
3.509379999999999455e+01 1.613159999999999883e+01
3.075079999999999814e+01 2.139720000000000155e+01
3.914999999999999858e+01 1.286390000000000100e+01
0.000000000000000000e+00 0.000000000000000000e+00
4.594819999999999993e+01 5.086199999999999832e+00
1.415280000000000271e+01 3.799620000000000175e+01
0.000000000000000000e+00 0.000000000000000000e+00
1.299799999999999933e+01 2.000000000000000000e+00
0.000000000000000000e+00 0.000000000000000000e+00
0.000000000000000000e+00 0.000000000000000000e+00
2.196760000000000090e+01 5.992799999999999905e+00
1.276400000000000112e+01 1.000000000000000000e+01
4.893100000000000449e+01 4.080000000000000071e+00
1.276400000000000112e+01 1.000000000000000000e+01
3.329149999999999920e+01 1.587289999999999957e+01
3.751420000000000243e+01 1.146320000000000050e+01
0.000000000000000000e+00 0.000000000000000000e+00
0.000000000000000000e+00 0.000000000000000000e+00
5.997999999999999332e+00 2.000000000000000000e+00
2.699799999999999756e+01 1.983999999999999986e+00
2.056099999999999994e+01 2.597660000000000124e+01
4.287259999999999849e+01 7.334600000000000009e+00
1.569860000000000078e+01 3.299340000000000117e+01
2.062999999999997947e+00 4.500000000000000000e+01
0.000000000000000000e+00 0.000000000000000000e+00
0.000000000000000000e+00 0.000000000000000000e+00
0.000000000000000000e+00 0.000000000000000000e+00
0.000000000000000000e+00 0.000000000000000000e+00
0.000000000000000000e+00 0.000000000000000000e+00
0.000000000000000000e+00 0.000000000000000000e+00
2.911160000000000281e+01 2.754080000000000084e+01
0.000000000000000000e+00 0.000000000000000000e+00
4.033050000000000068e+01 1.481760000000000055e+01
0.000000000000000000e+00 0.000000000000000000e+00
3.186769999999999925e+01 8.616600000000000037e+00
0.000000000000000000e+00 0.000000000000000000e+00
2.077950000000000230e+01 1.898290000000000077e+01
1.612809999999999988e+01 2.699460000000000193e+01
0.000000000000000000e+00 0.000000000000000000e+00
3.299799999999999756e+01 1.877000000000000002e+00
0.000000000000000000e+00 0.000000000000000000e+00
0.000000000000000000e+00 0.000000000000000000e+00
0.000000000000000000e+00 0.000000000000000000e+00
4.033050000000000068e+01 1.481760000000000055e+01
0.000000000000000000e+00 0.000000000000000000e+00
0.000000000000000000e+00 0.000000000000000000e+00
1.847300000000000253e+01 2.998799999999999955e+01
0.000000000000000000e+00 0.000000000000000000e+00
2.609499999999999886e+01 2.485500000000000043e+01
3.669640000000000413e+01 1.014840000000000053e+01
0.000000000000000000e+00 0.000000000000000000e+00
0.000000000000000000e+00 0.000000000000000000e+00
0.000000000000000000e+00 0.000000000000000000e+00
0.000000000000000000e+00 0.000000000000000000e+00
1.176400000000000112e+01 1.000000000000000000e+01
1.875039999999999907e+01 3.198720000000000141e+01
2.142599999999999838e+01 1.798019999999999996e+01
2.100000000000000000e+01 0.000000000000000000e+00
0.000000000000000000e+00 0.000000000000000000e+00
4.078419999999999845e+01 8.856899999999999551e+00
2.678800000000000026e+01 1.488599999999999923e+01
3.899439999999999884e+01 3.049199999999999910e+00
4.184010000000000673e+01 8.121100000000000207e+00
1.796760000000000090e+01 5.997600000000000264e+00
4.499819999999999709e+01 1.290599999999999969e+00
1.935069999999999979e+01 2.298620000000000019e+01
2.296760000000000090e+01 5.985000000000000320e+00
1.500000000000000000e+01 0.000000000000000000e+00
0.000000000000000000e+00 0.000000000000000000e+00
4.299349999999999739e+01 2.785499999999999865e+00
0.000000000000000000e+00 0.000000000000000000e+00
3.799040000000000106e+01 1.766159999999999997e+01
3.658400000000000318e+01 1.104219999999999935e+01
4.191419999999999391e+01 6.826600000000000890e+00
0.000000000000000000e+00 0.000000000000000000e+00
0.000000000000000000e+00 0.000000000000000000e+00
3.577009999999999934e+01 9.637100000000000222e+00
0.000000000000000000e+00 0.000000000000000000e+00
4.269920000000000471e+01 9.212799999999999656e+00
0.000000000000000000e+00 0.000000000000000000e+00
4.690879999999999939e+01 5.578399999999999359e+00
0.000000000000000000e+00 0.000000000000000000e+00
0.000000000000000000e+00 0.000000000000000000e+00
2.999580000000000268e+01 2.935799999999999965e+00
0.000000000000000000e+00 0.000000000000000000e+00
0.000000000000000000e+00 0.000000000000000000e+00
0.000000000000000000e+00 0.000000000000000000e+00
0.000000000000000000e+00 0.000000000000000000e+00
0.000000000000000000e+00 0.000000000000000000e+00
3.856460000000000576e+01 1.093960000000000043e+01
3.755760000000000076e+01 1.960559999999999903e+01
0.000000000000000000e+00 0.000000000000000000e+00
0.000000000000000000e+00 0.000000000000000000e+00
8.845200000000000173e+00 9.000000000000000000e+00
1.174080000000000013e+01 3.200000000000000000e+01
7.785400000000001874e+00 4.200000000000000000e+01
3.100000000000000000e+01 0.000000000000000000e+00
1.004899999999999460e+00 4.900000000000000000e+01
1.692599999999999838e+01 1.699490000000000123e+01
1.921230000000000260e+01 3.697779999999999490e+01
0.000000000000000000e+00 0.000000000000000000e+00
0.000000000000000000e+00 0.000000000000000000e+00
3.196999999999999886e+01 5.737200000000000522e+00
0.000000000000000000e+00 0.000000000000000000e+00
0.000000000000000000e+00 0.000000000000000000e+00
0.000000000000000000e+00 0.000000000000000000e+00
4.699649999999999750e+01 1.435500000000000220e+00
0.000000000000000000e+00 0.000000000000000000e+00
0.000000000000000000e+00 0.000000000000000000e+00
0.000000000000000000e+00 0.000000000000000000e+00
1.015280000000000271e+01 3.800000000000000000e+01
0.000000000000000000e+00 0.000000000000000000e+00
0.000000000000000000e+00 0.000000000000000000e+00
2.343319999999999581e+01 1.795139999999999958e+01
1.400000000000000000e+01 0.000000000000000000e+00
0.000000000000000000e+00 0.000000000000000000e+00
0.000000000000000000e+00 0.000000000000000000e+00
0.000000000000000000e+00 0.000000000000000000e+00
0.000000000000000000e+00 0.000000000000000000e+00
4.799099999999999966e+01 1.934999999999999609e+00
4.895060000000000144e+01 3.483999999999999986e+00
6.940500000000000114e+00 7.000000000000000000e+00
2.032200000000001339e+00 4.600000000000000000e+01
0.000000000000000000e+00 0.000000000000000000e+00
2.977700000000000102e+01 9.798999999999999488e+00
1.499959999999999916e+01 9.999000000000000110e-01
4.999360000000000070e+01 6.783999999999998920e-01
0.000000000000000000e+00 0.000000000000000000e+00
4.999949999999999761e+01 2.095000000000002416e-01
2.058800000000000097e+01 3.396940000000000026e+01
0.000000000000000000e+00 0.000000000000000000e+00
2.234220000000000184e+01 1.298050000000000104e+01
3.981039999999999424e+01 8.746800000000000352e+00
1.847300000000000253e+01 2.998799999999999955e+01
4.599920000000000186e+01 7.199999999999999734e-01
0.000000000000000000e+00 0.000000000000000000e+00
4.598469999999999658e+01 3.247200000000000308e+00
4.799980000000000047e+01 4.292000000000000259e-01
4.009819999999999851e+01 1.288619999999999877e+01
0.000000000000000000e+00 0.000000000000000000e+00
4.062999999999997947e+00 4.500000000000000000e+01
3.758879999999999910e+01 1.468259999999999899e+01
0.000000000000000000e+00 0.000000000000000000e+00
1.484520000000000017e+01 8.999100000000000321e+00
0.000000000000000000e+00 0.000000000000000000e+00
1.032200000000001561e+00 4.600000000000000000e+01
1.369199999999999839e+01 3.300000000000000000e+01
0.000000000000000000e+00 0.000000000000000000e+00
3.209360000000000213e+01 2.195579999999999998e+01
4.799980000000000047e+01 4.292000000000000259e-01
0.000000000000000000e+00 0.000000000000000000e+00
0.000000000000000000e+00 0.000000000000000000e+00
0.000000000000000000e+00 0.000000000000000000e+00
2.299579999999999913e+01 2.992199999999999971e+00
2.613799999999999812e+01 1.987800000000000011e+01
2.600000000000000000e+01 0.000000000000000000e+00
4.500000000000000000e+01 0.000000000000000000e+00
0.000000000000000000e+00 0.000000000000000000e+00
0.000000000000000000e+00 0.000000000000000000e+00
0.000000000000000000e+00 0.000000000000000000e+00
2.343319999999999581e+01 1.795139999999999958e+01
0.000000000000000000e+00 0.000000000000000000e+00
1.690479999999999805e+01 7.997600000000000264e+00
4.387819999999999965e+01 7.029399999999999871e+00
0.000000000000000000e+00 0.000000000000000000e+00
0.000000000000000000e+00 0.000000000000000000e+00
3.099119999999999919e+01 3.877600000000000158e+00
3.220000000000156071e-02 4.600000000000000000e+01
0.000000000000000000e+00 0.000000000000000000e+00
2.567020000000000124e+01 2.585960000000000036e+01
0.000000000000000000e+00 0.000000000000000000e+00
0.000000000000000000e+00 0.000000000000000000e+00
0.000000000000000000e+00 0.000000000000000000e+00
2.499800000000000111e+01 1.991400000000000059e+00
1.565239999999999831e+01 2.799439999999999884e+01
9.940500000000000114e+00 7.000000000000000000e+00
3.266169999999999618e+01 2.551229999999999976e+01
0.000000000000000000e+00 0.000000000000000000e+00
0.000000000000000000e+00 0.000000000000000000e+00
0.000000000000000000e+00 0.000000000000000000e+00
0.000000000000000000e+00 0.000000000000000000e+00
3.222030000000000172e+01 1.809179999999999922e+01
4.698239999999999839e+01 3.170200000000000351e+00
1.232000000000010864e-01 4.400000000000000000e+01
4.897270000000000323e+01 2.748900000000000343e+00
3.535280000000000200e+01 2.130720000000000169e+01
0.000000000000000000e+00 0.000000000000000000e+00
0.000000000000000000e+00 0.000000000000000000e+00
0.000000000000000000e+00 0.000000000000000000e+00
0.000000000000000000e+00 0.000000000000000000e+00
0.000000000000000000e+00 0.000000000000000000e+00
0.000000000000000000e+00 0.000000000000000000e+00
4.502799999999999869e+01 1.156949999999999967e+01
0.000000000000000000e+00 0.000000000000000000e+00
2.394050000000000011e+01 6.979700000000000237e+00
0.000000000000000000e+00 0.000000000000000000e+00
0.000000000000000000e+00 0.000000000000000000e+00
1.710849999999999937e+01 2.899130000000000251e+01
0.000000000000000000e+00 0.000000000000000000e+00
1.932329999999999970e+01 2.098739999999999739e+01
2.489329999999999643e+01 3.286140000000000327e+01
0.000000000000000000e+00 0.000000000000000000e+00
0.000000000000000000e+00 0.000000000000000000e+00
0.000000000000000000e+00 0.000000000000000000e+00
2.271620000000000061e+01 3.092560000000000286e+01
2.112010000000000076e+01 2.896809999999999974e+01
1.499959999999999916e+01 9.999000000000000110e-01
2.100000000000000000e+01 0.000000000000000000e+00
0.000000000000000000e+00 0.000000000000000000e+00
0.000000000000000000e+00 0.000000000000000000e+00
0.000000000000000000e+00 0.000000000000000000e+00
0.000000000000000000e+00 0.000000000000000000e+00
0.000000000000000000e+00 0.000000000000000000e+00
0.000000000000000000e+00 0.000000000000000000e+00
3.473640000000000327e+01 1.992539999999999978e+01
0.000000000000000000e+00 0.000000000000000000e+00
0.000000000000000000e+00 0.000000000000000000e+00
0.000000000000000000e+00 0.000000000000000000e+00
4.599159999999999826e+01 2.522800000000000153e+00
3.078600000000000136e+01 9.718999999999999417e+00
4.599499999999999744e+01 1.801499999999999879e+00
4.898020000000000351e+01 2.343599999999999461e+00
0.000000000000000000e+00 0.000000000000000000e+00
3.844200000000000017e+01 1.179299999999999926e+01
4.199970000000000425e+01 6.155999999999999250e-01
0.000000000000000000e+00 0.000000000000000000e+00
4.591519999999999868e+01 5.857599999999999696e+00
9.543799999999997397e+00 3.400000000000000000e+01
4.033189999999999742e+01 1.199350000000000094e+01
9.940500000000000114e+00 7.000000000000000000e+00
1.123239999999999839e+01 3.600000000000000000e+01
4.146620000000000061e+01 1.095479999999999876e+01
0.000000000000000000e+00 0.000000000000000000e+00
4.085119999999999862e+01 8.131199999999999761e+00
0.000000000000000000e+00 0.000000000000000000e+00
0.000000000000000000e+00 0.000000000000000000e+00
0.000000000000000000e+00 0.000000000000000000e+00
0.000000000000000000e+00 0.000000000000000000e+00
2.178559999999999874e+01 3.196480000000000032e+01
0.000000000000000000e+00 0.000000000000000000e+00
0.000000000000000000e+00 0.000000000000000000e+00
2.494639999999999702e+01 1.692859999999999943e+01
4.695360000000000156e+01 4.643200000000000216e+00
0.000000000000000000e+00 0.000000000000000000e+00
1.084520000000000017e+01 9.000000000000000000e+00
3.593759999999999621e+01 1.394239999999999924e+01
2.953759999999999764e+01 1.766159999999999997e+01
3.799960000000000093e+01 8.026999999999999691e-01
0.000000000000000000e+00 0.000000000000000000e+00
0.000000000000000000e+00 0.000000000000000000e+00
0.000000000000000000e+00 0.000000000000000000e+00
0.000000000000000000e+00 0.000000000000000000e+00
4.899230000000000018e+01 1.421199999999999797e+00
3.514929999999999666e+01 2.057810000000000272e+01
4.428010000000000446e+01 1.094570000000000043e+01
2.058800000000000097e+01 3.396940000000000026e+01
0.000000000000000000e+00 0.000000000000000000e+00
1.933830000000000027e+01 1.299219999999999864e+01
0.000000000000000000e+00 0.000000000000000000e+00
0.000000000000000000e+00 0.000000000000000000e+00
2.894259999999999877e+01 6.892900000000000027e+00
0.000000000000000000e+00 0.000000000000000000e+00
0.000000000000000000e+00 0.000000000000000000e+00
0.000000000000000000e+00 0.000000000000000000e+00
0.000000000000000000e+00 0.000000000000000000e+00
0.000000000000000000e+00 0.000000000000000000e+00
0.000000000000000000e+00 0.000000000000000000e+00
3.565920000000000556e+01 1.055279999999999951e+01
4.998700000000000188e+01 1.112799999999998679e+00
2.982399999999999807e+01 1.469400000000000084e+01
1.574080000000000013e+01 3.199360000000000070e+01
0.000000000000000000e+00 0.000000000000000000e+00
0.000000000000000000e+00 0.000000000000000000e+00
3.981039999999999424e+01 8.746800000000000352e+00
2.899119999999999919e+01 3.938400000000000123e+00
2.990800000000000125e+01 7.833599999999999675e+00
0.000000000000000000e+00 0.000000000000000000e+00
0.000000000000000000e+00 0.000000000000000000e+00
0.000000000000000000e+00 0.000000000000000000e+00
1.123239999999999839e+01 3.600000000000000000e+01
0.000000000000000000e+00 0.000000000000000000e+00
4.894599999999999795e+01 3.631499999999998618e+00
1.165240000000000009e+01 1.100000000000000000e+01
4.798900000000000432e+01 2.149999999999999467e+00
0.000000000000000000e+00 0.000000000000000000e+00
0.000000000000000000e+00 0.000000000000000000e+00
0.000000000000000000e+00 0.000000000000000000e+00
3.794639999999999702e+01 6.435999999999999943e+00
0.000000000000000000e+00 0.000000000000000000e+00
0.000000000000000000e+00 0.000000000000000000e+00
4.499599999999999511e+01 1.721999999999999975e+00
1.799960000000000093e+01 9.996000000000000441e-01
4.198320000000000363e+01 4.318299999999999805e+00
4.999360000000000070e+01 6.783999999999998920e-01
3.399960000000000093e+01 9.212000000000000188e-01
2.785220000000000340e+01 2.571399999999999864e+01
0.000000000000000000e+00 0.000000000000000000e+00
0.000000000000000000e+00 0.000000000000000000e+00
0.000000000000000000e+00 0.000000000000000000e+00
4.399600000000000222e+01 1.975600000000000023e+00
0.000000000000000000e+00 0.000000000000000000e+00
3.399610000000000554e+01 2.763900000000000023e+00
0.000000000000000000e+00 0.000000000000000000e+00
3.106550000000000367e+01 2.810099999999999909e+01
4.081040000000000845e+01 1.563079999999999892e+01
4.187159999999999371e+01 7.473600000000000243e+00
4.296849999999999881e+01 5.022000000000000242e+00
4.700000000000000000e+01 0.000000000000000000e+00
3.794599999999999795e+01 1.367650000000000077e+01
0.000000000000000000e+00 0.000000000000000000e+00
2.135519999999999996e+01 1.598240000000000016e+01
0.000000000000000000e+00 0.000000000000000000e+00
0.000000000000000000e+00 0.000000000000000000e+00
1.274080000000000013e+01 3.200000000000000000e+01
1.825760000000000005e+01 3.598560000000000514e+01
0.000000000000000000e+00 0.000000000000000000e+00
9.904799999999999827e+00 8.000000000000000000e+00
0.000000000000000000e+00 0.000000000000000000e+00
3.998560000000000514e+01 4.327200000000000379e+00
0.000000000000000000e+00 0.000000000000000000e+00
0.000000000000000000e+00 0.000000000000000000e+00
0.000000000000000000e+00 0.000000000000000000e+00
0.000000000000000000e+00 0.000000000000000000e+00
4.893619999999999948e+01 3.938200000000001033e+00
4.469240000000000634e+01 1.263079999999999892e+01
0.000000000000000000e+00 0.000000000000000000e+00
0.000000000000000000e+00 0.000000000000000000e+00
1.998300000000000054e+01 4.995999999999999552e+00
1.196760000000000090e+01 6.000000000000000000e+00
4.551999999999999602e+01 9.458400000000001029e+00
6.967600000000000016e+00 6.000000000000000000e+00
4.597120000000000317e+01 4.346399999999999153e+00
4.642000000000000171e+01 9.488800000000001234e+00
1.884520000000000195e+01 8.995499999999999829e+00
0.000000000000000000e+00 0.000000000000000000e+00
0.000000000000000000e+00 0.000000000000000000e+00
0.000000000000000000e+00 0.000000000000000000e+00
0.000000000000000000e+00 0.000000000000000000e+00
9.378999999999997783e+00 3.500000000000000000e+01
2.567020000000000124e+01 2.585960000000000036e+01
0.000000000000000000e+00 0.000000000000000000e+00
2.033960000000000079e+01 1.298830000000000062e+01
0.000000000000000000e+00 0.000000000000000000e+00
3.699640000000000128e+01 2.506200000000000205e+00
2.035519999999999996e+01 1.598559999999999981e+01
3.884710000000000463e+01 8.455700000000000216e+00
1.096759999999999913e+01 6.000000000000000000e+00
2.199749999999999872e+01 2.496999999999999886e+01
0.000000000000000000e+00 0.000000000000000000e+00
3.185640000000000072e+01 2.680720000000000169e+01
1.732329999999999970e+01 2.099160000000000181e+01
0.000000000000000000e+00 0.000000000000000000e+00
2.777199999999999847e+01 9.892999999999998906e+00
0.000000000000000000e+00 0.000000000000000000e+00
0.000000000000000000e+00 0.000000000000000000e+00
0.000000000000000000e+00 0.000000000000000000e+00
0.000000000000000000e+00 0.000000000000000000e+00
0.000000000000000000e+00 0.000000000000000000e+00
0.000000000000000000e+00 0.000000000000000000e+00
4.799639999999999418e+01 1.289399999999999880e+00
4.177459999999999951e+01 8.796200000000000685e+00
2.033279999999999887e+01 2.198019999999999996e+01
0.000000000000000000e+00 0.000000000000000000e+00
1.503650000000000020e+01 3.899609999999999843e+01
2.343319999999999581e+01 1.795139999999999958e+01
4.374839999999999662e+01 8.653000000000000469e+00
1.646699999999999875e+01 2.999099999999999966e+01
0.000000000000000000e+00 0.000000000000000000e+00
2.957110000000000127e+01 2.060519999999999996e+01
0.000000000000000000e+00 0.000000000000000000e+00
4.281779999999999831e+01 1.304559999999999853e+01
2.693939999999999912e+01 3.076129999999999853e+01
0.000000000000000000e+00 0.000000000000000000e+00
0.000000000000000000e+00 0.000000000000000000e+00
2.530799999999999983e+01 2.388240000000000052e+01
1.866039999999999921e+01 3.098760000000000048e+01
0.000000000000000000e+00 0.000000000000000000e+00
0.000000000000000000e+00 0.000000000000000000e+00
0.000000000000000000e+00 0.000000000000000000e+00
0.000000000000000000e+00 0.000000000000000000e+00
4.697719999999999629e+01 3.465599999999999348e+00
2.398300000000000054e+01 4.985000000000000320e+00
0.000000000000000000e+00 0.000000000000000000e+00
1.794050000000000011e+01 6.997200000000000308e+00
2.184520000000000195e+01 8.990099999999999980e+00
0.000000000000000000e+00 0.000000000000000000e+00
0.000000000000000000e+00 0.000000000000000000e+00
3.785400000000001874e+00 4.200000000000000000e+01
0.000000000000000000e+00 0.000000000000000000e+00
0.000000000000000000e+00 0.000000000000000000e+00
1.305359999999999943e+01 1.400000000000000000e+01
4.298460000000000036e+01 3.901800000000000157e+00
0.000000000000000000e+00 0.000000000000000000e+00
4.575850000000000506e+01 7.883399999999999075e+00
0.000000000000000000e+00 0.000000000000000000e+00
4.187159999999999371e+01 7.473600000000000243e+00
0.000000000000000000e+00 0.000000000000000000e+00
3.123200000000001086e+00 4.400000000000000000e+01
0.000000000000000000e+00 0.000000000000000000e+00
0.000000000000000000e+00 0.000000000000000000e+00
2.965190000000000126e+01 2.647350000000000136e+01
3.794639999999999702e+01 6.435999999999999943e+00
2.199960000000000093e+01 9.988000000000000211e-01
0.000000000000000000e+00 0.000000000000000000e+00
2.706159999999999854e+01 3.273270000000000124e+01
2.398300000000000054e+01 4.985000000000000320e+00
2.716200000000000259e+01 1.983399999999999963e+01
0.000000000000000000e+00 0.000000000000000000e+00
0.000000000000000000e+00 0.000000000000000000e+00
4.492019999999999413e+01 6.092800000000000438e+00
3.000000000000000000e+00 0.000000000000000000e+00
1.223239999999999839e+01 3.600000000000000000e+01
2.142599999999999838e+01 1.798019999999999996e+01
0.000000000000000000e+00 0.000000000000000000e+00
4.092399999999999949e+01 6.735999999999999766e+00
0.000000000000000000e+00 0.000000000000000000e+00
4.699120000000000630e+01 2.301599999999999646e+00
0.000000000000000000e+00 0.000000000000000000e+00
2.048799999999999955e+01 2.997299999999999898e+01
2.178140000000000143e+01 1.897909999999999897e+01
0.000000000000000000e+00 0.000000000000000000e+00
1.600000000000000000e+01 0.000000000000000000e+00
4.689399999999999835e+01 5.893999999999999240e+00
0.000000000000000000e+00 0.000000000000000000e+00
1.756080000000000041e+01 3.398640000000000327e+01
1.265240000000000009e+01 1.100000000000000000e+01
4.999989999999999668e+01 4.190000000000004832e-02
1.665240000000000009e+01 1.099670000000000059e+01
4.383200000000000074e+01 7.573500000000000121e+00
0.000000000000000000e+00 0.000000000000000000e+00
0.000000000000000000e+00 0.000000000000000000e+00
1.115280000000000271e+01 3.800000000000000000e+01
4.496590000000000487e+01 4.753100000000000769e+00
0.000000000000000000e+00 0.000000000000000000e+00
4.999939999999999429e+01 2.514000000000002899e-01
2.742200000000000060e+01 2.081099999999999994e+01
0.000000000000000000e+00 0.000000000000000000e+00
3.299610000000000554e+01 2.815500000000000114e+00
0.000000000000000000e+00 0.000000000000000000e+00
3.161919999999999931e+01 2.499120000000000275e+01
4.480960000000000321e+01 7.547999999999999154e+00
2.294050000000000011e+01 6.982499999999999929e+00
0.000000000000000000e+00 0.000000000000000000e+00
3.055959999999999965e+01 1.168919999999999959e+01
0.000000000000000000e+00 0.000000000000000000e+00
2.193619999999999948e+01 1.697960000000000136e+01
0.000000000000000000e+00 0.000000000000000000e+00
3.598799999999999955e+01 4.348500000000000476e+00
0.000000000000000000e+00 0.000000000000000000e+00
0.000000000000000000e+00 0.000000000000000000e+00
2.855310000000000059e+01 2.270100000000000051e+01
1.352839999999999954e+01 1.200000000000000000e+01
1.354379999999999917e+01 3.400000000000000000e+01
2.099799999999999756e+01 1.997999999999999998e+00
2.596760000000000090e+01 5.965199999999999392e+00
3.897129999999999939e+01 5.344500000000000028e+00
2.477450000000000330e+01 1.493700000000000117e+01
0.000000000000000000e+00 0.000000000000000000e+00
2.052840000000000131e+01 1.198920000000000030e+01
2.638560000000000016e+01 1.588959999999999972e+01
0.000000000000000000e+00 0.000000000000000000e+00
0.000000000000000000e+00 0.000000000000000000e+00
0.000000000000000000e+00 0.000000000000000000e+00
0.000000000000000000e+00 0.000000000000000000e+00
4.791720000000000113e+01 5.071500000000000341e+00
0.000000000000000000e+00 0.000000000000000000e+00
0.000000000000000000e+00 0.000000000000000000e+00
0.000000000000000000e+00 0.000000000000000000e+00
2.279850000000000065e+01 1.895250000000000057e+01
0.000000000000000000e+00 0.000000000000000000e+00
0.000000000000000000e+00 0.000000000000000000e+00
3.179500000000000171e+01 9.585000000000000853e+00
0.000000000000000000e+00 0.000000000000000000e+00
3.583020000000000493e+01 1.661929999999999907e+01
0.000000000000000000e+00 0.000000000000000000e+00
2.852029999999999887e+01 2.862589999999999790e+01
2.877599999999999980e+01 9.855999999999999872e+00
1.800000000000000000e+01 0.000000000000000000e+00
0.000000000000000000e+00 0.000000000000000000e+00
2.899800000000000111e+01 1.969000000000000083e+00
2.911160000000000281e+01 2.754080000000000084e+01
1.675499999999999901e+01 1.499549999999999983e+01
4.899720000000000653e+01 9.016000000000001791e-01
2.175500000000000256e+01 1.498349999999999937e+01
0.000000000000000000e+00 0.000000000000000000e+00
1.333439999999999870e+01 1.300000000000000000e+01
1.800000000000000000e+01 0.000000000000000000e+00
0.000000000000000000e+00 0.000000000000000000e+00
3.549799999999997624e+00 4.100000000000000000e+01
1.505359999999999943e+01 1.399859999999999971e+01
0.000000000000000000e+00 0.000000000000000000e+00
4.899230000000000018e+01 1.421199999999999797e+00
1.665729999999999933e+01 3.099070000000000036e+01
1.675499999999999901e+01 1.499549999999999983e+01
1.546399999999999864e+01 2.999399999999999977e+01
3.499199999999999733e+01 3.596799999999999997e+00
9.232399999999998386e+00 3.600000000000000000e+01
0.000000000000000000e+00 0.000000000000000000e+00
4.799510000000000076e+01 1.504299999999999748e+00
0.000000000000000000e+00 0.000000000000000000e+00
0.000000000000000000e+00 0.000000000000000000e+00
0.000000000000000000e+00 0.000000000000000000e+00
3.106550000000000367e+01 2.810099999999999909e+01
4.549799999999997624e+00 4.100000000000000000e+01
1.183599999999999852e+01 4.000000000000000000e+01
3.539249999999999829e+01 2.217500000000000071e+01
3.899859999999999616e+01 1.524000000000000021e+00
2.353560000000000230e+01 1.196640000000000015e+01
0.000000000000000000e+00 0.000000000000000000e+00
3.999670000000000414e+01 2.162100000000000133e+00
3.339979999999999905e+01 2.050840000000000174e+01
9.940500000000000114e+00 7.000000000000000000e+00
0.000000000000000000e+00 0.000000000000000000e+00
1.494050000000000011e+01 6.999299999999999855e+00
2.583719999999999928e+01 2.784039999999999893e+01
0.000000000000000000e+00 0.000000000000000000e+00
2.115510000000000090e+01 2.697030000000000172e+01
0.000000000000000000e+00 0.000000000000000000e+00
1.619749999999999801e+01 3.699260000000000304e+01
0.000000000000000000e+00 0.000000000000000000e+00
0.000000000000000000e+00 0.000000000000000000e+00
0.000000000000000000e+00 0.000000000000000000e+00
0.000000000000000000e+00 0.000000000000000000e+00
0.000000000000000000e+00 0.000000000000000000e+00
0.000000000000000000e+00 0.000000000000000000e+00
2.646020000000000039e+01 1.787219999999999942e+01
0.000000000000000000e+00 0.000000000000000000e+00
0.000000000000000000e+00 0.000000000000000000e+00
0.000000000000000000e+00 0.000000000000000000e+00
0.000000000000000000e+00 0.000000000000000000e+00
3.679099999999999682e+01 9.276299999999999102e+00
0.000000000000000000e+00 0.000000000000000000e+00
1.183599999999999852e+01 4.000000000000000000e+01
0.000000000000000000e+00 0.000000000000000000e+00
2.594120000000000203e+01 6.959399999999999586e+00
0.000000000000000000e+00 0.000000000000000000e+00
0.000000000000000000e+00 0.000000000000000000e+00
0.000000000000000000e+00 0.000000000000000000e+00
1.624320000000000164e+01 3.599280000000000257e+01
3.937759999999999394e+01 1.197439999999999927e+01
0.000000000000000000e+00 0.000000000000000000e+00
0.000000000000000000e+00 0.000000000000000000e+00
0.000000000000000000e+00 0.000000000000000000e+00
4.795629999999999882e+01 4.128700000000001147e+00
0.000000000000000000e+00 0.000000000000000000e+00
1.154379999999999740e+01 3.400000000000000000e+01
2.284609999999999985e+01 8.977500000000000924e+00
0.000000000000000000e+00 0.000000000000000000e+00
2.835779999999999745e+01 1.284009999999999962e+01
0.000000000000000000e+00 0.000000000000000000e+00
0.000000000000000000e+00 0.000000000000000000e+00
0.000000000000000000e+00 0.000000000000000000e+00
0.000000000000000000e+00 0.000000000000000000e+00
4.595969999999999800e+01 4.718999999999999417e+00
0.000000000000000000e+00 0.000000000000000000e+00
0.000000000000000000e+00 0.000000000000000000e+00
0.000000000000000000e+00 0.000000000000000000e+00
0.000000000000000000e+00 0.000000000000000000e+00
1.123200000000001086e+00 4.400000000000000000e+01
