8.710405276744303649e+00
-2.790391221203635475e+00
2.786491004428281926e+01
0.000000000000000000e+00
0.000000000000000000e+00
2.339010277001425386e+00
0.000000000000000000e+00
-4.101919003792403373e+00
2.184549523246154834e+01
0.000000000000000000e+00
1.316771704225421757e+01
0.000000000000000000e+00
1.362900925681887365e+01
0.000000000000000000e+00
0.000000000000000000e+00
0.000000000000000000e+00
0.000000000000000000e+00
0.000000000000000000e+00
0.000000000000000000e+00
0.000000000000000000e+00
0.000000000000000000e+00
0.000000000000000000e+00
3.710405276744338288e+00
0.000000000000000000e+00
0.000000000000000000e+00
3.710405276744338288e+00
2.786491004428281926e+01
0.000000000000000000e+00
0.000000000000000000e+00
2.404704265076136327e+00
0.000000000000000000e+00
0.000000000000000000e+00
0.000000000000000000e+00
1.438782337737448991e+01
0.000000000000000000e+00
0.000000000000000000e+00
1.916771704225429218e+01
0.000000000000000000e+00
1.399061640804352713e+01
9.168150866847392777e+00
3.386491004428279439e+01
3.056856137509634763e+01
7.036556832012871965e+00
1.916771704225429218e+01
1.235097226896717970e+01
2.686491004428278373e+01
0.000000000000000000e+00
0.000000000000000000e+00
1.484888111254963938e+01
0.000000000000000000e+00
0.000000000000000000e+00
0.000000000000000000e+00
1.616771704225419981e+01
0.000000000000000000e+00
0.000000000000000000e+00
3.386491004428279439e+01
0.000000000000000000e+00
0.000000000000000000e+00
0.000000000000000000e+00
0.000000000000000000e+00
2.986491004428276241e+01
4.710405276744340064e+00
1.103655683201285420e+01
1.816771704225429218e+01
0.000000000000000000e+00
0.000000000000000000e+00
0.000000000000000000e+00
2.286534386887594650e+01
1.877247571025161488e+00
0.000000000000000000e+00
0.000000000000000000e+00
3.430296826707907343e+01
4.710405276744340064e+00
3.086491004428279794e+01
1.616771704225419981e+01
0.000000000000000000e+00
0.000000000000000000e+00
1.710405276744342284e+00
9.168150866847392777e+00
1.416771704225418205e+01
0.000000000000000000e+00
2.786491004428281926e+01
1.384565650156914174e+01
2.086612414318420505e+01
3.286491004428280860e+01
0.000000000000000000e+00
0.000000000000000000e+00
0.000000000000000000e+00
3.086491004428279794e+01
0.000000000000000000e+00
3.186491004428279794e+01
1.116779491369061184e+01
2.886491004428283347e+01
1.994160331053359414e+01
1.241884173104808475e+01
0.000000000000000000e+00
0.000000000000000000e+00
0.000000000000000000e+00
3.386491004428279439e+01
0.000000000000000000e+00
0.000000000000000000e+00
1.303333222103234590e+01
1.716771704225423534e+01
-2.895168518192746676e-01
0.000000000000000000e+00
0.000000000000000000e+00
0.000000000000000000e+00
2.686491004428278373e+01
1.786941742314476045e+01
0.000000000000000000e+00
2.686491004428278373e+01
0.000000000000000000e+00
8.710405276744303649e+00
2.586491004428279084e+01
7.420611779543850872e+00
0.000000000000000000e+00
0.000000000000000000e+00
0.000000000000000000e+00
3.286491004428280860e+01
0.000000000000000000e+00
7.710405276744315195e+00
0.000000000000000000e+00
8.710405276744303649e+00
0.000000000000000000e+00
-1.428350775795311112e+00
0.000000000000000000e+00
0.000000000000000000e+00
3.186491004428279794e+01
2.986491004428276241e+01
0.000000000000000000e+00
2.286534386887594650e+01
1.716771704225423534e+01
0.000000000000000000e+00
0.000000000000000000e+00
1.916771704225429218e+01
0.000000000000000000e+00
6.169602174939064376e+00
2.586491004428279084e+01
2.075286595790340627e+01
1.616771704225419981e+01
1.884565650156913108e+01
0.000000000000000000e+00
1.916771704225429218e+01
2.886491004428283347e+01
0.000000000000000000e+00
2.284666568432646017e+01
2.786491004428281926e+01
-1.101919003792413809e+00
0.000000000000000000e+00
2.886491004428283347e+01
0.000000000000000000e+00
0.000000000000000000e+00
0.000000000000000000e+00
0.000000000000000000e+00
0.000000000000000000e+00
0.000000000000000000e+00
2.506256796431248102e+00
3.186491004428279794e+01
-2.733014671539173435e+00
2.886491004428283347e+01
0.000000000000000000e+00
1.516771704225418738e+01
0.000000000000000000e+00
0.000000000000000000e+00
0.000000000000000000e+00
-2.289160898662514043e+00
9.848881112549673134e+00
7.710405276744315195e+00
1.826852046258369944e+00
0.000000000000000000e+00
3.186491004428279794e+01
0.000000000000000000e+00
0.000000000000000000e+00
4.700028083978780025e+00
3.286491004428280860e+01
0.000000000000000000e+00
0.000000000000000000e+00
0.000000000000000000e+00
0.000000000000000000e+00
0.000000000000000000e+00
0.000000000000000000e+00
0.000000000000000000e+00
0.000000000000000000e+00
2.284549523246158031e+01
2.386508791571916888e+01
0.000000000000000000e+00
0.000000000000000000e+00
0.000000000000000000e+00
0.000000000000000000e+00
2.886491004428283347e+01
0.000000000000000000e+00
-1.928420225137022159e+00
0.000000000000000000e+00
0.000000000000000000e+00
0.000000000000000000e+00
0.000000000000000000e+00
1.473036395395335241e+01
-2.101919003792417584e+00
3.086491004428279794e+01
3.255053599647194318e+01
0.000000000000000000e+00
0.000000000000000000e+00
0.000000000000000000e+00
0.000000000000000000e+00
2.384565650156913108e+01
7.104052767443378436e-01
-6.286787622950759769e+00
0.000000000000000000e+00
0.000000000000000000e+00
4.710405276744340064e+00
0.000000000000000000e+00
2.198042813659272898e+00
2.016771704225427442e+01
3.386491004428279439e+01
0.000000000000000000e+00
7.710405276744315195e+00
6.273197440527674473e+00
0.000000000000000000e+00
1.816771704225429218e+01
0.000000000000000000e+00
0.000000000000000000e+00
3.430397744983638830e+01
0.000000000000000000e+00
0.000000000000000000e+00
0.000000000000000000e+00
2.084565650156914174e+01
1.040052055762235561e+01
2.286534386887594650e+01
0.000000000000000000e+00
-1.797438601805708913e+00
0.000000000000000000e+00
8.710405276744303649e+00
3.286491004428280860e+01
0.000000000000000000e+00
0.000000000000000000e+00
0.000000000000000000e+00
0.000000000000000000e+00
0.000000000000000000e+00
3.086491004428279794e+01
0.000000000000000000e+00
0.000000000000000000e+00
3.186491004428279794e+01
0.000000000000000000e+00
0.000000000000000000e+00
-3.996259037130060476e-01
0.000000000000000000e+00
-4.550737958265153260e+00
3.420509769053970217e+01
3.386491004428279439e+01
0.000000000000000000e+00
0.000000000000000000e+00
0.000000000000000000e+00
9.364790540003956609e-01
0.000000000000000000e+00
0.000000000000000000e+00
1.984565650156912398e+01
0.000000000000000000e+00
3.286491004428280860e+01
0.000000000000000000e+00
0.000000000000000000e+00
6.710405276744324965e+00
1.521779617250109951e+01
3.286491004428280860e+01
0.000000000000000000e+00
0.000000000000000000e+00
2.273340385623113136e+01
3.530296826707906632e+01
0.000000000000000000e+00
0.000000000000000000e+00
0.000000000000000000e+00
0.000000000000000000e+00
0.000000000000000000e+00
0.000000000000000000e+00
2.442753733508740588e+00
1.434255791751017739e+01
0.000000000000000000e+00
1.016789491369061693e+01
6.434426340172533898e+00
0.000000000000000000e+00
3.455053599647191476e+01
0.000000000000000000e+00
0.000000000000000000e+00
0.000000000000000000e+00
3.286491004428280860e+01
3.186491004428279794e+01
1.687320656142003727e+01
3.286491004428280860e+01
1.587874035665129213e+01
3.186491004428279794e+01
0.000000000000000000e+00
0.000000000000000000e+00
1.816817563983472494e+00
2.686491004428278373e+01
3.186491004428279794e+01
9.595273998236093504e+00
1.389731203665218118e+01
0.000000000000000000e+00
0.000000000000000000e+00
2.016771704225427442e+01
1.884888111254962695e+01
6.418552638092439366e+00
2.630397744983631014e+01
0.000000000000000000e+00
4.710405276744340064e+00
0.000000000000000000e+00
0.000000000000000000e+00
0.000000000000000000e+00
-2.337537138769376188e+00
3.086491004428279794e+01
0.000000000000000000e+00
3.286491004428280860e+01
3.530280699797150135e+01
0.000000000000000000e+00
0.000000000000000000e+00
3.386491004428279439e+01
5.580364235885709512e+00
0.000000000000000000e+00
2.710405276744334291e+00
0.000000000000000000e+00
0.000000000000000000e+00
0.000000000000000000e+00
0.000000000000000000e+00
2.016771704225427442e+01
2.940518828264912177e+00
0.000000000000000000e+00
0.000000000000000000e+00
0.000000000000000000e+00
0.000000000000000000e+00
3.430280699797151556e+01
0.000000000000000000e+00
0.000000000000000000e+00
0.000000000000000000e+00
0.000000000000000000e+00
0.000000000000000000e+00
0.000000000000000000e+00
0.000000000000000000e+00
0.000000000000000000e+00
0.000000000000000000e+00
7.710405276744315195e+00
1.687320656142003727e+01
-2.459240679898092807e+00
0.000000000000000000e+00
0.000000000000000000e+00
0.000000000000000000e+00
0.000000000000000000e+00
3.179396381347387113e+00
0.000000000000000000e+00
3.286491004428280860e+01
1.389715563971650347e+01
0.000000000000000000e+00
0.000000000000000000e+00
0.000000000000000000e+00
0.000000000000000000e+00
-3.469089657674197191e+00
-1.704093881939968913e+00
0.000000000000000000e+00
0.000000000000000000e+00
2.486498791571916200e+01
3.186491004428279794e+01
3.186491004428279794e+01
-3.662226480370133624e-02
0.000000000000000000e+00
0.000000000000000000e+00
1.547152705454840182e+00
-2.895168518192746676e-01
3.102515193436208296e+00
0.000000000000000000e+00
0.000000000000000000e+00
0.000000000000000000e+00
2.986491004428276241e+01
1.939147805608177322e+01
4.710405276744340064e+00
1.340470426507609325e+01
0.000000000000000000e+00
0.000000000000000000e+00
2.386508791571916888e+01
0.000000000000000000e+00
0.000000000000000000e+00
2.184666568432642464e+01
2.184888111254961629e+01
0.000000000000000000e+00
0.000000000000000000e+00
0.000000000000000000e+00
1.716771704225423534e+01
0.000000000000000000e+00
0.000000000000000000e+00
0.000000000000000000e+00
0.000000000000000000e+00
0.000000000000000000e+00
0.000000000000000000e+00
0.000000000000000000e+00
2.838646523800091082e+00
2.054385868635500145e+01
0.000000000000000000e+00
0.000000000000000000e+00
0.000000000000000000e+00
-9.983691205668490554e+00
7.681255778386741895e+00
3.273197440527689128e+00
0.000000000000000000e+00
3.719294347030887593e+01
3.230280699797151556e+01
0.000000000000000000e+00
2.384549523246156966e+01
8.730363953953306222e+00
-5.302392795273998871e+00
0.000000000000000000e+00
3.286491004428280860e+01
0.000000000000000000e+00
0.000000000000000000e+00
0.000000000000000000e+00
0.000000000000000000e+00
0.000000000000000000e+00
0.000000000000000000e+00
0.000000000000000000e+00
2.330296826707896329e+01
0.000000000000000000e+00
-1.546497955153346204e+00
0.000000000000000000e+00
3.386491004428279439e+01
0.000000000000000000e+00
0.000000000000000000e+00
0.000000000000000000e+00
0.000000000000000000e+00
0.000000000000000000e+00
2.931908962316399414e+00
3.932449490141176618e+00
0.000000000000000000e+00
0.000000000000000000e+00
3.186491004428279794e+01
-2.177699162975452296e+00
0.000000000000000000e+00
0.000000000000000000e+00
0.000000000000000000e+00
0.000000000000000000e+00
8.033332221032340570e+00
0.000000000000000000e+00
1.216942209019344823e+01
3.386491004428279439e+01
0.000000000000000000e+00
0.000000000000000000e+00
1.305166069639156046e+00
1.416771704225418205e+01
7.168931141155677089e+00
0.000000000000000000e+00
0.000000000000000000e+00
2.084565650156914174e+01
0.000000000000000000e+00
0.000000000000000000e+00
-4.007465595295118810e+00
8.710405276744303649e+00
0.000000000000000000e+00
0.000000000000000000e+00
1.702243512201991660e+00
1.203333222103234590e+01
1.233978042856403690e+01
0.000000000000000000e+00
0.000000000000000000e+00
0.000000000000000000e+00
0.000000000000000000e+00
0.000000000000000000e+00
4.036556832012880847e+00
5.699018901221465150e+00
0.000000000000000000e+00
0.000000000000000000e+00
3.700028083978783133e+00
0.000000000000000000e+00
0.000000000000000000e+00
1.453973054906503215e+01
1.816771704225429218e+01
0.000000000000000000e+00
1.716771704225423534e+01
0.000000000000000000e+00
2.980614939736825786e+00
0.000000000000000000e+00
2.016771704225427442e+01
1.673483387743328876e+01
2.016771704225427442e+01
0.000000000000000000e+00
3.030296826707905211e+01
1.473036395395335241e+01
0.000000000000000000e+00
1.717949109382154393e+00
0.000000000000000000e+00
4.710405276744340064e+00
0.000000000000000000e+00
0.000000000000000000e+00
0.000000000000000000e+00
0.000000000000000000e+00
0.000000000000000000e+00
0.000000000000000000e+00
0.000000000000000000e+00
0.000000000000000000e+00
0.000000000000000000e+00
2.430296826707898106e+01
0.000000000000000000e+00
0.000000000000000000e+00
4.173017710447061823e+00
0.000000000000000000e+00
2.969918273811443399e+01
0.000000000000000000e+00
3.086491004428279794e+01
0.000000000000000000e+00
6.855759505710052437e+00
0.000000000000000000e+00
0.000000000000000000e+00
8.710405276744303649e+00
2.730397744983631370e+01
5.710405276744336511e+00
7.155122587893257835e-01
0.000000000000000000e+00
2.179166246084502045e+00
0.000000000000000000e+00
1.816771704225429218e+01
1.857821581360724039e+01
0.000000000000000000e+00
1.237382560110292928e+01
3.386491004428279439e+01
0.000000000000000000e+00
0.000000000000000000e+00
0.000000000000000000e+00
-1.630318036876830856e+00
0.000000000000000000e+00
3.286491004428280860e+01
3.454541800464077994e+00
3.086491004428279794e+01
0.000000000000000000e+00
0.000000000000000000e+00
0.000000000000000000e+00
0.000000000000000000e+00
0.000000000000000000e+00
1.816771704225429218e+01
0.000000000000000000e+00
0.000000000000000000e+00
0.000000000000000000e+00
2.486498791571916200e+01
0.000000000000000000e+00
9.872176908220193781e+00
2.086612414318420505e+01
0.000000000000000000e+00
3.710405276744338288e+00
3.700028083978783133e+00
6.710405276744324965e+00
0.000000000000000000e+00
3.130397744983638830e+01
0.000000000000000000e+00
2.016771704225427442e+01
1.816771704225429218e+01
0.000000000000000000e+00
0.000000000000000000e+00
0.000000000000000000e+00
3.130002165711954110e+00
7.033332221032360110e+00
5.424880508992986350e+00
2.016771704225427442e+01
2.686491004428278373e+01
1.916771704225429218e+01
0.000000000000000000e+00
-3.090316070723101216e+00
1.480281419954549982e+01
0.000000000000000000e+00
-1.101919003792413809e+00
3.942690871134574060e+00
0.000000000000000000e+00
0.000000000000000000e+00
1.716771704225423534e+01
0.000000000000000000e+00
0.000000000000000000e+00
0.000000000000000000e+00
1.616771704225419981e+01
0.000000000000000000e+00
3.817214696357549286e+00
0.000000000000000000e+00
2.986491004428276241e+01
9.036556832012857754e+00
0.000000000000000000e+00
0.000000000000000000e+00
0.000000000000000000e+00
3.186491004428279794e+01
2.886491004428283347e+01
0.000000000000000000e+00
0.000000000000000000e+00
2.086612414318420505e+01
0.000000000000000000e+00
3.530280699797150135e+01
1.203333222103234590e+01
0.000000000000000000e+00
6.710405276744324965e+00
0.000000000000000000e+00
0.000000000000000000e+00
0.000000000000000000e+00
0.000000000000000000e+00
0.000000000000000000e+00
3.086491004428279794e+01
0.000000000000000000e+00
9.704458940168522729e-02
0.000000000000000000e+00
1.308877167490144799e+01
0.000000000000000000e+00
1.916771704225429218e+01
0.000000000000000000e+00
3.086491004428279794e+01
0.000000000000000000e+00
0.000000000000000000e+00
-1.479875345441343359e+00
0.000000000000000000e+00
0.000000000000000000e+00
0.000000000000000000e+00
4.710405276744340064e+00
8.848881112549644712e+00
0.000000000000000000e+00
0.000000000000000000e+00
0.000000000000000000e+00
0.000000000000000000e+00
0.000000000000000000e+00
0.000000000000000000e+00
6.930261320050984608e+00
0.000000000000000000e+00
0.000000000000000000e+00
0.000000000000000000e+00
0.000000000000000000e+00
0.000000000000000000e+00
0.000000000000000000e+00
0.000000000000000000e+00
0.000000000000000000e+00
9.168150866847392777e+00
0.000000000000000000e+00
0.000000000000000000e+00
0.000000000000000000e+00
3.286491004428280860e+01
0.000000000000000000e+00
0.000000000000000000e+00
2.886491004428283347e+01
0.000000000000000000e+00
0.000000000000000000e+00
1.886771714458773630e+01
0.000000000000000000e+00
5.710405276744336511e+00
2.986491004428276241e+01
3.286491004428280860e+01
0.000000000000000000e+00
0.000000000000000000e+00
3.086491004428279794e+01
9.472211691458657157e+00
0.000000000000000000e+00
0.000000000000000000e+00
0.000000000000000000e+00
2.686491004428278373e+01
8.710405276744303649e+00
1.443036724711494223e+01
2.486498791571916200e+01
0.000000000000000000e+00
0.000000000000000000e+00
3.254284950359772921e+01
1.598272973016511278e+00
0.000000000000000000e+00
8.710405276744303649e+00
0.000000000000000000e+00
0.000000000000000000e+00
0.000000000000000000e+00
0.000000000000000000e+00
0.000000000000000000e+00
0.000000000000000000e+00
0.000000000000000000e+00
2.830280699797141608e+01
0.000000000000000000e+00
1.138922072782629336e+01
0.000000000000000000e+00
0.000000000000000000e+00
0.000000000000000000e+00
0.000000000000000000e+00
0.000000000000000000e+00
0.000000000000000000e+00
5.362348583649231948e+00
0.000000000000000000e+00
0.000000000000000000e+00
0.000000000000000000e+00
2.820586833397920934e+00
7.273197440527705560e+00
4.350140843123400991e+00
0.000000000000000000e+00
0.000000000000000000e+00
0.000000000000000000e+00
1.839605063414244057e+01
0.000000000000000000e+00
0.000000000000000000e+00
1.973394956353710583e+01
1.816771704225429218e+01
0.000000000000000000e+00
0.000000000000000000e+00
0.000000000000000000e+00
0.000000000000000000e+00
3.086491004428279794e+01
0.000000000000000000e+00
3.386491004428279439e+01
1.265834207039444870e+01
0.000000000000000000e+00
0.000000000000000000e+00
2.284549523246158031e+01
0.000000000000000000e+00
0.000000000000000000e+00
0.000000000000000000e+00
9.988462655973613380e+00
2.385336239965240779e+01
2.786491004428281926e+01
0.000000000000000000e+00
5.041018713906584736e+00
0.000000000000000000e+00
5.698857632113908167e+00
2.486498791571916200e+01
9.999393006701060571e+00
2.174192865103056960e+01
0.000000000000000000e+00
1.538922072782629158e+01
3.086491004428279794e+01
3.386491004428279439e+01
0.000000000000000000e+00
1.219018128789197464e+00
0.000000000000000000e+00
0.000000000000000000e+00
0.000000000000000000e+00
3.530296826707906632e+01
0.000000000000000000e+00
0.000000000000000000e+00
0.000000000000000000e+00
0.000000000000000000e+00
1.706705394095693107e+00
0.000000000000000000e+00
2.130296826707895619e+01
5.872970059908440454e+00
0.000000000000000000e+00
0.000000000000000000e+00
1.773036395395336839e+01
0.000000000000000000e+00
3.530296826707906632e+01
0.000000000000000000e+00
3.330296826707907343e+01
0.000000000000000000e+00
0.000000000000000000e+00
0.000000000000000000e+00
0.000000000000000000e+00
0.000000000000000000e+00
0.000000000000000000e+00
0.000000000000000000e+00
3.330280699797150845e+01
0.000000000000000000e+00
0.000000000000000000e+00
2.486498791571916200e+01
-4.101919003792403373e+00
0.000000000000000000e+00
0.000000000000000000e+00
0.000000000000000000e+00
3.386491004428279439e+01
0.000000000000000000e+00
1.716771704225423534e+01
0.000000000000000000e+00
1.666102075130857063e+00
2.286534386887594650e+01
-9.262191952512576210e-01
0.000000000000000000e+00
2.386508791571916888e+01
0.000000000000000000e+00
3.630280699797152977e+01
1.616771704225419981e+01
0.000000000000000000e+00
0.000000000000000000e+00
0.000000000000000000e+00
0.000000000000000000e+00
0.000000000000000000e+00
7.710405276744315195e+00
0.000000000000000000e+00
0.000000000000000000e+00
0.000000000000000000e+00
0.000000000000000000e+00
0.000000000000000000e+00
0.000000000000000000e+00
0.000000000000000000e+00
7.104052767443378436e-01
0.000000000000000000e+00
0.000000000000000000e+00
0.000000000000000000e+00
0.000000000000000000e+00
0.000000000000000000e+00
0.000000000000000000e+00
0.000000000000000000e+00
2.886491004428283347e+01
0.000000000000000000e+00
0.000000000000000000e+00
0.000000000000000000e+00
0.000000000000000000e+00
0.000000000000000000e+00
0.000000000000000000e+00
0.000000000000000000e+00
0.000000000000000000e+00
0.000000000000000000e+00
0.000000000000000000e+00
3.719106159955133251e+01
0.000000000000000000e+00
0.000000000000000000e+00
0.000000000000000000e+00
0.000000000000000000e+00
5.078053057290541794e+00
0.000000000000000000e+00
0.000000000000000000e+00
1.440246579614921352e+01
3.186491004428279794e+01
1.475317779050286271e+00
2.710405276744334291e+00
0.000000000000000000e+00
0.000000000000000000e+00
0.000000000000000000e+00
2.586491004428279084e+01
0.000000000000000000e+00
0.000000000000000000e+00
2.786491004428281926e+01
2.521368758623270878e+01
0.000000000000000000e+00
0.000000000000000000e+00
0.000000000000000000e+00
1.143398560075262615e+01
0.000000000000000000e+00
0.000000000000000000e+00
0.000000000000000000e+00
0.000000000000000000e+00
4.753155160823205883e+00
0.000000000000000000e+00
0.000000000000000000e+00
1.809447451089473446e+01
0.000000000000000000e+00
0.000000000000000000e+00
0.000000000000000000e+00
1.129075064947289420e+01
0.000000000000000000e+00
8.710405276744303649e+00
0.000000000000000000e+00
3.186491004428279794e+01
0.000000000000000000e+00
1.524070384618073248e+01
2.181640986930638348e+01
0.000000000000000000e+00
0.000000000000000000e+00
2.016771704225427442e+01
0.000000000000000000e+00
-4.034481907744737583e+00
0.000000000000000000e+00
0.000000000000000000e+00
2.320845597995193188e+01
0.000000000000000000e+00
0.000000000000000000e+00
4.710405276744340064e+00
0.000000000000000000e+00
0.000000000000000000e+00
0.000000000000000000e+00
4.049825578600224851e+00
5.170878611773025213e+00
0.000000000000000000e+00
0.000000000000000000e+00
0.000000000000000000e+00
0.000000000000000000e+00
0.000000000000000000e+00
3.286491004428280860e+01
0.000000000000000000e+00
0.000000000000000000e+00
0.000000000000000000e+00
7.710405276744315195e+00
3.186491004428279794e+01
1.916771704225429218e+01
0.000000000000000000e+00
1.340075179252255388e+01
0.000000000000000000e+00
2.673090448177814693e+01
0.000000000000000000e+00
1.023048366756598782e+01
3.386491004428279439e+01
1.916771704225429218e+01
0.000000000000000000e+00
0.000000000000000000e+00
0.000000000000000000e+00
0.000000000000000000e+00
3.386491004428279439e+01
0.000000000000000000e+00
0.000000000000000000e+00
0.000000000000000000e+00
1.416771704225418205e+01
1.003434140378963946e+01
0.000000000000000000e+00
2.986491004428276241e+01
0.000000000000000000e+00
0.000000000000000000e+00
0.000000000000000000e+00
1.039605063414242281e+01
0.000000000000000000e+00
0.000000000000000000e+00
0.000000000000000000e+00
0.000000000000000000e+00
0.000000000000000000e+00
0.000000000000000000e+00
0.000000000000000000e+00
0.000000000000000000e+00
0.000000000000000000e+00
0.000000000000000000e+00
0.000000000000000000e+00
0.000000000000000000e+00
0.000000000000000000e+00
4.172224421116184523e+00
3.051707030915708607e+00
2.473563170479902951e+01
-4.007459464803062588e+00
0.000000000000000000e+00
2.300795756034931472e+00
7.036556832012871965e+00
0.000000000000000000e+00
0.000000000000000000e+00
0.000000000000000000e+00
4.219822972105458980e+00
0.000000000000000000e+00
0.000000000000000000e+00
0.000000000000000000e+00
0.000000000000000000e+00
0.000000000000000000e+00
9.389220727826304014e+00
1.041525951041633746e+01
2.521697312043077943e+01
0.000000000000000000e+00
0.000000000000000000e+00
0.000000000000000000e+00
0.000000000000000000e+00
0.000000000000000000e+00
0.000000000000000000e+00
0.000000000000000000e+00
0.000000000000000000e+00
0.000000000000000000e+00
2.386508791571916888e+01
1.503317095192479869e+01
0.000000000000000000e+00
0.000000000000000000e+00
0.000000000000000000e+00
0.000000000000000000e+00
6.917759940078435088e-01
0.000000000000000000e+00
0.000000000000000000e+00
0.000000000000000000e+00
0.000000000000000000e+00
0.000000000000000000e+00
3.337434000710621351e+00
0.000000000000000000e+00
0.000000000000000000e+00
0.000000000000000000e+00
2.016771704225427442e+01
0.000000000000000000e+00
0.000000000000000000e+00
3.186491004428279794e+01
0.000000000000000000e+00
0.000000000000000000e+00
0.000000000000000000e+00
0.000000000000000000e+00
0.000000000000000000e+00
0.000000000000000000e+00
0.000000000000000000e+00
0.000000000000000000e+00
0.000000000000000000e+00
0.000000000000000000e+00
1.240099699721354298e+01
0.000000000000000000e+00
0.000000000000000000e+00
0.000000000000000000e+00
6.821153425863415443e+00
0.000000000000000000e+00
0.000000000000000000e+00
2.886491004428283347e+01
0.000000000000000000e+00
3.082663434519956613e+00
0.000000000000000000e+00
0.000000000000000000e+00
0.000000000000000000e+00
0.000000000000000000e+00
2.793053207538120031e+00
0.000000000000000000e+00
0.000000000000000000e+00
-3.288856614395114786e+00
0.000000000000000000e+00
0.000000000000000000e+00
0.000000000000000000e+00
8.497954823299121330e+00
0.000000000000000000e+00
0.000000000000000000e+00
0.000000000000000000e+00
0.000000000000000000e+00
0.000000000000000000e+00
1.773036395395336839e+01
0.000000000000000000e+00
0.000000000000000000e+00
7.710405276744315195e+00
1.916771704225429218e+01
1.016789491369061693e+01
1.407032852627419839e+00
0.000000000000000000e+00
0.000000000000000000e+00
0.000000000000000000e+00
0.000000000000000000e+00
