1.240057810460060850e+01
0.000000000000000000e+00
2.786491004428281926e+01
0.000000000000000000e+00
0.000000000000000000e+00
2.404590536420142755e+00
0.000000000000000000e+00
0.000000000000000000e+00
2.273241758488711994e+01
0.000000000000000000e+00
1.316771704225421757e+01
0.000000000000000000e+00
1.367529156910441479e+01
0.000000000000000000e+00
0.000000000000000000e+00
0.000000000000000000e+00
0.000000000000000000e+00
0.000000000000000000e+00
0.000000000000000000e+00
0.000000000000000000e+00
0.000000000000000000e+00
0.000000000000000000e+00
3.710405276744338288e+00
0.000000000000000000e+00
0.000000000000000000e+00
3.710405276744338288e+00
2.786491004428281926e+01
0.000000000000000000e+00
0.000000000000000000e+00
2.404704265076136327e+00
0.000000000000000000e+00
0.000000000000000000e+00
0.000000000000000000e+00
1.441983504087527734e+01
0.000000000000000000e+00
0.000000000000000000e+00
1.916771704225429218e+01
0.000000000000000000e+00
1.410116756332705634e+01
8.231806551953926743e+00
3.386491004428279439e+01
3.056631816740789276e+01
7.036556832012871965e+00
1.916771704225429218e+01
1.239135679959975178e+01
2.686491004428278373e+01
0.000000000000000000e+00
0.000000000000000000e+00
1.484888111254963938e+01
0.000000000000000000e+00
0.000000000000000000e+00
0.000000000000000000e+00
1.616771704225419981e+01
0.000000000000000000e+00
0.000000000000000000e+00
3.386491004428279439e+01
0.000000000000000000e+00
0.000000000000000000e+00
0.000000000000000000e+00
0.000000000000000000e+00
2.986491004428276241e+01
4.710405276744340064e+00
1.103655683201285420e+01
1.816771704225429218e+01
0.000000000000000000e+00
0.000000000000000000e+00
0.000000000000000000e+00
2.286533984172178435e+01
2.103825651328230073e+00
0.000000000000000000e+00
0.000000000000000000e+00
3.286491004428280860e+01
4.710405276744340064e+00
3.086491004428279794e+01
9.576798197183496342e+00
0.000000000000000000e+00
0.000000000000000000e+00
0.000000000000000000e+00
9.168133476020928541e+00
1.416771704225418205e+01
0.000000000000000000e+00
2.786491004428281926e+01
1.384565650156914174e+01
2.086610001312056539e+01
3.286491004428280860e+01
0.000000000000000000e+00
0.000000000000000000e+00
0.000000000000000000e+00
3.086491004428279794e+01
0.000000000000000000e+00
3.186491004428279794e+01
1.116779491369061184e+01
2.886491004428283347e+01
2.133805755663863124e+01
1.239497853199230093e+01
0.000000000000000000e+00
0.000000000000000000e+00
0.000000000000000000e+00
3.386491004428279439e+01
0.000000000000000000e+00
0.000000000000000000e+00
1.303333222103234590e+01
1.716771704225423534e+01
-2.895168518192746676e-01
0.000000000000000000e+00
0.000000000000000000e+00
0.000000000000000000e+00
2.686491004428278373e+01
1.656875613962422378e+01
0.000000000000000000e+00
2.686491004428278373e+01
0.000000000000000000e+00
8.914291351844807920e+00
2.586491004428279084e+01
7.429019186048130940e+00
0.000000000000000000e+00
0.000000000000000000e+00
0.000000000000000000e+00
3.286491004428280860e+01
0.000000000000000000e+00
7.710405276744315195e+00
0.000000000000000000e+00
8.710405276744303649e+00
0.000000000000000000e+00
0.000000000000000000e+00
0.000000000000000000e+00
0.000000000000000000e+00
3.186491004428279794e+01
2.986491004428276241e+01
0.000000000000000000e+00
2.286533304433620373e+01
1.716771704225423534e+01
0.000000000000000000e+00
0.000000000000000000e+00
1.916771704225429218e+01
0.000000000000000000e+00
6.169582267019521282e+00
2.752360106313145849e+01
2.184666568432642464e+01
1.616771704225419981e+01
1.884565650156913108e+01
0.000000000000000000e+00
1.916771704225429218e+01
2.886491004428283347e+01
0.000000000000000000e+00
2.284666568432646017e+01
2.786491004428281926e+01
-1.101919003792413809e+00
0.000000000000000000e+00
2.886491004428283347e+01
0.000000000000000000e+00
0.000000000000000000e+00
0.000000000000000000e+00
0.000000000000000000e+00
0.000000000000000000e+00
0.000000000000000000e+00
2.493172655324840115e+00
3.186491004428279794e+01
0.000000000000000000e+00
2.886491004428283347e+01
0.000000000000000000e+00
1.516771704225418738e+01
0.000000000000000000e+00
0.000000000000000000e+00
0.000000000000000000e+00
0.000000000000000000e+00
9.848881045820482072e+00
7.710405276744315195e+00
1.826739193474215872e+00
0.000000000000000000e+00
3.186491004428279794e+01
0.000000000000000000e+00
0.000000000000000000e+00
4.700028083978780025e+00
3.286491004428280860e+01
0.000000000000000000e+00
0.000000000000000000e+00
0.000000000000000000e+00
0.000000000000000000e+00
0.000000000000000000e+00
0.000000000000000000e+00
0.000000000000000000e+00
0.000000000000000000e+00
2.284549523246158031e+01
2.386508705525205087e+01
0.000000000000000000e+00
0.000000000000000000e+00
0.000000000000000000e+00
0.000000000000000000e+00
2.886491004428283347e+01
0.000000000000000000e+00
8.032305242671102796e-01
0.000000000000000000e+00
0.000000000000000000e+00
0.000000000000000000e+00
0.000000000000000000e+00
1.473036395395335241e+01
-2.101919003792417584e+00
3.086491004428279794e+01
3.254590263192464761e+01
0.000000000000000000e+00
0.000000000000000000e+00
0.000000000000000000e+00
0.000000000000000000e+00
2.384565650156913108e+01
7.104052767443378436e-01
0.000000000000000000e+00
0.000000000000000000e+00
0.000000000000000000e+00
4.710405276744340064e+00
0.000000000000000000e+00
4.201545008363080314e+00
2.016771704225427442e+01
3.386491004428279439e+01
0.000000000000000000e+00
7.710405276744315195e+00
6.273197440527674473e+00
0.000000000000000000e+00
1.816771704225429218e+01
0.000000000000000000e+00
0.000000000000000000e+00
3.386491004428279439e+01
0.000000000000000000e+00
0.000000000000000000e+00
0.000000000000000000e+00
2.084565650156914174e+01
1.040019053642010327e+01
2.286533304433620373e+01
0.000000000000000000e+00
0.000000000000000000e+00
0.000000000000000000e+00
8.710405276744303649e+00
3.286491004428280860e+01
0.000000000000000000e+00
0.000000000000000000e+00
0.000000000000000000e+00
0.000000000000000000e+00
0.000000000000000000e+00
3.086491004428279794e+01
0.000000000000000000e+00
0.000000000000000000e+00
3.186491004428279794e+01
0.000000000000000000e+00
0.000000000000000000e+00
0.000000000000000000e+00
0.000000000000000000e+00
0.000000000000000000e+00
3.420091024986535899e+01
3.386491004428279439e+01
0.000000000000000000e+00
0.000000000000000000e+00
0.000000000000000000e+00
9.471624807728403761e-01
0.000000000000000000e+00
0.000000000000000000e+00
1.984565650156912398e+01
0.000000000000000000e+00
3.286491004428280860e+01
0.000000000000000000e+00
0.000000000000000000e+00
6.710405276744324965e+00
1.517465612180308021e+01
3.286491004428280860e+01
0.000000000000000000e+00
0.000000000000000000e+00
2.273340385623113136e+01
3.530296826707906632e+01
0.000000000000000000e+00
0.000000000000000000e+00
0.000000000000000000e+00
0.000000000000000000e+00
0.000000000000000000e+00
0.000000000000000000e+00
0.000000000000000000e+00
1.417413523952251175e+01
0.000000000000000000e+00
1.016789453962511303e+01
6.435026445183047450e+00
0.000000000000000000e+00
3.530296826707906632e+01
0.000000000000000000e+00
0.000000000000000000e+00
0.000000000000000000e+00
3.286491004428280860e+01
3.186491004428279794e+01
1.687485254507979704e+01
3.230619287805959772e+01
1.588312615706017894e+01
3.186491004428279794e+01
0.000000000000000000e+00
0.000000000000000000e+00
0.000000000000000000e+00
2.686491004428278373e+01
3.186491004428279794e+01
1.203317095192478625e+01
1.390234223608769781e+01
0.000000000000000000e+00
0.000000000000000000e+00
2.016771704225427442e+01
1.884888111254962695e+01
6.034341403789684755e+00
2.630397744983631014e+01
0.000000000000000000e+00
4.710405276744340064e+00
0.000000000000000000e+00
0.000000000000000000e+00
0.000000000000000000e+00
0.000000000000000000e+00
3.130397744983638830e+01
0.000000000000000000e+00
3.286491004428280860e+01
3.530280699797150135e+01
0.000000000000000000e+00
0.000000000000000000e+00
3.386491004428279439e+01
5.520591104194870979e+00
0.000000000000000000e+00
2.710405276744334291e+00
0.000000000000000000e+00
0.000000000000000000e+00
0.000000000000000000e+00
0.000000000000000000e+00
2.016771704225427442e+01
3.118084400638363007e+00
0.000000000000000000e+00
0.000000000000000000e+00
0.000000000000000000e+00
0.000000000000000000e+00
3.430280699797151556e+01
0.000000000000000000e+00
0.000000000000000000e+00
0.000000000000000000e+00
0.000000000000000000e+00
0.000000000000000000e+00
0.000000000000000000e+00
0.000000000000000000e+00
0.000000000000000000e+00
0.000000000000000000e+00
7.710405276744315195e+00
1.687453383430936782e+01
0.000000000000000000e+00
0.000000000000000000e+00
0.000000000000000000e+00
0.000000000000000000e+00
0.000000000000000000e+00
2.514471527243411497e+00
0.000000000000000000e+00
3.286491004428280860e+01
1.390443240894155963e+01
0.000000000000000000e+00
0.000000000000000000e+00
0.000000000000000000e+00
0.000000000000000000e+00
-3.471346031243225827e+00
8.497444424765799864e-01
0.000000000000000000e+00
0.000000000000000000e+00
2.486498791571916200e+01
3.186491004428279794e+01
3.186491004428279794e+01
0.000000000000000000e+00
0.000000000000000000e+00
0.000000000000000000e+00
1.370191603894162835e+00
-2.895168518192746676e-01
3.128772592769598848e+00
0.000000000000000000e+00
0.000000000000000000e+00
0.000000000000000000e+00
3.119849336987386224e+01
1.939085679959976360e+01
4.158758057930736385e+00
1.340470426507609325e+01
0.000000000000000000e+00
0.000000000000000000e+00
2.228421005630452001e+01
0.000000000000000000e+00
0.000000000000000000e+00
2.184666568432642464e+01
2.184888111254961629e+01
0.000000000000000000e+00
0.000000000000000000e+00
0.000000000000000000e+00
1.925888461012016961e+01
0.000000000000000000e+00
0.000000000000000000e+00
0.000000000000000000e+00
0.000000000000000000e+00
0.000000000000000000e+00
0.000000000000000000e+00
0.000000000000000000e+00
2.830722342029431626e+00
1.786989479340465792e+01
0.000000000000000000e+00
0.000000000000000000e+00
0.000000000000000000e+00
0.000000000000000000e+00
7.675291569104422784e+00
3.273197440527689128e+00
0.000000000000000000e+00
3.718972935039694505e+01
3.230280699797151556e+01
0.000000000000000000e+00
2.384549523246156966e+01
8.730363953953306222e+00
0.000000000000000000e+00
0.000000000000000000e+00
3.286491004428280860e+01
0.000000000000000000e+00
0.000000000000000000e+00
0.000000000000000000e+00
0.000000000000000000e+00
0.000000000000000000e+00
0.000000000000000000e+00
0.000000000000000000e+00
2.330296826707896329e+01
0.000000000000000000e+00
0.000000000000000000e+00
0.000000000000000000e+00
3.386491004428279439e+01
0.000000000000000000e+00
0.000000000000000000e+00
0.000000000000000000e+00
0.000000000000000000e+00
0.000000000000000000e+00
2.931908962316399414e+00
3.932449490141176618e+00
0.000000000000000000e+00
0.000000000000000000e+00
3.186491004428279794e+01
-2.177660694048538570e+00
0.000000000000000000e+00
0.000000000000000000e+00
0.000000000000000000e+00
0.000000000000000000e+00
8.033332221032340570e+00
0.000000000000000000e+00
1.219037229351408769e+01
3.386491004428279439e+01
0.000000000000000000e+00
0.000000000000000000e+00
0.000000000000000000e+00
1.416771704225418205e+01
7.168918486662555267e+00
0.000000000000000000e+00
0.000000000000000000e+00
2.084565650156914174e+01
0.000000000000000000e+00
0.000000000000000000e+00
1.248145557258470761e+00
8.710405276744303649e+00
0.000000000000000000e+00
0.000000000000000000e+00
1.702243512201991660e+00
1.203333222103234590e+01
1.273230448177807617e+01
0.000000000000000000e+00
0.000000000000000000e+00
0.000000000000000000e+00
0.000000000000000000e+00
0.000000000000000000e+00
1.347637211808725421e+00
0.000000000000000000e+00
0.000000000000000000e+00
0.000000000000000000e+00
3.700028083978783133e+00
0.000000000000000000e+00
0.000000000000000000e+00
2.355053599647191831e+01
1.816771704225429218e+01
0.000000000000000000e+00
1.716771704225423534e+01
0.000000000000000000e+00
2.977158495462186583e+00
0.000000000000000000e+00
2.016771704225427442e+01
1.673450385623104353e+01
2.016771704225427442e+01
0.000000000000000000e+00
2.886491004428283347e+01
1.473036395395335241e+01
0.000000000000000000e+00
6.845636922826384918e+00
0.000000000000000000e+00
4.710405276744340064e+00
0.000000000000000000e+00
0.000000000000000000e+00
0.000000000000000000e+00
0.000000000000000000e+00
0.000000000000000000e+00
0.000000000000000000e+00
0.000000000000000000e+00
0.000000000000000000e+00
0.000000000000000000e+00
2.430296826707898106e+01
0.000000000000000000e+00
0.000000000000000000e+00
4.175613798421497158e+00
0.000000000000000000e+00
2.786491004428281926e+01
0.000000000000000000e+00
3.086491004428279794e+01
0.000000000000000000e+00
6.854898471425814321e+00
0.000000000000000000e+00
0.000000000000000000e+00
8.710405276744303649e+00
2.686491004428278373e+01
5.203756127390374076e+00
7.155122587893257835e-01
0.000000000000000000e+00
2.897050033347497333e+00
0.000000000000000000e+00
1.816771704225429218e+01
2.284666568432646017e+01
0.000000000000000000e+00
1.240349053642011334e+01
3.386491004428279439e+01
0.000000000000000000e+00
0.000000000000000000e+00
0.000000000000000000e+00
-2.135921771288900118e-06
0.000000000000000000e+00
3.286491004428280860e+01
3.462477282297161452e+00
3.073116678955789638e+01
0.000000000000000000e+00
0.000000000000000000e+00
0.000000000000000000e+00
0.000000000000000000e+00
0.000000000000000000e+00
1.816771704225429218e+01
0.000000000000000000e+00
0.000000000000000000e+00
0.000000000000000000e+00
2.486498791571916200e+01
0.000000000000000000e+00
1.009167527034741951e+01
2.086612018174744421e+01
0.000000000000000000e+00
3.710405276744338288e+00
0.000000000000000000e+00
6.710405276744324965e+00
0.000000000000000000e+00
3.130397744983638830e+01
0.000000000000000000e+00
2.016771704225427442e+01
1.816771704225429218e+01
0.000000000000000000e+00
0.000000000000000000e+00
0.000000000000000000e+00
3.122793778679344268e+00
7.033332221032360110e+00
5.424061381304638552e+00
2.123600006330183732e+01
2.686491004428278373e+01
1.916771704225429218e+01
0.000000000000000000e+00
0.000000000000000000e+00
1.489906586916008102e+01
0.000000000000000000e+00
0.000000000000000000e+00
3.938421421375325693e+00
0.000000000000000000e+00
0.000000000000000000e+00
1.716771704225423534e+01
0.000000000000000000e+00
0.000000000000000000e+00
0.000000000000000000e+00
1.616771704225419981e+01
0.000000000000000000e+00
3.816826202842535043e+00
0.000000000000000000e+00
2.986491004428276241e+01
9.036556832012857754e+00
0.000000000000000000e+00
0.000000000000000000e+00
0.000000000000000000e+00
3.186491004428279794e+01
2.886491004428283347e+01
0.000000000000000000e+00
0.000000000000000000e+00
2.086610350204714592e+01
0.000000000000000000e+00
3.530280699797150135e+01
1.203333222103234590e+01
0.000000000000000000e+00
6.710405276744324965e+00
0.000000000000000000e+00
0.000000000000000000e+00
0.000000000000000000e+00
0.000000000000000000e+00
0.000000000000000000e+00
3.086491004428279794e+01
0.000000000000000000e+00
1.735912591386803205e+00
0.000000000000000000e+00
1.308977590160314364e+01
0.000000000000000000e+00
1.916771704225429218e+01
0.000000000000000000e+00
3.086491004428279794e+01
0.000000000000000000e+00
0.000000000000000000e+00
3.998905307114972163e-01
0.000000000000000000e+00
0.000000000000000000e+00
0.000000000000000000e+00
4.710405276744340064e+00
8.848880946677407877e+00
0.000000000000000000e+00
0.000000000000000000e+00
0.000000000000000000e+00
0.000000000000000000e+00
0.000000000000000000e+00
0.000000000000000000e+00
6.938248864594104504e+00
0.000000000000000000e+00
0.000000000000000000e+00
0.000000000000000000e+00
0.000000000000000000e+00
0.000000000000000000e+00
0.000000000000000000e+00
0.000000000000000000e+00
0.000000000000000000e+00
9.168148743165071224e+00
0.000000000000000000e+00
0.000000000000000000e+00
0.000000000000000000e+00
3.286491004428280860e+01
0.000000000000000000e+00
0.000000000000000000e+00
2.886491004428283347e+01
0.000000000000000000e+00
0.000000000000000000e+00
1.886943684495214058e+01
0.000000000000000000e+00
5.710405276744336511e+00
2.986491004428276241e+01
3.286491004428280860e+01
0.000000000000000000e+00
0.000000000000000000e+00
3.130397744983638830e+01
1.103655683201285420e+01
0.000000000000000000e+00
0.000000000000000000e+00
0.000000000000000000e+00
2.686491004428278373e+01
8.710405276744303649e+00
1.686214985913700204e+01
2.486498791571916200e+01
0.000000000000000000e+00
0.000000000000000000e+00
3.254302876231493258e+01
1.796738836220346913e+00
0.000000000000000000e+00
8.710405276744303649e+00
0.000000000000000000e+00
0.000000000000000000e+00
0.000000000000000000e+00
0.000000000000000000e+00
0.000000000000000000e+00
0.000000000000000000e+00
0.000000000000000000e+00
2.830280699797141608e+01
0.000000000000000000e+00
1.138922072782629336e+01
0.000000000000000000e+00
0.000000000000000000e+00
0.000000000000000000e+00
0.000000000000000000e+00
0.000000000000000000e+00
0.000000000000000000e+00
5.392456168344049061e+00
0.000000000000000000e+00
0.000000000000000000e+00
0.000000000000000000e+00
2.820139305951460340e+00
7.273197440527705560e+00
4.352630370755690592e+00
0.000000000000000000e+00
0.000000000000000000e+00
0.000000000000000000e+00
1.839605063414244057e+01
0.000000000000000000e+00
0.000000000000000000e+00
1.973670385623108459e+01
1.816771704225429218e+01
0.000000000000000000e+00
0.000000000000000000e+00
0.000000000000000000e+00
0.000000000000000000e+00
3.086491004428279794e+01
0.000000000000000000e+00
3.386491004428279439e+01
1.273210448177807486e+01
0.000000000000000000e+00
0.000000000000000000e+00
2.284549523246158031e+01
0.000000000000000000e+00
0.000000000000000000e+00
0.000000000000000000e+00
1.020704572291012724e+01
2.385336239965240779e+01
2.786491004428281926e+01
0.000000000000000000e+00
5.041018713906584736e+00
0.000000000000000000e+00
5.698857632113908167e+00
2.486498791571916200e+01
9.817685289667164028e+00
2.184549523246154834e+01
0.000000000000000000e+00
1.538922072782629158e+01
3.086491004428279794e+01
3.386491004428279439e+01
0.000000000000000000e+00
9.681623276953621460e-01
0.000000000000000000e+00
0.000000000000000000e+00
0.000000000000000000e+00
3.386491004428279439e+01
0.000000000000000000e+00
0.000000000000000000e+00
0.000000000000000000e+00
0.000000000000000000e+00
0.000000000000000000e+00
0.000000000000000000e+00
1.986671910967708854e+01
5.873773257208296350e+00
0.000000000000000000e+00
0.000000000000000000e+00
1.773036395395336839e+01
0.000000000000000000e+00
3.530296826707906632e+01
0.000000000000000000e+00
3.330296826707907343e+01
0.000000000000000000e+00
0.000000000000000000e+00
0.000000000000000000e+00
0.000000000000000000e+00
0.000000000000000000e+00
0.000000000000000000e+00
0.000000000000000000e+00
3.330280699797150845e+01
0.000000000000000000e+00
0.000000000000000000e+00
2.486498791571916200e+01
0.000000000000000000e+00
0.000000000000000000e+00
0.000000000000000000e+00
0.000000000000000000e+00
3.386491004428279439e+01
0.000000000000000000e+00
1.716771704225423534e+01
0.000000000000000000e+00
1.772407144381225486e+00
2.286533881649040012e+01
-2.844877412106723291e-01
0.000000000000000000e+00
2.386508771345566871e+01
0.000000000000000000e+00
3.630280699797152977e+01
1.616771704225419981e+01
0.000000000000000000e+00
0.000000000000000000e+00
0.000000000000000000e+00
0.000000000000000000e+00
0.000000000000000000e+00
7.710405276744315195e+00
0.000000000000000000e+00
0.000000000000000000e+00
0.000000000000000000e+00
0.000000000000000000e+00
0.000000000000000000e+00
0.000000000000000000e+00
0.000000000000000000e+00
0.000000000000000000e+00
0.000000000000000000e+00
0.000000000000000000e+00
0.000000000000000000e+00
0.000000000000000000e+00
0.000000000000000000e+00
0.000000000000000000e+00
0.000000000000000000e+00
2.886491004428283347e+01
0.000000000000000000e+00
0.000000000000000000e+00
0.000000000000000000e+00
0.000000000000000000e+00
0.000000000000000000e+00
0.000000000000000000e+00
0.000000000000000000e+00
0.000000000000000000e+00
0.000000000000000000e+00
0.000000000000000000e+00
3.718953104996415249e+01
0.000000000000000000e+00
0.000000000000000000e+00
0.000000000000000000e+00
0.000000000000000000e+00
5.085521721064437450e+00
0.000000000000000000e+00
0.000000000000000000e+00
1.440250426507611969e+01
3.186491004428279794e+01
0.000000000000000000e+00
0.000000000000000000e+00
0.000000000000000000e+00
0.000000000000000000e+00
0.000000000000000000e+00
2.586491004428279084e+01
0.000000000000000000e+00
0.000000000000000000e+00
2.786491004428281926e+01
2.523144188194697790e+01
0.000000000000000000e+00
0.000000000000000000e+00
0.000000000000000000e+00
1.139605063414243169e+01
0.000000000000000000e+00
0.000000000000000000e+00
0.000000000000000000e+00
0.000000000000000000e+00
5.845983152668559946e+00
0.000000000000000000e+00
0.000000000000000000e+00
1.809467384252659272e+01
0.000000000000000000e+00
0.000000000000000000e+00
0.000000000000000000e+00
1.129090841056091499e+01
0.000000000000000000e+00
8.710405276744303649e+00
0.000000000000000000e+00
3.186491004428279794e+01
0.000000000000000000e+00
1.513943324093047949e+01
2.186711977642677240e+01
0.000000000000000000e+00
0.000000000000000000e+00
2.016771704225427442e+01
0.000000000000000000e+00
0.000000000000000000e+00
0.000000000000000000e+00
0.000000000000000000e+00
2.322650768793706533e+01
0.000000000000000000e+00
0.000000000000000000e+00
4.710405276744340064e+00
0.000000000000000000e+00
0.000000000000000000e+00
0.000000000000000000e+00
4.049825578600224851e+00
5.172057319945785103e+00
0.000000000000000000e+00
0.000000000000000000e+00
0.000000000000000000e+00
0.000000000000000000e+00
0.000000000000000000e+00
3.286491004428280860e+01
0.000000000000000000e+00
0.000000000000000000e+00
0.000000000000000000e+00
7.710405276744315195e+00
3.186491004428279794e+01
1.985334299444334150e+01
0.000000000000000000e+00
1.340030426507609640e+01
0.000000000000000000e+00
2.673090448177814693e+01
0.000000000000000000e+00
1.021113791778915392e+01
3.386491004428279439e+01
1.916771704225429218e+01
0.000000000000000000e+00
0.000000000000000000e+00
0.000000000000000000e+00
0.000000000000000000e+00
3.386491004428279439e+01
0.000000000000000000e+00
0.000000000000000000e+00
0.000000000000000000e+00
1.416771704225418205e+01
1.003434140378963946e+01
0.000000000000000000e+00
2.986491004428276241e+01
0.000000000000000000e+00
0.000000000000000000e+00
0.000000000000000000e+00
1.039605063414242281e+01
0.000000000000000000e+00
0.000000000000000000e+00
0.000000000000000000e+00
0.000000000000000000e+00
0.000000000000000000e+00
0.000000000000000000e+00
0.000000000000000000e+00
0.000000000000000000e+00
0.000000000000000000e+00
0.000000000000000000e+00
0.000000000000000000e+00
0.000000000000000000e+00
0.000000000000000000e+00
4.173344710682060033e+00
2.938538633456504012e+00
2.473241758488710218e+01
1.105094467131082725e+00
0.000000000000000000e+00
5.089175901603070429e+00
7.036556832012871965e+00
0.000000000000000000e+00
0.000000000000000000e+00
0.000000000000000000e+00
4.417904152598869594e+00
0.000000000000000000e+00
0.000000000000000000e+00
0.000000000000000000e+00
0.000000000000000000e+00
0.000000000000000000e+00
9.389220727826304014e+00
1.516156430225112706e+00
2.521239712982520231e+01
0.000000000000000000e+00
0.000000000000000000e+00
0.000000000000000000e+00
0.000000000000000000e+00
0.000000000000000000e+00
0.000000000000000000e+00
0.000000000000000000e+00
0.000000000000000000e+00
0.000000000000000000e+00
2.386508736541858156e+01
1.503317095192479869e+01
0.000000000000000000e+00
0.000000000000000000e+00
0.000000000000000000e+00
0.000000000000000000e+00
0.000000000000000000e+00
0.000000000000000000e+00
0.000000000000000000e+00
0.000000000000000000e+00
0.000000000000000000e+00
0.000000000000000000e+00
3.347231798576446593e+00
0.000000000000000000e+00
0.000000000000000000e+00
0.000000000000000000e+00
2.016771704225427442e+01
0.000000000000000000e+00
0.000000000000000000e+00
3.186491004428279794e+01
0.000000000000000000e+00
0.000000000000000000e+00
0.000000000000000000e+00
0.000000000000000000e+00
0.000000000000000000e+00
0.000000000000000000e+00
0.000000000000000000e+00
0.000000000000000000e+00
0.000000000000000000e+00
0.000000000000000000e+00
1.240129053642011314e+01
0.000000000000000000e+00
0.000000000000000000e+00
0.000000000000000000e+00
6.817939305951484563e+00
0.000000000000000000e+00
0.000000000000000000e+00
2.886491004428283347e+01
0.000000000000000000e+00
3.090175901603056108e+00
0.000000000000000000e+00
0.000000000000000000e+00
0.000000000000000000e+00
0.000000000000000000e+00
2.817226202842547877e+00
0.000000000000000000e+00
0.000000000000000000e+00
0.000000000000000000e+00
0.000000000000000000e+00
0.000000000000000000e+00
0.000000000000000000e+00
4.840524100376946137e+00
0.000000000000000000e+00
0.000000000000000000e+00
0.000000000000000000e+00
0.000000000000000000e+00
0.000000000000000000e+00
1.773036395395336839e+01
0.000000000000000000e+00
0.000000000000000000e+00
7.710405276744315195e+00
1.916771704225429218e+01
1.035828814699314826e+01
1.402978104600629550e+00
0.000000000000000000e+00
0.000000000000000000e+00
0.000000000000000000e+00
0.000000000000000000e+00
