3.856255849065954866e-01
0.000000000000000000e+00
2.786491004428281926e+01
0.000000000000000000e+00
0.000000000000000000e+00
0.000000000000000000e+00
0.000000000000000000e+00
0.000000000000000000e+00
1.260970871017888228e+01
0.000000000000000000e+00
1.316771704225421757e+01
0.000000000000000000e+00
1.183503356631443237e+00
0.000000000000000000e+00
0.000000000000000000e+00
0.000000000000000000e+00
0.000000000000000000e+00
0.000000000000000000e+00
0.000000000000000000e+00
0.000000000000000000e+00
0.000000000000000000e+00
0.000000000000000000e+00
3.710405276744338288e+00
0.000000000000000000e+00
0.000000000000000000e+00
3.710405276744338288e+00
2.786491004428281926e+01
0.000000000000000000e+00
0.000000000000000000e+00
0.000000000000000000e+00
0.000000000000000000e+00
0.000000000000000000e+00
0.000000000000000000e+00
8.731874796016283469e+00
0.000000000000000000e+00
0.000000000000000000e+00
1.916771704225429218e+01
0.000000000000000000e+00
5.592942136977074874e-01
9.168150866847392777e+00
3.386491004428279439e+01
2.686491004428278373e+01
0.000000000000000000e+00
1.916771704225429218e+01
-3.062787027766338710e+00
2.686491004428278373e+01
0.000000000000000000e+00
0.000000000000000000e+00
1.316771704225421757e+01
0.000000000000000000e+00
0.000000000000000000e+00
0.000000000000000000e+00
1.616771704225419981e+01
0.000000000000000000e+00
0.000000000000000000e+00
3.386491004428279439e+01
0.000000000000000000e+00
0.000000000000000000e+00
0.000000000000000000e+00
0.000000000000000000e+00
2.986491004428276241e+01
0.000000000000000000e+00
6.366150100817001167e+00
1.816771704225429218e+01
0.000000000000000000e+00
0.000000000000000000e+00
0.000000000000000000e+00
2.286534386887594650e+01
9.449877331751187041e-04
0.000000000000000000e+00
0.000000000000000000e+00
3.286491004428280860e+01
4.710405276744340064e+00
3.086491004428279794e+01
1.616771704225419981e+01
0.000000000000000000e+00
0.000000000000000000e+00
0.000000000000000000e+00
6.362844562878398946e+00
1.416771704225418205e+01
0.000000000000000000e+00
2.786491004428281926e+01
1.016789491369061693e+01
2.086612414318420505e+01
3.286491004428280860e+01
0.000000000000000000e+00
0.000000000000000000e+00
0.000000000000000000e+00
3.086491004428279794e+01
0.000000000000000000e+00
3.186491004428279794e+01
1.116779491369061184e+01
2.886491004428283347e+01
1.049640314024159338e+01
0.000000000000000000e+00
0.000000000000000000e+00
0.000000000000000000e+00
0.000000000000000000e+00
3.386491004428279439e+01
0.000000000000000000e+00
0.000000000000000000e+00
1.059565325695330529e+01
1.716771704225423534e+01
-2.895168518192746676e-01
0.000000000000000000e+00
0.000000000000000000e+00
0.000000000000000000e+00
2.686491004428278373e+01
1.730663108178422505e+01
0.000000000000000000e+00
2.686491004428278373e+01
0.000000000000000000e+00
5.417183631014212963e-01
2.586491004428279084e+01
0.000000000000000000e+00
0.000000000000000000e+00
0.000000000000000000e+00
0.000000000000000000e+00
3.286491004428280860e+01
0.000000000000000000e+00
7.710405276744315195e+00
0.000000000000000000e+00
8.710405276744303649e+00
0.000000000000000000e+00
0.000000000000000000e+00
0.000000000000000000e+00
0.000000000000000000e+00
3.186491004428279794e+01
2.986491004428276241e+01
0.000000000000000000e+00
2.286534386887594650e+01
1.716771704225423534e+01
0.000000000000000000e+00
0.000000000000000000e+00
1.916771704225429218e+01
0.000000000000000000e+00
6.169601905949705589e+00
2.586491004428279084e+01
1.916771704225429218e+01
1.616771704225419981e+01
1.516771704225418738e+01
0.000000000000000000e+00
1.916771704225429218e+01
2.886491004428283347e+01
0.000000000000000000e+00
2.016771704225427442e+01
2.786491004428281926e+01
-1.101919003792413809e+00
0.000000000000000000e+00
2.886491004428283347e+01
0.000000000000000000e+00
0.000000000000000000e+00
0.000000000000000000e+00
0.000000000000000000e+00
0.000000000000000000e+00
0.000000000000000000e+00
0.000000000000000000e+00
3.186491004428279794e+01
0.000000000000000000e+00
2.886491004428283347e+01
0.000000000000000000e+00
1.516771704225418738e+01
0.000000000000000000e+00
0.000000000000000000e+00
0.000000000000000000e+00
0.000000000000000000e+00
8.168455151114798696e+00
7.710405276744315195e+00
0.000000000000000000e+00
0.000000000000000000e+00
3.186491004428279794e+01
0.000000000000000000e+00
0.000000000000000000e+00
0.000000000000000000e+00
3.286491004428280860e+01
0.000000000000000000e+00
0.000000000000000000e+00
0.000000000000000000e+00
0.000000000000000000e+00
0.000000000000000000e+00
0.000000000000000000e+00
0.000000000000000000e+00
0.000000000000000000e+00
1.816771704225429218e+01
2.386508791571916888e+01
0.000000000000000000e+00
0.000000000000000000e+00
0.000000000000000000e+00
0.000000000000000000e+00
2.886491004428283347e+01
0.000000000000000000e+00
0.000000000000000000e+00
0.000000000000000000e+00
0.000000000000000000e+00
0.000000000000000000e+00
0.000000000000000000e+00
4.489230063253239145e+00
-2.101919003792417584e+00
3.086491004428279794e+01
3.330296826707907343e+01
0.000000000000000000e+00
0.000000000000000000e+00
0.000000000000000000e+00
0.000000000000000000e+00
2.016771704225427442e+01
7.104052767443378436e-01
0.000000000000000000e+00
0.000000000000000000e+00
0.000000000000000000e+00
4.710405276744340064e+00
0.000000000000000000e+00
1.821818740540083637e+00
2.016771704225427442e+01
3.386491004428279439e+01
0.000000000000000000e+00
7.710405276744315195e+00
0.000000000000000000e+00
0.000000000000000000e+00
1.816771704225429218e+01
0.000000000000000000e+00
0.000000000000000000e+00
3.386491004428279439e+01
0.000000000000000000e+00
0.000000000000000000e+00
0.000000000000000000e+00
1.716771704225423534e+01
0.000000000000000000e+00
2.286534386887594650e+01
0.000000000000000000e+00
0.000000000000000000e+00
0.000000000000000000e+00
8.710405276744303649e+00
3.286491004428280860e+01
0.000000000000000000e+00
0.000000000000000000e+00
0.000000000000000000e+00
0.000000000000000000e+00
0.000000000000000000e+00
3.086491004428279794e+01
0.000000000000000000e+00
0.000000000000000000e+00
3.186491004428279794e+01
0.000000000000000000e+00
0.000000000000000000e+00
0.000000000000000000e+00
0.000000000000000000e+00
0.000000000000000000e+00
3.286491004428280860e+01
3.386491004428279439e+01
0.000000000000000000e+00
0.000000000000000000e+00
0.000000000000000000e+00
0.000000000000000000e+00
0.000000000000000000e+00
0.000000000000000000e+00
1.616771704225419981e+01
0.000000000000000000e+00
3.286491004428280860e+01
0.000000000000000000e+00
0.000000000000000000e+00
6.710405276744324965e+00
-1.326186260894038904e+00
3.286491004428280860e+01
0.000000000000000000e+00
0.000000000000000000e+00
1.816771704225429218e+01
3.530296826707906632e+01
0.000000000000000000e+00
0.000000000000000000e+00
0.000000000000000000e+00
0.000000000000000000e+00
0.000000000000000000e+00
0.000000000000000000e+00
0.000000000000000000e+00
1.206871633371846331e+00
0.000000000000000000e+00
1.016789491369061693e+01
0.000000000000000000e+00
0.000000000000000000e+00
3.530296826707906632e+01
0.000000000000000000e+00
0.000000000000000000e+00
0.000000000000000000e+00
3.286491004428280860e+01
3.186491004428279794e+01
1.687319510485389173e+01
3.230619287805959772e+01
1.587872992661019644e+01
3.186491004428279794e+01
0.000000000000000000e+00
0.000000000000000000e+00
0.000000000000000000e+00
2.686491004428278373e+01
3.186491004428279794e+01
7.355392761717514105e+00
1.389932716123742296e+01
0.000000000000000000e+00
0.000000000000000000e+00
2.016771704225427442e+01
1.716771704225423534e+01
0.000000000000000000e+00
2.630397744983631014e+01
0.000000000000000000e+00
4.710405276744340064e+00
0.000000000000000000e+00
0.000000000000000000e+00
0.000000000000000000e+00
0.000000000000000000e+00
3.130397744983638830e+01
0.000000000000000000e+00
3.286491004428280860e+01
3.530280699797150135e+01
0.000000000000000000e+00
0.000000000000000000e+00
3.386491004428279439e+01
0.000000000000000000e+00
0.000000000000000000e+00
0.000000000000000000e+00
0.000000000000000000e+00
0.000000000000000000e+00
0.000000000000000000e+00
0.000000000000000000e+00
2.016771704225427442e+01
0.000000000000000000e+00
0.000000000000000000e+00
0.000000000000000000e+00
0.000000000000000000e+00
0.000000000000000000e+00
3.430280699797151556e+01
0.000000000000000000e+00
0.000000000000000000e+00
0.000000000000000000e+00
0.000000000000000000e+00
0.000000000000000000e+00
0.000000000000000000e+00
0.000000000000000000e+00
0.000000000000000000e+00
0.000000000000000000e+00
7.710405276744315195e+00
1.687319510485389173e+01
0.000000000000000000e+00
0.000000000000000000e+00
0.000000000000000000e+00
0.000000000000000000e+00
0.000000000000000000e+00
1.751259168578114256e+00
0.000000000000000000e+00
3.286491004428280860e+01
1.389932256357422524e+01
0.000000000000000000e+00
0.000000000000000000e+00
0.000000000000000000e+00
0.000000000000000000e+00
0.000000000000000000e+00
0.000000000000000000e+00
0.000000000000000000e+00
0.000000000000000000e+00
2.486498791571916200e+01
3.186491004428279794e+01
3.186491004428279794e+01
0.000000000000000000e+00
0.000000000000000000e+00
0.000000000000000000e+00
0.000000000000000000e+00
0.000000000000000000e+00
0.000000000000000000e+00
0.000000000000000000e+00
0.000000000000000000e+00
0.000000000000000000e+00
2.986491004428276241e+01
-7.610278668750434239e-01
5.797295694657752518e-01
0.000000000000000000e+00
0.000000000000000000e+00
0.000000000000000000e+00
2.386508791571916888e+01
0.000000000000000000e+00
0.000000000000000000e+00
1.916771704225429218e+01
2.016771704225427442e+01
0.000000000000000000e+00
0.000000000000000000e+00
0.000000000000000000e+00
1.716771704225423534e+01
0.000000000000000000e+00
0.000000000000000000e+00
0.000000000000000000e+00
0.000000000000000000e+00
0.000000000000000000e+00
0.000000000000000000e+00
0.000000000000000000e+00
-5.635575547051011824e+00
1.786941742314476045e+01
0.000000000000000000e+00
0.000000000000000000e+00
0.000000000000000000e+00
0.000000000000000000e+00
0.000000000000000000e+00
0.000000000000000000e+00
0.000000000000000000e+00
3.386491004428279439e+01
3.230280699797151556e+01
0.000000000000000000e+00
1.916771704225429218e+01
5.173023477716427898e+00
0.000000000000000000e+00
0.000000000000000000e+00
3.286491004428280860e+01
0.000000000000000000e+00
0.000000000000000000e+00
0.000000000000000000e+00
0.000000000000000000e+00
0.000000000000000000e+00
0.000000000000000000e+00
0.000000000000000000e+00
2.330296826707896329e+01
0.000000000000000000e+00
0.000000000000000000e+00
0.000000000000000000e+00
3.386491004428279439e+01
0.000000000000000000e+00
0.000000000000000000e+00
0.000000000000000000e+00
0.000000000000000000e+00
0.000000000000000000e+00
0.000000000000000000e+00
0.000000000000000000e+00
0.000000000000000000e+00
0.000000000000000000e+00
3.186491004428279794e+01
0.000000000000000000e+00
0.000000000000000000e+00
0.000000000000000000e+00
0.000000000000000000e+00
0.000000000000000000e+00
3.356088305666201421e+00
0.000000000000000000e+00
-7.320008631535641630e-01
3.386491004428279439e+01
0.000000000000000000e+00
0.000000000000000000e+00
0.000000000000000000e+00
1.416771704225418205e+01
7.168931141155677089e+00
0.000000000000000000e+00
0.000000000000000000e+00
1.716771704225423534e+01
0.000000000000000000e+00
0.000000000000000000e+00
0.000000000000000000e+00
8.710405276744303649e+00
0.000000000000000000e+00
0.000000000000000000e+00
-2.968163218993885799e+00
7.356088305666207638e+00
1.316771704225421757e+01
0.000000000000000000e+00
0.000000000000000000e+00
0.000000000000000000e+00
0.000000000000000000e+00
0.000000000000000000e+00
0.000000000000000000e+00
0.000000000000000000e+00
0.000000000000000000e+00
0.000000000000000000e+00
0.000000000000000000e+00
0.000000000000000000e+00
0.000000000000000000e+00
2.286534386887594650e+01
1.816771704225429218e+01
0.000000000000000000e+00
1.716771704225423534e+01
0.000000000000000000e+00
0.000000000000000000e+00
0.000000000000000000e+00
2.016771704225427442e+01
1.316771704225421757e+01
2.016771704225427442e+01
0.000000000000000000e+00
2.886491004428283347e+01
7.168931141155677089e+00
0.000000000000000000e+00
1.542114335941044523e+00
0.000000000000000000e+00
4.710405276744340064e+00
0.000000000000000000e+00
0.000000000000000000e+00
0.000000000000000000e+00
0.000000000000000000e+00
0.000000000000000000e+00
0.000000000000000000e+00
0.000000000000000000e+00
0.000000000000000000e+00
0.000000000000000000e+00
2.430296826707898106e+01
0.000000000000000000e+00
0.000000000000000000e+00
2.571100036200771655e+00
0.000000000000000000e+00
2.786491004428281926e+01
0.000000000000000000e+00
3.086491004428279794e+01
0.000000000000000000e+00
2.164773765227312907e+00
0.000000000000000000e+00
0.000000000000000000e+00
8.710405276744303649e+00
2.686491004428278373e+01
5.226384639992440739e-01
-2.101919003792417584e+00
0.000000000000000000e+00
0.000000000000000000e+00
0.000000000000000000e+00
1.816771704225429218e+01
2.016771704225427442e+01
0.000000000000000000e+00
0.000000000000000000e+00
3.386491004428279439e+01
0.000000000000000000e+00
0.000000000000000000e+00
0.000000000000000000e+00
0.000000000000000000e+00
0.000000000000000000e+00
3.286491004428280860e+01
0.000000000000000000e+00
3.086491004428279794e+01
0.000000000000000000e+00
0.000000000000000000e+00
0.000000000000000000e+00
0.000000000000000000e+00
0.000000000000000000e+00
1.816771704225429218e+01
0.000000000000000000e+00
0.000000000000000000e+00
0.000000000000000000e+00
2.486498791571916200e+01
0.000000000000000000e+00
-4.138224805354557279e-01
2.086612414318420505e+01
0.000000000000000000e+00
3.710405276744338288e+00
0.000000000000000000e+00
6.710405276744324965e+00
0.000000000000000000e+00
3.130397744983638830e+01
0.000000000000000000e+00
2.016771704225427442e+01
1.816771704225429218e+01
0.000000000000000000e+00
0.000000000000000000e+00
0.000000000000000000e+00
0.000000000000000000e+00
2.356066177102575931e+00
0.000000000000000000e+00
2.016771704225427442e+01
2.686491004428278373e+01
1.916771704225429218e+01
0.000000000000000000e+00
0.000000000000000000e+00
1.616771704225419981e+01
0.000000000000000000e+00
0.000000000000000000e+00
0.000000000000000000e+00
0.000000000000000000e+00
0.000000000000000000e+00
1.716771704225423534e+01
0.000000000000000000e+00
0.000000000000000000e+00
0.000000000000000000e+00
1.616771704225419981e+01
0.000000000000000000e+00
0.000000000000000000e+00
0.000000000000000000e+00
2.986491004428276241e+01
4.366150100817006496e+00
0.000000000000000000e+00
0.000000000000000000e+00
0.000000000000000000e+00
3.186491004428279794e+01
2.886491004428283347e+01
0.000000000000000000e+00
0.000000000000000000e+00
2.086612414318420505e+01
0.000000000000000000e+00
3.530280699797150135e+01
7.356088305666207638e+00
0.000000000000000000e+00
6.710405276744324965e+00
0.000000000000000000e+00
0.000000000000000000e+00
0.000000000000000000e+00
0.000000000000000000e+00
0.000000000000000000e+00
3.086491004428279794e+01
0.000000000000000000e+00
0.000000000000000000e+00
0.000000000000000000e+00
0.000000000000000000e+00
0.000000000000000000e+00
1.916771704225429218e+01
0.000000000000000000e+00
3.086491004428279794e+01
0.000000000000000000e+00
0.000000000000000000e+00
0.000000000000000000e+00
0.000000000000000000e+00
0.000000000000000000e+00
0.000000000000000000e+00
4.710405276744340064e+00
7.168931141155677089e+00
0.000000000000000000e+00
0.000000000000000000e+00
0.000000000000000000e+00
0.000000000000000000e+00
0.000000000000000000e+00
0.000000000000000000e+00
0.000000000000000000e+00
0.000000000000000000e+00
0.000000000000000000e+00
0.000000000000000000e+00
0.000000000000000000e+00
0.000000000000000000e+00
0.000000000000000000e+00
0.000000000000000000e+00
0.000000000000000000e+00
9.168150866847392777e+00
0.000000000000000000e+00
0.000000000000000000e+00
0.000000000000000000e+00
3.286491004428280860e+01
0.000000000000000000e+00
0.000000000000000000e+00
2.886491004428283347e+01
0.000000000000000000e+00
0.000000000000000000e+00
1.886771714458773630e+01
0.000000000000000000e+00
5.710405276744336511e+00
2.986491004428276241e+01
3.286491004428280860e+01
0.000000000000000000e+00
0.000000000000000000e+00
3.130397744983638830e+01
0.000000000000000000e+00
0.000000000000000000e+00
0.000000000000000000e+00
0.000000000000000000e+00
2.686491004428278373e+01
8.710405276744303649e+00
1.716771704225423534e+01
2.486498791571916200e+01
0.000000000000000000e+00
0.000000000000000000e+00
2.886491004428283347e+01
0.000000000000000000e+00
0.000000000000000000e+00
8.710405276744303649e+00
0.000000000000000000e+00
0.000000000000000000e+00
0.000000000000000000e+00
0.000000000000000000e+00
0.000000000000000000e+00
0.000000000000000000e+00
0.000000000000000000e+00
2.830280699797141608e+01
0.000000000000000000e+00
0.000000000000000000e+00
0.000000000000000000e+00
0.000000000000000000e+00
0.000000000000000000e+00
0.000000000000000000e+00
0.000000000000000000e+00
0.000000000000000000e+00
0.000000000000000000e+00
0.000000000000000000e+00
0.000000000000000000e+00
0.000000000000000000e+00
-5.718313094737522917e+00
0.000000000000000000e+00
0.000000000000000000e+00
0.000000000000000000e+00
0.000000000000000000e+00
0.000000000000000000e+00
0.000000000000000000e+00
0.000000000000000000e+00
0.000000000000000000e+00
1.816771704225429218e+01
1.816771704225429218e+01
0.000000000000000000e+00
0.000000000000000000e+00
0.000000000000000000e+00
0.000000000000000000e+00
3.086491004428279794e+01
0.000000000000000000e+00
3.386491004428279439e+01
1.216771704225421935e+01
0.000000000000000000e+00
0.000000000000000000e+00
1.816771704225429218e+01
0.000000000000000000e+00
0.000000000000000000e+00
0.000000000000000000e+00
0.000000000000000000e+00
1.816771704225429218e+01
2.786491004428281926e+01
0.000000000000000000e+00
0.000000000000000000e+00
0.000000000000000000e+00
0.000000000000000000e+00
2.486498791571916200e+01
6.192960827374864863e-01
1.716771704225423534e+01
0.000000000000000000e+00
3.663058741386935879e-01
3.086491004428279794e+01
3.386491004428279439e+01
0.000000000000000000e+00
0.000000000000000000e+00
0.000000000000000000e+00
0.000000000000000000e+00
0.000000000000000000e+00
3.386491004428279439e+01
0.000000000000000000e+00
0.000000000000000000e+00
0.000000000000000000e+00
0.000000000000000000e+00
0.000000000000000000e+00
0.000000000000000000e+00
2.130296826707895619e+01
2.028970450807102033e+00
0.000000000000000000e+00
0.000000000000000000e+00
1.616771704225419981e+01
0.000000000000000000e+00
3.530296826707906632e+01
0.000000000000000000e+00
3.330296826707907343e+01
0.000000000000000000e+00
0.000000000000000000e+00
0.000000000000000000e+00
0.000000000000000000e+00
0.000000000000000000e+00
0.000000000000000000e+00
0.000000000000000000e+00
3.330280699797150845e+01
0.000000000000000000e+00
0.000000000000000000e+00
2.486498791571916200e+01
0.000000000000000000e+00
0.000000000000000000e+00
0.000000000000000000e+00
0.000000000000000000e+00
3.386491004428279439e+01
0.000000000000000000e+00
1.716771704225423534e+01
0.000000000000000000e+00
0.000000000000000000e+00
2.286534386887594650e+01
0.000000000000000000e+00
0.000000000000000000e+00
2.386508791571916888e+01
0.000000000000000000e+00
3.386491004428279439e+01
1.616771704225419981e+01
0.000000000000000000e+00
0.000000000000000000e+00
0.000000000000000000e+00
0.000000000000000000e+00
0.000000000000000000e+00
5.223167997176648703e-01
0.000000000000000000e+00
0.000000000000000000e+00
0.000000000000000000e+00
0.000000000000000000e+00
0.000000000000000000e+00
0.000000000000000000e+00
0.000000000000000000e+00
0.000000000000000000e+00
0.000000000000000000e+00
0.000000000000000000e+00
0.000000000000000000e+00
0.000000000000000000e+00
0.000000000000000000e+00
0.000000000000000000e+00
0.000000000000000000e+00
2.886491004428283347e+01
0.000000000000000000e+00
0.000000000000000000e+00
0.000000000000000000e+00
0.000000000000000000e+00
0.000000000000000000e+00
0.000000000000000000e+00
0.000000000000000000e+00
0.000000000000000000e+00
0.000000000000000000e+00
0.000000000000000000e+00
3.386491004428279439e+01
0.000000000000000000e+00
0.000000000000000000e+00
0.000000000000000000e+00
0.000000000000000000e+00
0.000000000000000000e+00
0.000000000000000000e+00
0.000000000000000000e+00
0.000000000000000000e+00
3.186491004428279794e+01
0.000000000000000000e+00
0.000000000000000000e+00
0.000000000000000000e+00
0.000000000000000000e+00
0.000000000000000000e+00
2.586491004428279084e+01
0.000000000000000000e+00
0.000000000000000000e+00
2.786491004428281926e+01
1.916771704225429218e+01
0.000000000000000000e+00
0.000000000000000000e+00
0.000000000000000000e+00
-4.076876016018448068e-01
0.000000000000000000e+00
0.000000000000000000e+00
0.000000000000000000e+00
0.000000000000000000e+00
1.614777863605850072e+00
0.000000000000000000e+00
0.000000000000000000e+00
-1.257744018868314440e+00
0.000000000000000000e+00
0.000000000000000000e+00
0.000000000000000000e+00
0.000000000000000000e+00
0.000000000000000000e+00
8.710405276744303649e+00
0.000000000000000000e+00
3.186491004428279794e+01
0.000000000000000000e+00
7.467748442204241499e+00
2.016771704225427442e+01
0.000000000000000000e+00
0.000000000000000000e+00
2.016771704225427442e+01
0.000000000000000000e+00
0.000000000000000000e+00
0.000000000000000000e+00
0.000000000000000000e+00
1.816771704225429218e+01
0.000000000000000000e+00
0.000000000000000000e+00
4.710405276744340064e+00
0.000000000000000000e+00
0.000000000000000000e+00
0.000000000000000000e+00
-6.004689684722472887e-01
5.172223760095323364e+00
0.000000000000000000e+00
0.000000000000000000e+00
0.000000000000000000e+00
0.000000000000000000e+00
0.000000000000000000e+00
3.286491004428280860e+01
0.000000000000000000e+00
0.000000000000000000e+00
0.000000000000000000e+00
7.710405276744315195e+00
3.186491004428279794e+01
1.916771704225429218e+01
0.000000000000000000e+00
-3.702269939047816205e+00
0.000000000000000000e+00
2.205455075810747090e+01
0.000000000000000000e+00
-2.595318740307054339e-01
3.386491004428279439e+01
1.916771704225429218e+01
0.000000000000000000e+00
0.000000000000000000e+00
0.000000000000000000e+00
0.000000000000000000e+00
3.386491004428279439e+01
0.000000000000000000e+00
0.000000000000000000e+00
0.000000000000000000e+00
1.416771704225418205e+01
5.359310236214130718e+00
0.000000000000000000e+00
2.986491004428276241e+01
0.000000000000000000e+00
0.000000000000000000e+00
0.000000000000000000e+00
4.448753254850004724e-01
0.000000000000000000e+00
0.000000000000000000e+00
0.000000000000000000e+00
0.000000000000000000e+00
0.000000000000000000e+00
0.000000000000000000e+00
0.000000000000000000e+00
0.000000000000000000e+00
0.000000000000000000e+00
0.000000000000000000e+00
0.000000000000000000e+00
0.000000000000000000e+00
0.000000000000000000e+00
4.173523543663582913e+00
0.000000000000000000e+00
1.916771704225429218e+01
0.000000000000000000e+00
0.000000000000000000e+00
0.000000000000000000e+00
0.000000000000000000e+00
0.000000000000000000e+00
0.000000000000000000e+00
0.000000000000000000e+00
0.000000000000000000e+00
0.000000000000000000e+00
0.000000000000000000e+00
0.000000000000000000e+00
0.000000000000000000e+00
0.000000000000000000e+00
0.000000000000000000e+00
-1.927454111192053121e+00
2.016771704225427442e+01
0.000000000000000000e+00
0.000000000000000000e+00
0.000000000000000000e+00
0.000000000000000000e+00
0.000000000000000000e+00
0.000000000000000000e+00
0.000000000000000000e+00
0.000000000000000000e+00
0.000000000000000000e+00
2.386508791571916888e+01
2.745219475657121877e-01
0.000000000000000000e+00
0.000000000000000000e+00
0.000000000000000000e+00
0.000000000000000000e+00
0.000000000000000000e+00
0.000000000000000000e+00
0.000000000000000000e+00
0.000000000000000000e+00
0.000000000000000000e+00
0.000000000000000000e+00
0.000000000000000000e+00
0.000000000000000000e+00
0.000000000000000000e+00
0.000000000000000000e+00
2.016771704225427442e+01
0.000000000000000000e+00
0.000000000000000000e+00
3.186491004428279794e+01
0.000000000000000000e+00
0.000000000000000000e+00
0.000000000000000000e+00
0.000000000000000000e+00
0.000000000000000000e+00
0.000000000000000000e+00
0.000000000000000000e+00
0.000000000000000000e+00
0.000000000000000000e+00
0.000000000000000000e+00
3.813225559403439768e-01
0.000000000000000000e+00
0.000000000000000000e+00
0.000000000000000000e+00
0.000000000000000000e+00
0.000000000000000000e+00
0.000000000000000000e+00
2.886491004428283347e+01
0.000000000000000000e+00
0.000000000000000000e+00
0.000000000000000000e+00
0.000000000000000000e+00
0.000000000000000000e+00
0.000000000000000000e+00
0.000000000000000000e+00
0.000000000000000000e+00
0.000000000000000000e+00
0.000000000000000000e+00
0.000000000000000000e+00
0.000000000000000000e+00
0.000000000000000000e+00
4.763568423690001663e-01
0.000000000000000000e+00
0.000000000000000000e+00
0.000000000000000000e+00
0.000000000000000000e+00
0.000000000000000000e+00
1.316771704225421757e+01
0.000000000000000000e+00
0.000000000000000000e+00
7.710405276744315195e+00
1.916771704225429218e+01
6.186756752082018807e+00
0.000000000000000000e+00
0.000000000000000000e+00
0.000000000000000000e+00
0.000000000000000000e+00
0.000000000000000000e+00
