0.000000000000000000e+00
0.000000000000000000e+00
0.000000000000000000e+00
0.000000000000000000e+00
0.000000000000000000e+00
0.000000000000000000e+00
2.895626192081580674e-01
0.000000000000000000e+00
0.000000000000000000e+00
9.889935836518909396e-01
5.675817287533280187e+00
0.000000000000000000e+00
2.753100541718095595e+00
2.470954299178059976e+00
0.000000000000000000e+00
0.000000000000000000e+00
0.000000000000000000e+00
0.000000000000000000e+00
0.000000000000000000e+00
3.871980959011354528e+00
0.000000000000000000e+00
0.000000000000000000e+00
0.000000000000000000e+00
1.366376580733788693e+01
0.000000000000000000e+00
0.000000000000000000e+00
9.889935836518909396e-01
1.227797738854769838e+00
0.000000000000000000e+00
0.000000000000000000e+00
0.000000000000000000e+00
0.000000000000000000e+00
0.000000000000000000e+00
7.012726598852696280e-02
7.227784583297759413e-01
0.000000000000000000e+00
0.000000000000000000e+00
0.000000000000000000e+00
0.000000000000000000e+00
4.711650492783605593e+00
0.000000000000000000e+00
0.000000000000000000e+00
6.507591773379362010e-02
9.294112502260709618e+00
0.000000000000000000e+00
0.000000000000000000e+00
0.000000000000000000e+00
3.342750733631073778e+00
5.678499609798335790e+00
1.227504426359957357e+01
4.020858054317518082e+00
0.000000000000000000e+00
0.000000000000000000e+00
0.000000000000000000e+00
0.000000000000000000e+00
0.000000000000000000e+00
0.000000000000000000e+00
0.000000000000000000e+00
7.898167559761911649e-01
0.000000000000000000e+00
1.321550518808911789e+01
0.000000000000000000e+00
0.000000000000000000e+00
5.236558560000780460e+00
0.000000000000000000e+00
0.000000000000000000e+00
0.000000000000000000e+00
0.000000000000000000e+00
0.000000000000000000e+00
0.000000000000000000e+00
0.000000000000000000e+00
0.000000000000000000e+00
0.000000000000000000e+00
7.877764008185468292e+00
0.000000000000000000e+00
0.000000000000000000e+00
0.000000000000000000e+00
0.000000000000000000e+00
0.000000000000000000e+00
0.000000000000000000e+00
0.000000000000000000e+00
0.000000000000000000e+00
0.000000000000000000e+00
1.697246295323430187e+00
3.399676182899597499e-01
1.060690337142657230e-01
0.000000000000000000e+00
0.000000000000000000e+00
0.000000000000000000e+00
0.000000000000000000e+00
1.003024307928215508e+00
0.000000000000000000e+00
0.000000000000000000e+00
0.000000000000000000e+00
0.000000000000000000e+00
0.000000000000000000e+00
1.335005496585835782e+00
0.000000000000000000e+00
8.297681647235840785e+00
5.644091023293020370e+00
0.000000000000000000e+00
0.000000000000000000e+00
0.000000000000000000e+00
0.000000000000000000e+00
3.311938573522082319e+00
0.000000000000000000e+00
0.000000000000000000e+00
0.000000000000000000e+00
0.000000000000000000e+00
0.000000000000000000e+00
0.000000000000000000e+00
0.000000000000000000e+00
0.000000000000000000e+00
0.000000000000000000e+00
1.221668398053112270e+01
0.000000000000000000e+00
0.000000000000000000e+00
0.000000000000000000e+00
1.221668398053112270e+01
0.000000000000000000e+00
0.000000000000000000e+00
3.877764008185511369e+00
6.449741926590285557e-02
0.000000000000000000e+00
1.066479591122779702e+01
0.000000000000000000e+00
0.000000000000000000e+00
0.000000000000000000e+00
0.000000000000000000e+00
0.000000000000000000e+00
0.000000000000000000e+00
0.000000000000000000e+00
0.000000000000000000e+00
0.000000000000000000e+00
0.000000000000000000e+00
5.125457666557742265e-01
7.379821821412390292e+00
0.000000000000000000e+00
0.000000000000000000e+00
0.000000000000000000e+00
2.674811385496687066e+00
1.155459126718818251e-02
0.000000000000000000e+00
0.000000000000000000e+00
0.000000000000000000e+00
0.000000000000000000e+00
0.000000000000000000e+00
0.000000000000000000e+00
0.000000000000000000e+00
0.000000000000000000e+00
0.000000000000000000e+00
0.000000000000000000e+00
0.000000000000000000e+00
-1.938122366895866089e-01
0.000000000000000000e+00
0.000000000000000000e+00
4.182490600050328133e+00
0.000000000000000000e+00
0.000000000000000000e+00
9.692245427195540941e+00
0.000000000000000000e+00
0.000000000000000000e+00
0.000000000000000000e+00
0.000000000000000000e+00
0.000000000000000000e+00
2.221493426268472504e+01
6.084938540614486691e+00
0.000000000000000000e+00
0.000000000000000000e+00
0.000000000000000000e+00
0.000000000000000000e+00
0.000000000000000000e+00
5.058289378080151888e-01
0.000000000000000000e+00
1.566312068648467815e+01
0.000000000000000000e+00
0.000000000000000000e+00
0.000000000000000000e+00
6.859800285194886382e-02
1.166879908479353034e+01
4.235710905692647188e+00
0.000000000000000000e+00
0.000000000000000000e+00
0.000000000000000000e+00
0.000000000000000000e+00
1.008779386240670428e+00
0.000000000000000000e+00
0.000000000000000000e+00
2.266282974550078677e+01
6.488222045754358014e+00
8.730518925769422012e+00
0.000000000000000000e+00
0.000000000000000000e+00
3.622033369862449458e-03
0.000000000000000000e+00
1.521493426268473570e+01
0.000000000000000000e+00
0.000000000000000000e+00
0.000000000000000000e+00
0.000000000000000000e+00
2.247857155898820736e+00
0.000000000000000000e+00
0.000000000000000000e+00
0.000000000000000000e+00
0.000000000000000000e+00
0.000000000000000000e+00
0.000000000000000000e+00
0.000000000000000000e+00
0.000000000000000000e+00
7.810360481423069601e+00
0.000000000000000000e+00
0.000000000000000000e+00
0.000000000000000000e+00
0.000000000000000000e+00
0.000000000000000000e+00
0.000000000000000000e+00
0.000000000000000000e+00
0.000000000000000000e+00
0.000000000000000000e+00
0.000000000000000000e+00
0.000000000000000000e+00
0.000000000000000000e+00
0.000000000000000000e+00
1.877764008185508926e+00
0.000000000000000000e+00
0.000000000000000000e+00
0.000000000000000000e+00
3.008609183854905056e-01
0.000000000000000000e+00
0.000000000000000000e+00
8.321424536110264114e+00
0.000000000000000000e+00
0.000000000000000000e+00
1.057917507829555737e+00
0.000000000000000000e+00
0.000000000000000000e+00
0.000000000000000000e+00
0.000000000000000000e+00
0.000000000000000000e+00
0.000000000000000000e+00
0.000000000000000000e+00
1.638064595647221289e+00
0.000000000000000000e+00
1.799861571005784144e+00
0.000000000000000000e+00
0.000000000000000000e+00
2.700119741969953857e+00
0.000000000000000000e+00
0.000000000000000000e+00
6.612044615533144487e+00
0.000000000000000000e+00
0.000000000000000000e+00
0.000000000000000000e+00
8.321424536110264114e+00
0.000000000000000000e+00
0.000000000000000000e+00
0.000000000000000000e+00
4.412809795075743891e-01
0.000000000000000000e+00
0.000000000000000000e+00
0.000000000000000000e+00
0.000000000000000000e+00
0.000000000000000000e+00
3.855993421192728476e+00
0.000000000000000000e+00
0.000000000000000000e+00
0.000000000000000000e+00
0.000000000000000000e+00
0.000000000000000000e+00
0.000000000000000000e+00
5.096028464186080909e-02
0.000000000000000000e+00
0.000000000000000000e+00
0.000000000000000000e+00
2.487756705663308754e+00
0.000000000000000000e+00
0.000000000000000000e+00
0.000000000000000000e+00
0.000000000000000000e+00
8.289130684403364313e+00
7.384565438965358553e+00
0.000000000000000000e+00
0.000000000000000000e+00
0.000000000000000000e+00
0.000000000000000000e+00
0.000000000000000000e+00
0.000000000000000000e+00
0.000000000000000000e+00
0.000000000000000000e+00
0.000000000000000000e+00
0.000000000000000000e+00
0.000000000000000000e+00
0.000000000000000000e+00
2.949619792755619585e+00
1.766416124148357270e+01
0.000000000000000000e+00
0.000000000000000000e+00
0.000000000000000000e+00
6.332737683929497985e-01
0.000000000000000000e+00
0.000000000000000000e+00
0.000000000000000000e+00
0.000000000000000000e+00
0.000000000000000000e+00
0.000000000000000000e+00
0.000000000000000000e+00
0.000000000000000000e+00
0.000000000000000000e+00
2.883232421278063007e-01
0.000000000000000000e+00
0.000000000000000000e+00
0.000000000000000000e+00
0.000000000000000000e+00
-2.952185806098944099e+00
-3.520204487333014498e+00
0.000000000000000000e+00
0.000000000000000000e+00
0.000000000000000000e+00
0.000000000000000000e+00
2.173788946396102428e-01
2.785767877339201171e+00
3.221642009015144303e+00
0.000000000000000000e+00
0.000000000000000000e+00
0.000000000000000000e+00
5.737779263820745879e-01
0.000000000000000000e+00
0.000000000000000000e+00
0.000000000000000000e+00
0.000000000000000000e+00
0.000000000000000000e+00
1.028245038154745394e+01
0.000000000000000000e+00
0.000000000000000000e+00
0.000000000000000000e+00
0.000000000000000000e+00
0.000000000000000000e+00
1.421512588349436079e+01
3.991130084033491787e-01
0.000000000000000000e+00
0.000000000000000000e+00
0.000000000000000000e+00
9.248366561512547435e+00
0.000000000000000000e+00
0.000000000000000000e+00
0.000000000000000000e+00
0.000000000000000000e+00
2.740742485538765649e+00
0.000000000000000000e+00
4.888770796399172447e+00
0.000000000000000000e+00
0.000000000000000000e+00
2.221493426268472504e+01
0.000000000000000000e+00
0.000000000000000000e+00
5.285005371256375817e+00
0.000000000000000000e+00
0.000000000000000000e+00
0.000000000000000000e+00
1.057519867507468805e-02
0.000000000000000000e+00
0.000000000000000000e+00
0.000000000000000000e+00
0.000000000000000000e+00
0.000000000000000000e+00
7.388715325292896985e+00
0.000000000000000000e+00
0.000000000000000000e+00
0.000000000000000000e+00
5.877764008185482503e+00
0.000000000000000000e+00
0.000000000000000000e+00
0.000000000000000000e+00
0.000000000000000000e+00
0.000000000000000000e+00
0.000000000000000000e+00
0.000000000000000000e+00
0.000000000000000000e+00
0.000000000000000000e+00
0.000000000000000000e+00
0.000000000000000000e+00
0.000000000000000000e+00
0.000000000000000000e+00
0.000000000000000000e+00
0.000000000000000000e+00
0.000000000000000000e+00
0.000000000000000000e+00
0.000000000000000000e+00
0.000000000000000000e+00
0.000000000000000000e+00
0.000000000000000000e+00
0.000000000000000000e+00
0.000000000000000000e+00
0.000000000000000000e+00
0.000000000000000000e+00
0.000000000000000000e+00
0.000000000000000000e+00
0.000000000000000000e+00
0.000000000000000000e+00
1.127740476316860629e+01
0.000000000000000000e+00
3.522865369292976556e+00
2.923858226803761895e-02
6.115414789776019155e+00
0.000000000000000000e+00
1.067662927293248032e+01
0.000000000000000000e+00
0.000000000000000000e+00
0.000000000000000000e+00
0.000000000000000000e+00
1.482841935506876041e+00
0.000000000000000000e+00
4.809830212925606752e+00
0.000000000000000000e+00
0.000000000000000000e+00
0.000000000000000000e+00
0.000000000000000000e+00
0.000000000000000000e+00
0.000000000000000000e+00
0.000000000000000000e+00
0.000000000000000000e+00
0.000000000000000000e+00
0.000000000000000000e+00
0.000000000000000000e+00
5.675817287533280187e+00
0.000000000000000000e+00
0.000000000000000000e+00
0.000000000000000000e+00
0.000000000000000000e+00
0.000000000000000000e+00
0.000000000000000000e+00
0.000000000000000000e+00
2.743621072564072505e-01
0.000000000000000000e+00
0.000000000000000000e+00
0.000000000000000000e+00
2.666720799537806719e-01
0.000000000000000000e+00
4.877764008185498490e+00
0.000000000000000000e+00
0.000000000000000000e+00
6.449741926590285557e-02
1.427364744424698806e+01
0.000000000000000000e+00
0.000000000000000000e+00
0.000000000000000000e+00
0.000000000000000000e+00
9.294112502260709618e+00
6.437924537601226405e+00
0.000000000000000000e+00
0.000000000000000000e+00
0.000000000000000000e+00
0.000000000000000000e+00
0.000000000000000000e+00
0.000000000000000000e+00
0.000000000000000000e+00
-2.117352629302649447e+00
0.000000000000000000e+00
1.123105787630908070e+00
0.000000000000000000e+00
0.000000000000000000e+00
1.192400421150803698e-02
0.000000000000000000e+00
0.000000000000000000e+00
0.000000000000000000e+00
0.000000000000000000e+00
0.000000000000000000e+00
0.000000000000000000e+00
0.000000000000000000e+00
0.000000000000000000e+00
0.000000000000000000e+00
0.000000000000000000e+00
0.000000000000000000e+00
0.000000000000000000e+00
7.159978832865070142e-02
0.000000000000000000e+00
9.294112502260709618e+00
0.000000000000000000e+00
1.575278027584078588e-01
2.155692513890037909e-01
0.000000000000000000e+00
0.000000000000000000e+00
0.000000000000000000e+00
0.000000000000000000e+00
0.000000000000000000e+00
0.000000000000000000e+00
0.000000000000000000e+00
3.578121115692216581e+00
0.000000000000000000e+00
0.000000000000000000e+00
0.000000000000000000e+00
0.000000000000000000e+00
7.379821821412390292e+00
0.000000000000000000e+00
0.000000000000000000e+00
0.000000000000000000e+00
0.000000000000000000e+00
0.000000000000000000e+00
0.000000000000000000e+00
0.000000000000000000e+00
2.190133916918320267e+00
4.032555930061936245e+00
0.000000000000000000e+00
0.000000000000000000e+00
0.000000000000000000e+00
5.392519054276722734e+00
0.000000000000000000e+00
0.000000000000000000e+00
0.000000000000000000e+00
0.000000000000000000e+00
0.000000000000000000e+00
0.000000000000000000e+00
0.000000000000000000e+00
0.000000000000000000e+00
6.609634236207597269e+00
0.000000000000000000e+00
0.000000000000000000e+00
0.000000000000000000e+00
0.000000000000000000e+00
0.000000000000000000e+00
0.000000000000000000e+00
0.000000000000000000e+00
0.000000000000000000e+00
0.000000000000000000e+00
0.000000000000000000e+00
9.248366561512547435e+00
4.054980401027206582e+00
7.804301149557276496e+00
0.000000000000000000e+00
0.000000000000000000e+00
1.264181262898721236e+00
0.000000000000000000e+00
0.000000000000000000e+00
4.145553402031434409e+00
0.000000000000000000e+00
4.384023695169592671e-01
0.000000000000000000e+00
0.000000000000000000e+00
0.000000000000000000e+00
0.000000000000000000e+00
0.000000000000000000e+00
0.000000000000000000e+00
4.020858054317518082e+00
1.166817100371509675e+01
0.000000000000000000e+00
0.000000000000000000e+00
1.028245038154745394e+01
0.000000000000000000e+00
2.924256725292891712e+00
0.000000000000000000e+00
0.000000000000000000e+00
0.000000000000000000e+00
0.000000000000000000e+00
0.000000000000000000e+00
6.492183885585524727e+00
0.000000000000000000e+00
2.902146891911830728e+00
0.000000000000000000e+00
0.000000000000000000e+00
0.000000000000000000e+00
0.000000000000000000e+00
0.000000000000000000e+00
0.000000000000000000e+00
0.000000000000000000e+00
0.000000000000000000e+00
2.349952443753858516e-03
0.000000000000000000e+00
0.000000000000000000e+00
0.000000000000000000e+00
0.000000000000000000e+00
0.000000000000000000e+00
0.000000000000000000e+00
0.000000000000000000e+00
0.000000000000000000e+00
0.000000000000000000e+00
0.000000000000000000e+00
0.000000000000000000e+00
0.000000000000000000e+00
3.311562642552350777e+00
3.232085088062446765e+00
0.000000000000000000e+00
0.000000000000000000e+00
0.000000000000000000e+00
1.227504426359957357e+01
0.000000000000000000e+00
0.000000000000000000e+00
0.000000000000000000e+00
4.083133248528770132e+00
0.000000000000000000e+00
0.000000000000000000e+00
0.000000000000000000e+00
0.000000000000000000e+00
0.000000000000000000e+00
0.000000000000000000e+00
6.612044615533144487e+00
1.796161566035808566e+00
0.000000000000000000e+00
0.000000000000000000e+00
0.000000000000000000e+00
0.000000000000000000e+00
0.000000000000000000e+00
0.000000000000000000e+00
4.361830184021470380e+00
0.000000000000000000e+00
0.000000000000000000e+00
0.000000000000000000e+00
0.000000000000000000e+00
0.000000000000000000e+00
0.000000000000000000e+00
0.000000000000000000e+00
0.000000000000000000e+00
0.000000000000000000e+00
2.822309118863100430e+00
0.000000000000000000e+00
-1.929711596883032731e+00
0.000000000000000000e+00
0.000000000000000000e+00
0.000000000000000000e+00
0.000000000000000000e+00
0.000000000000000000e+00
5.678480024713344676e+00
0.000000000000000000e+00
0.000000000000000000e+00
0.000000000000000000e+00
0.000000000000000000e+00
3.527457351084636872e-01
0.000000000000000000e+00
0.000000000000000000e+00
0.000000000000000000e+00
0.000000000000000000e+00
3.760959096492395570e-01
0.000000000000000000e+00
0.000000000000000000e+00
0.000000000000000000e+00
0.000000000000000000e+00
6.084997539688141721e+00
1.255413275410394436e-01
0.000000000000000000e+00
1.921493426268467530e+01
0.000000000000000000e+00
3.976402698410069214e-01
0.000000000000000000e+00
0.000000000000000000e+00
0.000000000000000000e+00
0.000000000000000000e+00
0.000000000000000000e+00
7.401654249687957154e+00
0.000000000000000000e+00
0.000000000000000000e+00
0.000000000000000000e+00
0.000000000000000000e+00
0.000000000000000000e+00
1.318062491882769693e+00
0.000000000000000000e+00
0.000000000000000000e+00
0.000000000000000000e+00
0.000000000000000000e+00
0.000000000000000000e+00
8.321424536110264114e+00
0.000000000000000000e+00
0.000000000000000000e+00
0.000000000000000000e+00
0.000000000000000000e+00
2.679898502989906672e-03
0.000000000000000000e+00
0.000000000000000000e+00
0.000000000000000000e+00
1.890881499081586981e+00
4.268603363776250603e+00
0.000000000000000000e+00
6.643123318092319755e-03
0.000000000000000000e+00
0.000000000000000000e+00
0.000000000000000000e+00
0.000000000000000000e+00
7.591735339660568016e-01
0.000000000000000000e+00
0.000000000000000000e+00
0.000000000000000000e+00
0.000000000000000000e+00
0.000000000000000000e+00
0.000000000000000000e+00
0.000000000000000000e+00
0.000000000000000000e+00
0.000000000000000000e+00
8.915895505171995972e-02
1.521493426268473570e+01
0.000000000000000000e+00
0.000000000000000000e+00
0.000000000000000000e+00
0.000000000000000000e+00
3.606526092120140525e+00
4.123991581932595456e-03
-1.657854096039635516e+00
0.000000000000000000e+00
0.000000000000000000e+00
0.000000000000000000e+00
0.000000000000000000e+00
0.000000000000000000e+00
0.000000000000000000e+00
0.000000000000000000e+00
0.000000000000000000e+00
0.000000000000000000e+00
0.000000000000000000e+00
0.000000000000000000e+00
0.000000000000000000e+00
7.379204271633752477e+00
0.000000000000000000e+00
8.008851513358890284e-02
0.000000000000000000e+00
0.000000000000000000e+00
0.000000000000000000e+00
4.093017572883476340e+00
0.000000000000000000e+00
0.000000000000000000e+00
0.000000000000000000e+00
0.000000000000000000e+00
0.000000000000000000e+00
0.000000000000000000e+00
0.000000000000000000e+00
0.000000000000000000e+00
0.000000000000000000e+00
0.000000000000000000e+00
0.000000000000000000e+00
0.000000000000000000e+00
0.000000000000000000e+00
1.111638455115746993e+00
1.227504426359957357e+01
0.000000000000000000e+00
6.085120999432320765e+00
0.000000000000000000e+00
6.102672673692626226e+00
0.000000000000000000e+00
5.366127955020962403e+00
0.000000000000000000e+00
0.000000000000000000e+00
1.943455380290543821e-01
0.000000000000000000e+00
0.000000000000000000e+00
0.000000000000000000e+00
0.000000000000000000e+00
6.499937747797299159e-02
0.000000000000000000e+00
-7.664929361430218302e-01
0.000000000000000000e+00
0.000000000000000000e+00
0.000000000000000000e+00
0.000000000000000000e+00
0.000000000000000000e+00
0.000000000000000000e+00
0.000000000000000000e+00
1.730116839723979949e-01
0.000000000000000000e+00
0.000000000000000000e+00
0.000000000000000000e+00
1.766282974550075480e+01
0.000000000000000000e+00
7.024265893097124680e-01
4.822830270949479470e+00
0.000000000000000000e+00
0.000000000000000000e+00
2.671904740870155948e+00
0.000000000000000000e+00
6.590157038983156523e-01
1.828748008830908547e-04
3.617190464875140510e+00
8.229722830666351407e-02
0.000000000000000000e+00
0.000000000000000000e+00
1.527344744424698320e+01
6.545387974236449580e-02
0.000000000000000000e+00
0.000000000000000000e+00
0.000000000000000000e+00
1.966288916055745872e+01
0.000000000000000000e+00
9.699576554053928490e+00
0.000000000000000000e+00
1.527344744424698320e+01
1.327404826709931385e+01
5.735939024572647149e+00
1.399969346170421680e+00
0.000000000000000000e+00
5.412142686247167767e+00
0.000000000000000000e+00
0.000000000000000000e+00
0.000000000000000000e+00
0.000000000000000000e+00
5.539684934867622479e-02
0.000000000000000000e+00
0.000000000000000000e+00
0.000000000000000000e+00
0.000000000000000000e+00
0.000000000000000000e+00
0.000000000000000000e+00
0.000000000000000000e+00
0.000000000000000000e+00
0.000000000000000000e+00
0.000000000000000000e+00
0.000000000000000000e+00
0.000000000000000000e+00
0.000000000000000000e+00
0.000000000000000000e+00
0.000000000000000000e+00
0.000000000000000000e+00
0.000000000000000000e+00
9.893668333370772006e-01
0.000000000000000000e+00
0.000000000000000000e+00
0.000000000000000000e+00
3.487593678708061917e-01
0.000000000000000000e+00
0.000000000000000000e+00
-5.589994392923797406e+00
-1.196556641149460365e+00
1.761589238403450164e+00
0.000000000000000000e+00
0.000000000000000000e+00
0.000000000000000000e+00
0.000000000000000000e+00
5.158320946077769031e-01
6.610875699878340228e+00
0.000000000000000000e+00
0.000000000000000000e+00
0.000000000000000000e+00
0.000000000000000000e+00
1.002471462585002859e+00
0.000000000000000000e+00
0.000000000000000000e+00
0.000000000000000000e+00
0.000000000000000000e+00
0.000000000000000000e+00
4.362662724511341850e+00
0.000000000000000000e+00
0.000000000000000000e+00
0.000000000000000000e+00
-2.868488040925381011e+00
0.000000000000000000e+00
0.000000000000000000e+00
0.000000000000000000e+00
0.000000000000000000e+00
0.000000000000000000e+00
0.000000000000000000e+00
0.000000000000000000e+00
0.000000000000000000e+00
1.129672223448665580e+00
0.000000000000000000e+00
0.000000000000000000e+00
5.741374393014711863e+00
0.000000000000000000e+00
0.000000000000000000e+00
0.000000000000000000e+00
0.000000000000000000e+00
3.862770784630475962e+00
0.000000000000000000e+00
0.000000000000000000e+00
1.121983081768330059e+01
0.000000000000000000e+00
0.000000000000000000e+00
0.000000000000000000e+00
0.000000000000000000e+00
0.000000000000000000e+00
0.000000000000000000e+00
0.000000000000000000e+00
0.000000000000000000e+00
0.000000000000000000e+00
0.000000000000000000e+00
8.910275729211556417e-01
0.000000000000000000e+00
0.000000000000000000e+00
0.000000000000000000e+00
0.000000000000000000e+00
2.401740423797095847e+00
0.000000000000000000e+00
0.000000000000000000e+00
0.000000000000000000e+00
4.575358195731378252e+00
0.000000000000000000e+00
0.000000000000000000e+00
1.379029594175160411e-01
0.000000000000000000e+00
0.000000000000000000e+00
0.000000000000000000e+00
8.321424536110264114e+00
8.673190460785166200e-01
0.000000000000000000e+00
0.000000000000000000e+00
0.000000000000000000e+00
0.000000000000000000e+00
0.000000000000000000e+00
0.000000000000000000e+00
0.000000000000000000e+00
0.000000000000000000e+00
0.000000000000000000e+00
1.421512588349436079e+01
0.000000000000000000e+00
0.000000000000000000e+00
3.329389768360456969e+00
0.000000000000000000e+00
1.321550518808911789e+01
0.000000000000000000e+00
0.000000000000000000e+00
0.000000000000000000e+00
0.000000000000000000e+00
0.000000000000000000e+00
2.143265770690706784e+00
1.127740476316860629e+01
2.264004556200821749e+00
0.000000000000000000e+00
0.000000000000000000e+00
0.000000000000000000e+00
0.000000000000000000e+00
0.000000000000000000e+00
3.864595191920987993e+00
1.735254356690237199e+00
0.000000000000000000e+00
0.000000000000000000e+00
0.000000000000000000e+00
0.000000000000000000e+00
0.000000000000000000e+00
0.000000000000000000e+00
2.097544177343842464e-01
0.000000000000000000e+00
0.000000000000000000e+00
0.000000000000000000e+00
0.000000000000000000e+00
0.000000000000000000e+00
0.000000000000000000e+00
4.549200981911800667e+00
7.005792656093504100e-02
1.766288916055745872e+01
0.000000000000000000e+00
0.000000000000000000e+00
1.225234086233494279e-01
5.303605340143660585e-02
4.809830212925606752e+00
0.000000000000000000e+00
0.000000000000000000e+00
0.000000000000000000e+00
0.000000000000000000e+00
0.000000000000000000e+00
0.000000000000000000e+00
0.000000000000000000e+00
0.000000000000000000e+00
0.000000000000000000e+00
0.000000000000000000e+00
0.000000000000000000e+00
0.000000000000000000e+00
0.000000000000000000e+00
0.000000000000000000e+00
0.000000000000000000e+00
0.000000000000000000e+00
0.000000000000000000e+00
0.000000000000000000e+00
0.000000000000000000e+00
0.000000000000000000e+00
0.000000000000000000e+00
0.000000000000000000e+00
0.000000000000000000e+00
0.000000000000000000e+00
-2.264721096280895019e+00
1.708754157783499983e-01
0.000000000000000000e+00
0.000000000000000000e+00
0.000000000000000000e+00
0.000000000000000000e+00
3.308112757127507741e+00
0.000000000000000000e+00
5.688346698401238744e-01
0.000000000000000000e+00
0.000000000000000000e+00
6.522640285287945261e+00
0.000000000000000000e+00
0.000000000000000000e+00
0.000000000000000000e+00
0.000000000000000000e+00
0.000000000000000000e+00
0.000000000000000000e+00
0.000000000000000000e+00
0.000000000000000000e+00
0.000000000000000000e+00
5.960782108595632955e+00
0.000000000000000000e+00
0.000000000000000000e+00
6.509505484927930574e+00
0.000000000000000000e+00
5.664001365222810946e+00
0.000000000000000000e+00
6.612044615533144487e+00
0.000000000000000000e+00
0.000000000000000000e+00
0.000000000000000000e+00
0.000000000000000000e+00
0.000000000000000000e+00
0.000000000000000000e+00
2.238634490602976701e+00
0.000000000000000000e+00
0.000000000000000000e+00
0.000000000000000000e+00
0.000000000000000000e+00
