0.000000000000000000e+00
0.000000000000000000e+00
0.000000000000000000e+00
0.000000000000000000e+00
0.000000000000000000e+00
0.000000000000000000e+00
2.877962866080298054e-01
0.000000000000000000e+00
0.000000000000000000e+00
7.385330726970440907e+00
5.676685219058717813e+00
0.000000000000000000e+00
2.732453195849806615e+00
2.464724041107516417e+00
0.000000000000000000e+00
0.000000000000000000e+00
0.000000000000000000e+00
0.000000000000000000e+00
0.000000000000000000e+00
3.868466085316538905e+00
0.000000000000000000e+00
0.000000000000000000e+00
0.000000000000000000e+00
1.366376580733788693e+01
0.000000000000000000e+00
0.000000000000000000e+00
9.851307430126001741e-01
1.264033553572198709e+00
0.000000000000000000e+00
0.000000000000000000e+00
0.000000000000000000e+00
0.000000000000000000e+00
0.000000000000000000e+00
7.096774826228142985e-02
7.174577165441445858e-01
0.000000000000000000e+00
0.000000000000000000e+00
0.000000000000000000e+00
0.000000000000000000e+00
5.685557022845380892e+00
0.000000000000000000e+00
0.000000000000000000e+00
6.479572656879799275e-02
9.294041343315672776e+00
0.000000000000000000e+00
0.000000000000000000e+00
0.000000000000000000e+00
3.299383948760667984e+00
4.931796170355751130e+00
1.227504082909329242e+01
4.020858054317518082e+00
0.000000000000000000e+00
0.000000000000000000e+00
0.000000000000000000e+00
0.000000000000000000e+00
0.000000000000000000e+00
0.000000000000000000e+00
0.000000000000000000e+00
7.777991897523467424e-01
0.000000000000000000e+00
1.321550518808911789e+01
0.000000000000000000e+00
0.000000000000000000e+00
6.482011943786880614e+00
0.000000000000000000e+00
0.000000000000000000e+00
0.000000000000000000e+00
0.000000000000000000e+00
0.000000000000000000e+00
0.000000000000000000e+00
0.000000000000000000e+00
0.000000000000000000e+00
0.000000000000000000e+00
7.877764008185468292e+00
0.000000000000000000e+00
0.000000000000000000e+00
0.000000000000000000e+00
0.000000000000000000e+00
0.000000000000000000e+00
0.000000000000000000e+00
0.000000000000000000e+00
0.000000000000000000e+00
0.000000000000000000e+00
1.645899879032594937e+00
3.394813155562468876e-01
1.052956747712598812e-01
0.000000000000000000e+00
0.000000000000000000e+00
0.000000000000000000e+00
0.000000000000000000e+00
1.020920252568398467e+00
0.000000000000000000e+00
0.000000000000000000e+00
0.000000000000000000e+00
0.000000000000000000e+00
0.000000000000000000e+00
1.308827488316311349e+00
0.000000000000000000e+00
8.293741915422247146e+00
5.676242283436549130e+00
0.000000000000000000e+00
0.000000000000000000e+00
0.000000000000000000e+00
0.000000000000000000e+00
3.311832361068661079e+00
0.000000000000000000e+00
0.000000000000000000e+00
0.000000000000000000e+00
0.000000000000000000e+00
0.000000000000000000e+00
0.000000000000000000e+00
0.000000000000000000e+00
0.000000000000000000e+00
0.000000000000000000e+00
1.221667690752336810e+01
0.000000000000000000e+00
0.000000000000000000e+00
0.000000000000000000e+00
1.221667085117115725e+01
0.000000000000000000e+00
0.000000000000000000e+00
3.877764008185511369e+00
6.454429040436063247e-02
0.000000000000000000e+00
1.067598260996262027e+01
0.000000000000000000e+00
0.000000000000000000e+00
0.000000000000000000e+00
0.000000000000000000e+00
0.000000000000000000e+00
0.000000000000000000e+00
0.000000000000000000e+00
0.000000000000000000e+00
0.000000000000000000e+00
0.000000000000000000e+00
5.102298268042131379e-01
7.372143939189717443e+00
0.000000000000000000e+00
0.000000000000000000e+00
0.000000000000000000e+00
2.648878981307594138e+00
1.161400632389189905e-02
0.000000000000000000e+00
0.000000000000000000e+00
0.000000000000000000e+00
0.000000000000000000e+00
0.000000000000000000e+00
0.000000000000000000e+00
0.000000000000000000e+00
0.000000000000000000e+00
0.000000000000000000e+00
0.000000000000000000e+00
0.000000000000000000e+00
2.532437042734532184e+00
0.000000000000000000e+00
0.000000000000000000e+00
4.182192970754448069e+00
0.000000000000000000e+00
0.000000000000000000e+00
9.692245427195540941e+00
0.000000000000000000e+00
0.000000000000000000e+00
0.000000000000000000e+00
0.000000000000000000e+00
0.000000000000000000e+00
2.221493426268472504e+01
6.084719034161723883e+00
0.000000000000000000e+00
0.000000000000000000e+00
0.000000000000000000e+00
0.000000000000000000e+00
0.000000000000000000e+00
5.054189201745687976e-01
0.000000000000000000e+00
1.566312068648467815e+01
0.000000000000000000e+00
0.000000000000000000e+00
0.000000000000000000e+00
6.864601221841379330e-02
1.166879908479353034e+01
4.126869364586458033e+00
0.000000000000000000e+00
0.000000000000000000e+00
0.000000000000000000e+00
0.000000000000000000e+00
1.008324834822316829e+00
0.000000000000000000e+00
0.000000000000000000e+00
2.266282974550078677e+01
6.486261362373529238e+00
8.730477950796558417e+00
0.000000000000000000e+00
0.000000000000000000e+00
3.622033369862449458e-03
0.000000000000000000e+00
1.521493426268473570e+01
0.000000000000000000e+00
0.000000000000000000e+00
0.000000000000000000e+00
0.000000000000000000e+00
2.247892085525650785e+00
0.000000000000000000e+00
0.000000000000000000e+00
0.000000000000000000e+00
0.000000000000000000e+00
0.000000000000000000e+00
0.000000000000000000e+00
0.000000000000000000e+00
0.000000000000000000e+00
7.808074009667565818e+00
0.000000000000000000e+00
0.000000000000000000e+00
0.000000000000000000e+00
0.000000000000000000e+00
0.000000000000000000e+00
0.000000000000000000e+00
0.000000000000000000e+00
0.000000000000000000e+00
0.000000000000000000e+00
0.000000000000000000e+00
0.000000000000000000e+00
0.000000000000000000e+00
0.000000000000000000e+00
0.000000000000000000e+00
0.000000000000000000e+00
0.000000000000000000e+00
0.000000000000000000e+00
3.144602872026339702e-01
0.000000000000000000e+00
0.000000000000000000e+00
8.324932877825903077e+00
0.000000000000000000e+00
0.000000000000000000e+00
1.586947385303101088e+00
0.000000000000000000e+00
0.000000000000000000e+00
0.000000000000000000e+00
0.000000000000000000e+00
0.000000000000000000e+00
0.000000000000000000e+00
0.000000000000000000e+00
1.638109990800577398e+00
0.000000000000000000e+00
1.775564417364874581e+00
0.000000000000000000e+00
0.000000000000000000e+00
2.702134838701260922e+00
0.000000000000000000e+00
0.000000000000000000e+00
6.612713746113526803e+00
0.000000000000000000e+00
0.000000000000000000e+00
0.000000000000000000e+00
8.321340382971593286e+00
4.811955171163304179e+00
0.000000000000000000e+00
0.000000000000000000e+00
1.421512244898807786e+01
0.000000000000000000e+00
0.000000000000000000e+00
0.000000000000000000e+00
0.000000000000000000e+00
0.000000000000000000e+00
3.834361877898899706e+00
0.000000000000000000e+00
0.000000000000000000e+00
0.000000000000000000e+00
0.000000000000000000e+00
0.000000000000000000e+00
0.000000000000000000e+00
5.155602962634154435e-02
0.000000000000000000e+00
0.000000000000000000e+00
0.000000000000000000e+00
2.500024677092623993e+00
0.000000000000000000e+00
0.000000000000000000e+00
0.000000000000000000e+00
0.000000000000000000e+00
8.293741915422247146e+00
7.385330726970440907e+00
0.000000000000000000e+00
0.000000000000000000e+00
0.000000000000000000e+00
0.000000000000000000e+00
0.000000000000000000e+00
0.000000000000000000e+00
0.000000000000000000e+00
0.000000000000000000e+00
0.000000000000000000e+00
0.000000000000000000e+00
0.000000000000000000e+00
0.000000000000000000e+00
2.948617026594353430e+00
1.766416124148357270e+01
0.000000000000000000e+00
0.000000000000000000e+00
0.000000000000000000e+00
6.390093958564998511e-01
0.000000000000000000e+00
0.000000000000000000e+00
0.000000000000000000e+00
0.000000000000000000e+00
0.000000000000000000e+00
0.000000000000000000e+00
0.000000000000000000e+00
0.000000000000000000e+00
0.000000000000000000e+00
1.421512244898807786e+01
0.000000000000000000e+00
0.000000000000000000e+00
0.000000000000000000e+00
0.000000000000000000e+00
2.260778568667883182e+00
4.088609827860868684e+00
0.000000000000000000e+00
0.000000000000000000e+00
0.000000000000000000e+00
0.000000000000000000e+00
2.182899849734556141e-01
2.778042823479087264e+00
3.210422975154087144e+00
0.000000000000000000e+00
0.000000000000000000e+00
0.000000000000000000e+00
2.087365724623599927e+00
0.000000000000000000e+00
0.000000000000000000e+00
0.000000000000000000e+00
0.000000000000000000e+00
0.000000000000000000e+00
1.028237925320116020e+01
0.000000000000000000e+00
0.000000000000000000e+00
0.000000000000000000e+00
0.000000000000000000e+00
0.000000000000000000e+00
1.421512588349436079e+01
3.894068793805881556e-01
0.000000000000000000e+00
0.000000000000000000e+00
0.000000000000000000e+00
9.248359488504794612e+00
0.000000000000000000e+00
0.000000000000000000e+00
0.000000000000000000e+00
0.000000000000000000e+00
2.747339758194881743e+00
0.000000000000000000e+00
4.892484485173159925e+00
0.000000000000000000e+00
0.000000000000000000e+00
2.221493426268472504e+01
0.000000000000000000e+00
0.000000000000000000e+00
1.023079387544896868e+01
0.000000000000000000e+00
0.000000000000000000e+00
0.000000000000000000e+00
1.068368141899620448e-02
0.000000000000000000e+00
0.000000000000000000e+00
0.000000000000000000e+00
0.000000000000000000e+00
0.000000000000000000e+00
7.385944111071466978e+00
0.000000000000000000e+00
0.000000000000000000e+00
0.000000000000000000e+00
5.877764008185482503e+00
0.000000000000000000e+00
0.000000000000000000e+00
0.000000000000000000e+00
0.000000000000000000e+00
0.000000000000000000e+00
0.000000000000000000e+00
0.000000000000000000e+00
0.000000000000000000e+00
0.000000000000000000e+00
0.000000000000000000e+00
0.000000000000000000e+00
0.000000000000000000e+00
0.000000000000000000e+00
0.000000000000000000e+00
0.000000000000000000e+00
0.000000000000000000e+00
0.000000000000000000e+00
0.000000000000000000e+00
0.000000000000000000e+00
0.000000000000000000e+00
0.000000000000000000e+00
0.000000000000000000e+00
0.000000000000000000e+00
0.000000000000000000e+00
0.000000000000000000e+00
0.000000000000000000e+00
0.000000000000000000e+00
0.000000000000000000e+00
0.000000000000000000e+00
1.127740132866232514e+01
0.000000000000000000e+00
3.520610282845759720e+00
2.942145706892071097e-02
6.155194997959123171e+00
0.000000000000000000e+00
1.067658897705328158e+01
0.000000000000000000e+00
0.000000000000000000e+00
0.000000000000000000e+00
0.000000000000000000e+00
1.542450943404809260e+00
0.000000000000000000e+00
4.810947109912775410e+00
0.000000000000000000e+00
0.000000000000000000e+00
0.000000000000000000e+00
0.000000000000000000e+00
0.000000000000000000e+00
0.000000000000000000e+00
0.000000000000000000e+00
0.000000000000000000e+00
0.000000000000000000e+00
0.000000000000000000e+00
0.000000000000000000e+00
5.676685219058717813e+00
0.000000000000000000e+00
0.000000000000000000e+00
0.000000000000000000e+00
0.000000000000000000e+00
0.000000000000000000e+00
0.000000000000000000e+00
0.000000000000000000e+00
2.665264391502841779e-01
0.000000000000000000e+00
0.000000000000000000e+00
0.000000000000000000e+00
2.633537697699659952e-01
0.000000000000000000e+00
4.877764008185498490e+00
0.000000000000000000e+00
0.000000000000000000e+00
6.454429040436063247e-02
1.427364744424698806e+01
0.000000000000000000e+00
0.000000000000000000e+00
0.000000000000000000e+00
0.000000000000000000e+00
9.293981012434592515e+00
1.023069387544896891e+01
0.000000000000000000e+00
0.000000000000000000e+00
0.000000000000000000e+00
0.000000000000000000e+00
0.000000000000000000e+00
0.000000000000000000e+00
0.000000000000000000e+00
6.192651657240967999e+00
0.000000000000000000e+00
1.125924743356310431e+00
0.000000000000000000e+00
0.000000000000000000e+00
1.192528726312206723e-02
0.000000000000000000e+00
0.000000000000000000e+00
0.000000000000000000e+00
0.000000000000000000e+00
0.000000000000000000e+00
0.000000000000000000e+00
0.000000000000000000e+00
0.000000000000000000e+00
0.000000000000000000e+00
0.000000000000000000e+00
0.000000000000000000e+00
0.000000000000000000e+00
7.113128816423704148e-02
0.000000000000000000e+00
9.294109067754428466e+00
0.000000000000000000e+00
1.715920214148964063e-01
2.138698971245073244e-01
0.000000000000000000e+00
0.000000000000000000e+00
0.000000000000000000e+00
0.000000000000000000e+00
0.000000000000000000e+00
0.000000000000000000e+00
0.000000000000000000e+00
3.566827978835933166e+00
0.000000000000000000e+00
0.000000000000000000e+00
0.000000000000000000e+00
0.000000000000000000e+00
7.381838683042579063e+00
0.000000000000000000e+00
0.000000000000000000e+00
0.000000000000000000e+00
0.000000000000000000e+00
0.000000000000000000e+00
0.000000000000000000e+00
0.000000000000000000e+00
2.112122335864756284e+00
4.032952248915070648e+00
0.000000000000000000e+00
0.000000000000000000e+00
0.000000000000000000e+00
5.677226967936663371e+00
0.000000000000000000e+00
0.000000000000000000e+00
0.000000000000000000e+00
0.000000000000000000e+00
0.000000000000000000e+00
0.000000000000000000e+00
0.000000000000000000e+00
0.000000000000000000e+00
6.613054790546616601e+00
0.000000000000000000e+00
0.000000000000000000e+00
0.000000000000000000e+00
0.000000000000000000e+00
0.000000000000000000e+00
0.000000000000000000e+00
0.000000000000000000e+00
0.000000000000000000e+00
0.000000000000000000e+00
0.000000000000000000e+00
9.253036757994648198e+00
4.049384105238071463e+00
7.805967744022021648e+00
0.000000000000000000e+00
0.000000000000000000e+00
6.924180037432580370e+00
0.000000000000000000e+00
0.000000000000000000e+00
4.114064769904131502e+00
0.000000000000000000e+00
4.397090697756177446e-01
0.000000000000000000e+00
0.000000000000000000e+00
0.000000000000000000e+00
0.000000000000000000e+00
0.000000000000000000e+00
0.000000000000000000e+00
4.020858054317518082e+00
1.166956995488483351e+01
0.000000000000000000e+00
0.000000000000000000e+00
1.028244694704117279e+01
0.000000000000000000e+00
2.920755915601744412e+00
0.000000000000000000e+00
0.000000000000000000e+00
0.000000000000000000e+00
0.000000000000000000e+00
0.000000000000000000e+00
6.504840720631579032e+00
0.000000000000000000e+00
2.782472442728975981e+00
0.000000000000000000e+00
0.000000000000000000e+00
0.000000000000000000e+00
0.000000000000000000e+00
0.000000000000000000e+00
0.000000000000000000e+00
0.000000000000000000e+00
0.000000000000000000e+00
2.433692391881971204e-03
0.000000000000000000e+00
0.000000000000000000e+00
0.000000000000000000e+00
0.000000000000000000e+00
0.000000000000000000e+00
0.000000000000000000e+00
0.000000000000000000e+00
0.000000000000000000e+00
0.000000000000000000e+00
0.000000000000000000e+00
0.000000000000000000e+00
0.000000000000000000e+00
3.312072946011956898e+00
3.176853828690798132e+00
0.000000000000000000e+00
0.000000000000000000e+00
0.000000000000000000e+00
1.227504082909329242e+01
0.000000000000000000e+00
0.000000000000000000e+00
0.000000000000000000e+00
4.024431292067317756e+00
0.000000000000000000e+00
0.000000000000000000e+00
0.000000000000000000e+00
0.000000000000000000e+00
0.000000000000000000e+00
0.000000000000000000e+00
6.612007027972527595e+00
1.793818005504296487e+00
0.000000000000000000e+00
0.000000000000000000e+00
0.000000000000000000e+00
0.000000000000000000e+00
0.000000000000000000e+00
0.000000000000000000e+00
4.400913318446741940e+00
0.000000000000000000e+00
0.000000000000000000e+00
0.000000000000000000e+00
0.000000000000000000e+00
0.000000000000000000e+00
0.000000000000000000e+00
0.000000000000000000e+00
0.000000000000000000e+00
0.000000000000000000e+00
2.640242291876989444e+00
0.000000000000000000e+00
7.828117003466843471e+00
0.000000000000000000e+00
0.000000000000000000e+00
0.000000000000000000e+00
0.000000000000000000e+00
0.000000000000000000e+00
5.677393892907059758e+00
0.000000000000000000e+00
0.000000000000000000e+00
0.000000000000000000e+00
0.000000000000000000e+00
4.151460269661859659e-01
0.000000000000000000e+00
0.000000000000000000e+00
0.000000000000000000e+00
0.000000000000000000e+00
1.254211107260112534e+00
0.000000000000000000e+00
0.000000000000000000e+00
0.000000000000000000e+00
0.000000000000000000e+00
6.082993650886379555e+00
1.259424207420976882e-01
0.000000000000000000e+00
1.921493426268467530e+01
0.000000000000000000e+00
4.102231412176831071e-01
0.000000000000000000e+00
0.000000000000000000e+00
0.000000000000000000e+00
0.000000000000000000e+00
0.000000000000000000e+00
7.386182006658693844e+00
0.000000000000000000e+00
0.000000000000000000e+00
0.000000000000000000e+00
0.000000000000000000e+00
0.000000000000000000e+00
1.283045155801662895e+00
0.000000000000000000e+00
0.000000000000000000e+00
0.000000000000000000e+00
0.000000000000000000e+00
0.000000000000000000e+00
8.321340382971593286e+00
0.000000000000000000e+00
0.000000000000000000e+00
0.000000000000000000e+00
0.000000000000000000e+00
2.679898502989906672e-03
0.000000000000000000e+00
0.000000000000000000e+00
0.000000000000000000e+00
1.812998353933999995e+00
4.250559541816953057e+00
0.000000000000000000e+00
6.643123318092319755e-03
0.000000000000000000e+00
0.000000000000000000e+00
0.000000000000000000e+00
0.000000000000000000e+00
7.321956000498461847e-01
0.000000000000000000e+00
0.000000000000000000e+00
0.000000000000000000e+00
0.000000000000000000e+00
0.000000000000000000e+00
0.000000000000000000e+00
0.000000000000000000e+00
0.000000000000000000e+00
0.000000000000000000e+00
8.919132343024038789e-02
1.521493426268473570e+01
0.000000000000000000e+00
0.000000000000000000e+00
0.000000000000000000e+00
0.000000000000000000e+00
3.511639318690262801e+00
4.123991581932595456e-03
4.840201142748892238e+00
0.000000000000000000e+00
0.000000000000000000e+00
0.000000000000000000e+00
0.000000000000000000e+00
0.000000000000000000e+00
0.000000000000000000e+00
0.000000000000000000e+00
0.000000000000000000e+00
0.000000000000000000e+00
0.000000000000000000e+00
0.000000000000000000e+00
0.000000000000000000e+00
7.379821821412390292e+00
0.000000000000000000e+00
8.024729913021962091e-02
0.000000000000000000e+00
0.000000000000000000e+00
0.000000000000000000e+00
4.100243117735103304e+00
0.000000000000000000e+00
0.000000000000000000e+00
0.000000000000000000e+00
0.000000000000000000e+00
0.000000000000000000e+00
0.000000000000000000e+00
0.000000000000000000e+00
0.000000000000000000e+00
0.000000000000000000e+00
0.000000000000000000e+00
0.000000000000000000e+00
0.000000000000000000e+00
0.000000000000000000e+00
1.123945180536897626e+00
1.227504426359957357e+01
0.000000000000000000e+00
6.081914482124800791e+00
0.000000000000000000e+00
6.094803025341557046e+00
0.000000000000000000e+00
5.309763961437091950e+00
0.000000000000000000e+00
0.000000000000000000e+00
1.923343561913759547e-01
0.000000000000000000e+00
0.000000000000000000e+00
0.000000000000000000e+00
0.000000000000000000e+00
6.502336277886765215e-02
0.000000000000000000e+00
1.771862848338370267e+00
0.000000000000000000e+00
0.000000000000000000e+00
0.000000000000000000e+00
0.000000000000000000e+00
0.000000000000000000e+00
0.000000000000000000e+00
0.000000000000000000e+00
1.712413935747110483e-01
0.000000000000000000e+00
0.000000000000000000e+00
0.000000000000000000e+00
1.766282974550075480e+01
0.000000000000000000e+00
6.932782126444725357e-01
4.822899124871474541e+00
0.000000000000000000e+00
0.000000000000000000e+00
2.728951412760461270e+00
0.000000000000000000e+00
6.610258816088747658e-01
1.828748008830908547e-04
3.602680084505129887e+00
8.664000649278311150e-02
0.000000000000000000e+00
0.000000000000000000e+00
1.527344744424698320e+01
6.520462535739426913e-02
0.000000000000000000e+00
3.877764008185511369e+00
0.000000000000000000e+00
1.966288916055745872e+01
0.000000000000000000e+00
9.699455132627242904e+00
0.000000000000000000e+00
1.527344744424698320e+01
1.327404483259303447e+01
5.718027990305119879e+00
1.368569590005405123e+00
0.000000000000000000e+00
5.397302835417884914e+00
0.000000000000000000e+00
0.000000000000000000e+00
0.000000000000000000e+00
0.000000000000000000e+00
5.548115632085531129e-02
0.000000000000000000e+00
0.000000000000000000e+00
0.000000000000000000e+00
0.000000000000000000e+00
0.000000000000000000e+00
0.000000000000000000e+00
0.000000000000000000e+00
0.000000000000000000e+00
0.000000000000000000e+00
0.000000000000000000e+00
0.000000000000000000e+00
0.000000000000000000e+00
0.000000000000000000e+00
0.000000000000000000e+00
0.000000000000000000e+00
0.000000000000000000e+00
0.000000000000000000e+00
9.561331287316697791e-01
0.000000000000000000e+00
0.000000000000000000e+00
0.000000000000000000e+00
3.480446205465005383e-01
0.000000000000000000e+00
0.000000000000000000e+00
4.212182034793707786e+00
1.434481241073422009e+00
1.773167057985936212e+00
0.000000000000000000e+00
0.000000000000000000e+00
0.000000000000000000e+00
0.000000000000000000e+00
5.178741308422706302e-01
6.612954790546616834e+00
0.000000000000000000e+00
0.000000000000000000e+00
0.000000000000000000e+00
0.000000000000000000e+00
1.001326992343718691e+00
0.000000000000000000e+00
0.000000000000000000e+00
0.000000000000000000e+00
0.000000000000000000e+00
0.000000000000000000e+00
4.400387311318324279e+00
0.000000000000000000e+00
0.000000000000000000e+00
0.000000000000000000e+00
2.962489094146568469e+00
0.000000000000000000e+00
0.000000000000000000e+00
0.000000000000000000e+00
0.000000000000000000e+00
0.000000000000000000e+00
0.000000000000000000e+00
0.000000000000000000e+00
0.000000000000000000e+00
1.046177863279259546e+00
0.000000000000000000e+00
0.000000000000000000e+00
5.733195178231972555e+00
0.000000000000000000e+00
0.000000000000000000e+00
6.480524812446352811e+00
0.000000000000000000e+00
3.817833373302526923e+00
0.000000000000000000e+00
0.000000000000000000e+00
1.121982738317701944e+01
0.000000000000000000e+00
0.000000000000000000e+00
0.000000000000000000e+00
0.000000000000000000e+00
0.000000000000000000e+00
0.000000000000000000e+00
0.000000000000000000e+00
0.000000000000000000e+00
0.000000000000000000e+00
0.000000000000000000e+00
9.038605013377110087e-01
0.000000000000000000e+00
0.000000000000000000e+00
0.000000000000000000e+00
0.000000000000000000e+00
2.402686561206479166e+00
0.000000000000000000e+00
0.000000000000000000e+00
0.000000000000000000e+00
4.850175689508426480e+00
0.000000000000000000e+00
0.000000000000000000e+00
1.375268037397738008e-01
0.000000000000000000e+00
0.000000000000000000e+00
0.000000000000000000e+00
8.321353407763973919e+00
8.260145490324873885e-01
0.000000000000000000e+00
0.000000000000000000e+00
0.000000000000000000e+00
0.000000000000000000e+00
0.000000000000000000e+00
0.000000000000000000e+00
0.000000000000000000e+00
0.000000000000000000e+00
0.000000000000000000e+00
1.421512588349436079e+01
0.000000000000000000e+00
0.000000000000000000e+00
3.325473258880822680e+00
0.000000000000000000e+00
1.321550175358283674e+01
0.000000000000000000e+00
0.000000000000000000e+00
0.000000000000000000e+00
0.000000000000000000e+00
0.000000000000000000e+00
8.296110461746676989e+00
1.127740132866232514e+01
2.183109863806615092e+00
0.000000000000000000e+00
0.000000000000000000e+00
0.000000000000000000e+00
0.000000000000000000e+00
0.000000000000000000e+00
3.856234738679952034e+00
1.703047091153367720e+00
0.000000000000000000e+00
0.000000000000000000e+00
0.000000000000000000e+00
0.000000000000000000e+00
0.000000000000000000e+00
0.000000000000000000e+00
2.091167656927515051e-01
0.000000000000000000e+00
0.000000000000000000e+00
0.000000000000000000e+00
0.000000000000000000e+00
0.000000000000000000e+00
0.000000000000000000e+00
5.757336011352318650e+00
6.985950049185638000e-02
1.766288916055745872e+01
0.000000000000000000e+00
0.000000000000000000e+00
1.222629527725862530e-01
5.433155962618141377e-02
4.811955171163304179e+00
0.000000000000000000e+00
0.000000000000000000e+00
0.000000000000000000e+00
0.000000000000000000e+00
0.000000000000000000e+00
0.000000000000000000e+00
0.000000000000000000e+00
0.000000000000000000e+00
0.000000000000000000e+00
0.000000000000000000e+00
0.000000000000000000e+00
0.000000000000000000e+00
0.000000000000000000e+00
0.000000000000000000e+00
0.000000000000000000e+00
0.000000000000000000e+00
0.000000000000000000e+00
1.321550175358283674e+01
0.000000000000000000e+00
0.000000000000000000e+00
0.000000000000000000e+00
0.000000000000000000e+00
0.000000000000000000e+00
0.000000000000000000e+00
2.682096442834305261e+00
1.639438445031973224e-01
0.000000000000000000e+00
0.000000000000000000e+00
0.000000000000000000e+00
0.000000000000000000e+00
3.307905640148155246e+00
0.000000000000000000e+00
5.749647541088180880e-01
0.000000000000000000e+00
0.000000000000000000e+00
6.499443902498304837e+00
0.000000000000000000e+00
0.000000000000000000e+00
0.000000000000000000e+00
0.000000000000000000e+00
0.000000000000000000e+00
0.000000000000000000e+00
0.000000000000000000e+00
0.000000000000000000e+00
0.000000000000000000e+00
5.846027507895901643e+00
0.000000000000000000e+00
0.000000000000000000e+00
6.504840720631579032e+00
0.000000000000000000e+00
5.668285059536573911e+00
0.000000000000000000e+00
6.612638770401480848e+00
0.000000000000000000e+00
0.000000000000000000e+00
0.000000000000000000e+00
0.000000000000000000e+00
0.000000000000000000e+00
0.000000000000000000e+00
2.495537547996526495e+00
0.000000000000000000e+00
0.000000000000000000e+00
0.000000000000000000e+00
0.000000000000000000e+00
