0.000000000000000000e+00
0.000000000000000000e+00
0.000000000000000000e+00
0.000000000000000000e+00
0.000000000000000000e+00
0.000000000000000000e+00
5.196145229247336496e-03
0.000000000000000000e+00
0.000000000000000000e+00
7.379821821412390292e+00
5.676270512763148979e+00
0.000000000000000000e+00
6.716164294558996106e-01
2.246974949688943290e+00
0.000000000000000000e+00
0.000000000000000000e+00
0.000000000000000000e+00
0.000000000000000000e+00
0.000000000000000000e+00
9.732885483586757314e-01
0.000000000000000000e+00
0.000000000000000000e+00
0.000000000000000000e+00
6.612044615533144487e+00
0.000000000000000000e+00
0.000000000000000000e+00
2.627317966835218330e-03
1.232981961113616798e+00
0.000000000000000000e+00
0.000000000000000000e+00
0.000000000000000000e+00
0.000000000000000000e+00
0.000000000000000000e+00
4.315567545050474907e-02
0.000000000000000000e+00
0.000000000000000000e+00
0.000000000000000000e+00
0.000000000000000000e+00
0.000000000000000000e+00
5.676270512763148979e+00
0.000000000000000000e+00
0.000000000000000000e+00
5.019582120701478406e-04
9.294112502260709618e+00
0.000000000000000000e+00
0.000000000000000000e+00
0.000000000000000000e+00
1.228355414376053778e+00
5.676270512763148979e+00
1.227504426359957357e+01
4.020858054317518082e+00
0.000000000000000000e+00
0.000000000000000000e+00
0.000000000000000000e+00
0.000000000000000000e+00
0.000000000000000000e+00
0.000000000000000000e+00
0.000000000000000000e+00
6.348300889686325776e-01
0.000000000000000000e+00
2.672479245248008173e+00
0.000000000000000000e+00
0.000000000000000000e+00
6.480395940792643472e+00
0.000000000000000000e+00
0.000000000000000000e+00
0.000000000000000000e+00
0.000000000000000000e+00
0.000000000000000000e+00
0.000000000000000000e+00
0.000000000000000000e+00
0.000000000000000000e+00
0.000000000000000000e+00
0.000000000000000000e+00
0.000000000000000000e+00
0.000000000000000000e+00
0.000000000000000000e+00
0.000000000000000000e+00
0.000000000000000000e+00
0.000000000000000000e+00
0.000000000000000000e+00
0.000000000000000000e+00
0.000000000000000000e+00
9.715259477241430797e-03
2.924243344768518438e-01
3.214301585810931672e-02
0.000000000000000000e+00
0.000000000000000000e+00
0.000000000000000000e+00
0.000000000000000000e+00
8.778762934865096124e-02
0.000000000000000000e+00
0.000000000000000000e+00
0.000000000000000000e+00
0.000000000000000000e+00
0.000000000000000000e+00
8.679003497486646734e-02
0.000000000000000000e+00
2.116257800577693970e+00
5.676270512763148979e+00
0.000000000000000000e+00
0.000000000000000000e+00
0.000000000000000000e+00
0.000000000000000000e+00
3.307295668094703434e+00
0.000000000000000000e+00
0.000000000000000000e+00
0.000000000000000000e+00
0.000000000000000000e+00
0.000000000000000000e+00
0.000000000000000000e+00
0.000000000000000000e+00
0.000000000000000000e+00
0.000000000000000000e+00
4.092301302602317392e+00
0.000000000000000000e+00
0.000000000000000000e+00
0.000000000000000000e+00
6.612044615533144487e+00
0.000000000000000000e+00
0.000000000000000000e+00
0.000000000000000000e+00
0.000000000000000000e+00
0.000000000000000000e+00
4.020858054317518082e+00
0.000000000000000000e+00
0.000000000000000000e+00
0.000000000000000000e+00
0.000000000000000000e+00
0.000000000000000000e+00
0.000000000000000000e+00
0.000000000000000000e+00
0.000000000000000000e+00
0.000000000000000000e+00
0.000000000000000000e+00
9.715259477241430797e-03
7.379821821412390292e+00
0.000000000000000000e+00
0.000000000000000000e+00
0.000000000000000000e+00
2.245358689637070970e+00
1.137524597203181005e-03
0.000000000000000000e+00
0.000000000000000000e+00
0.000000000000000000e+00
0.000000000000000000e+00
0.000000000000000000e+00
0.000000000000000000e+00
0.000000000000000000e+00
0.000000000000000000e+00
0.000000000000000000e+00
0.000000000000000000e+00
0.000000000000000000e+00
3.307295668094703434e+00
0.000000000000000000e+00
0.000000000000000000e+00
1.633880858895581323e+00
0.000000000000000000e+00
0.000000000000000000e+00
1.001218184901498054e+00
0.000000000000000000e+00
0.000000000000000000e+00
0.000000000000000000e+00
0.000000000000000000e+00
0.000000000000000000e+00
5.676270512763148979e+00
8.699008716142600517e-02
0.000000000000000000e+00
0.000000000000000000e+00
0.000000000000000000e+00
0.000000000000000000e+00
0.000000000000000000e+00
2.815430089163365335e-03
0.000000000000000000e+00
5.629049760940268321e+00
0.000000000000000000e+00
0.000000000000000000e+00
0.000000000000000000e+00
4.117292993170089399e-02
5.629049760940268321e+00
3.307295668094703434e+00
0.000000000000000000e+00
0.000000000000000000e+00
0.000000000000000000e+00
0.000000000000000000e+00
1.001218184901498054e+00
0.000000000000000000e+00
0.000000000000000000e+00
2.672479245248008173e+00
6.480395940792643472e+00
2.215009492167954730e-01
0.000000000000000000e+00
0.000000000000000000e+00
0.000000000000000000e+00
0.000000000000000000e+00
4.020858054317518082e+00
0.000000000000000000e+00
0.000000000000000000e+00
0.000000000000000000e+00
0.000000000000000000e+00
2.246974949688943290e+00
0.000000000000000000e+00
0.000000000000000000e+00
0.000000000000000000e+00
0.000000000000000000e+00
0.000000000000000000e+00
0.000000000000000000e+00
0.000000000000000000e+00
0.000000000000000000e+00
2.118716220432781405e+00
0.000000000000000000e+00
0.000000000000000000e+00
0.000000000000000000e+00
0.000000000000000000e+00
0.000000000000000000e+00
0.000000000000000000e+00
0.000000000000000000e+00
0.000000000000000000e+00
0.000000000000000000e+00
0.000000000000000000e+00
0.000000000000000000e+00
0.000000000000000000e+00
0.000000000000000000e+00
0.000000000000000000e+00
0.000000000000000000e+00
0.000000000000000000e+00
0.000000000000000000e+00
3.140287079665198267e-01
0.000000000000000000e+00
0.000000000000000000e+00
8.321424536110264114e+00
0.000000000000000000e+00
0.000000000000000000e+00
8.978062706504857937e-01
0.000000000000000000e+00
0.000000000000000000e+00
0.000000000000000000e+00
0.000000000000000000e+00
0.000000000000000000e+00
0.000000000000000000e+00
0.000000000000000000e+00
1.637188578665833560e+00
0.000000000000000000e+00
1.231540745110247359e+00
0.000000000000000000e+00
0.000000000000000000e+00
2.671904740870155948e+00
0.000000000000000000e+00
0.000000000000000000e+00
6.612044615533144487e+00
0.000000000000000000e+00
0.000000000000000000e+00
0.000000000000000000e+00
8.321424536110264114e+00
4.809830212925606752e+00
0.000000000000000000e+00
0.000000000000000000e+00
2.119593068809454639e+00
0.000000000000000000e+00
0.000000000000000000e+00
0.000000000000000000e+00
0.000000000000000000e+00
0.000000000000000000e+00
2.226991215859197015e-01
0.000000000000000000e+00
0.000000000000000000e+00
0.000000000000000000e+00
0.000000000000000000e+00
0.000000000000000000e+00
0.000000000000000000e+00
4.315567545050474907e-02
0.000000000000000000e+00
0.000000000000000000e+00
0.000000000000000000e+00
2.115228904091656315e+00
0.000000000000000000e+00
0.000000000000000000e+00
0.000000000000000000e+00
0.000000000000000000e+00
5.629049760940268321e+00
7.379821821412390292e+00
0.000000000000000000e+00
0.000000000000000000e+00
0.000000000000000000e+00
0.000000000000000000e+00
0.000000000000000000e+00
0.000000000000000000e+00
0.000000000000000000e+00
0.000000000000000000e+00
0.000000000000000000e+00
0.000000000000000000e+00
0.000000000000000000e+00
0.000000000000000000e+00
7.147053052000319484e-01
4.809830212925606752e+00
0.000000000000000000e+00
0.000000000000000000e+00
0.000000000000000000e+00
6.351070127874481885e-01
0.000000000000000000e+00
0.000000000000000000e+00
0.000000000000000000e+00
0.000000000000000000e+00
0.000000000000000000e+00
0.000000000000000000e+00
0.000000000000000000e+00
0.000000000000000000e+00
0.000000000000000000e+00
4.809830212925606752e+00
0.000000000000000000e+00
0.000000000000000000e+00
0.000000000000000000e+00
0.000000000000000000e+00
2.113787190696485130e+00
4.020858054317518082e+00
0.000000000000000000e+00
0.000000000000000000e+00
0.000000000000000000e+00
0.000000000000000000e+00
1.808182730107857072e-01
2.671904740870155948e+00
3.144739090002662135e-02
0.000000000000000000e+00
0.000000000000000000e+00
0.000000000000000000e+00
2.115228904091656315e+00
0.000000000000000000e+00
0.000000000000000000e+00
0.000000000000000000e+00
0.000000000000000000e+00
0.000000000000000000e+00
1.028245038154745394e+01
0.000000000000000000e+00
0.000000000000000000e+00
0.000000000000000000e+00
0.000000000000000000e+00
0.000000000000000000e+00
4.020858054317518082e+00
2.166065180494742837e-01
0.000000000000000000e+00
0.000000000000000000e+00
0.000000000000000000e+00
4.092301302602317392e+00
0.000000000000000000e+00
0.000000000000000000e+00
0.000000000000000000e+00
0.000000000000000000e+00
2.671904740870155948e+00
0.000000000000000000e+00
1.763104910169728479e+00
0.000000000000000000e+00
0.000000000000000000e+00
5.676270512763148979e+00
0.000000000000000000e+00
0.000000000000000000e+00
3.307295105157341375e+00
0.000000000000000000e+00
0.000000000000000000e+00
0.000000000000000000e+00
8.373994812811247183e-05
0.000000000000000000e+00
0.000000000000000000e+00
0.000000000000000000e+00
0.000000000000000000e+00
0.000000000000000000e+00
7.379821821412390292e+00
0.000000000000000000e+00
0.000000000000000000e+00
0.000000000000000000e+00
0.000000000000000000e+00
0.000000000000000000e+00
0.000000000000000000e+00
0.000000000000000000e+00
0.000000000000000000e+00
0.000000000000000000e+00
0.000000000000000000e+00
0.000000000000000000e+00
0.000000000000000000e+00
0.000000000000000000e+00
0.000000000000000000e+00
0.000000000000000000e+00
0.000000000000000000e+00
0.000000000000000000e+00
0.000000000000000000e+00
0.000000000000000000e+00
0.000000000000000000e+00
0.000000000000000000e+00
0.000000000000000000e+00
0.000000000000000000e+00
0.000000000000000000e+00
0.000000000000000000e+00
0.000000000000000000e+00
0.000000000000000000e+00
0.000000000000000000e+00
0.000000000000000000e+00
0.000000000000000000e+00
0.000000000000000000e+00
0.000000000000000000e+00
0.000000000000000000e+00
1.127740476316860629e+01
0.000000000000000000e+00
1.346392602619628009e+00
0.000000000000000000e+00
4.092301302602317392e+00
0.000000000000000000e+00
4.020858054317518082e+00
0.000000000000000000e+00
0.000000000000000000e+00
0.000000000000000000e+00
0.000000000000000000e+00
8.730978562687737032e-02
0.000000000000000000e+00
4.809830212925606752e+00
0.000000000000000000e+00
0.000000000000000000e+00
0.000000000000000000e+00
0.000000000000000000e+00
0.000000000000000000e+00
0.000000000000000000e+00
0.000000000000000000e+00
0.000000000000000000e+00
0.000000000000000000e+00
0.000000000000000000e+00
0.000000000000000000e+00
5.676270512763148979e+00
0.000000000000000000e+00
0.000000000000000000e+00
0.000000000000000000e+00
0.000000000000000000e+00
0.000000000000000000e+00
0.000000000000000000e+00
0.000000000000000000e+00
1.640805430233354678e-01
0.000000000000000000e+00
0.000000000000000000e+00
0.000000000000000000e+00
9.715259477241430797e-03
0.000000000000000000e+00
0.000000000000000000e+00
0.000000000000000000e+00
0.000000000000000000e+00
0.000000000000000000e+00
1.427364744424698806e+01
0.000000000000000000e+00
0.000000000000000000e+00
0.000000000000000000e+00
0.000000000000000000e+00
9.294112502260709618e+00
5.676270512763148979e+00
0.000000000000000000e+00
0.000000000000000000e+00
0.000000000000000000e+00
0.000000000000000000e+00
0.000000000000000000e+00
0.000000000000000000e+00
0.000000000000000000e+00
4.020858054317518082e+00
0.000000000000000000e+00
3.682166976360354282e-02
0.000000000000000000e+00
0.000000000000000000e+00
1.125345792253977300e-03
0.000000000000000000e+00
0.000000000000000000e+00
0.000000000000000000e+00
0.000000000000000000e+00
0.000000000000000000e+00
0.000000000000000000e+00
0.000000000000000000e+00
0.000000000000000000e+00
0.000000000000000000e+00
0.000000000000000000e+00
0.000000000000000000e+00
0.000000000000000000e+00
7.870709222418803899e-03
0.000000000000000000e+00
9.294112502260709618e+00
0.000000000000000000e+00
1.452438914985371976e-01
7.870709222418803899e-03
0.000000000000000000e+00
0.000000000000000000e+00
0.000000000000000000e+00
0.000000000000000000e+00
0.000000000000000000e+00
0.000000000000000000e+00
0.000000000000000000e+00
3.412740834201313689e+00
0.000000000000000000e+00
0.000000000000000000e+00
0.000000000000000000e+00
0.000000000000000000e+00
7.379821821412390292e+00
0.000000000000000000e+00
0.000000000000000000e+00
0.000000000000000000e+00
0.000000000000000000e+00
0.000000000000000000e+00
0.000000000000000000e+00
0.000000000000000000e+00
2.872153326522442485e-01
4.020858054317518082e+00
0.000000000000000000e+00
0.000000000000000000e+00
0.000000000000000000e+00
5.629049760940268321e+00
0.000000000000000000e+00
0.000000000000000000e+00
0.000000000000000000e+00
0.000000000000000000e+00
0.000000000000000000e+00
0.000000000000000000e+00
0.000000000000000000e+00
0.000000000000000000e+00
6.612044615533144487e+00
0.000000000000000000e+00
0.000000000000000000e+00
0.000000000000000000e+00
0.000000000000000000e+00
0.000000000000000000e+00
0.000000000000000000e+00
0.000000000000000000e+00
0.000000000000000000e+00
0.000000000000000000e+00
0.000000000000000000e+00
2.670461781408053348e+00
4.020858054317518082e+00
4.020858054317518082e+00
0.000000000000000000e+00
0.000000000000000000e+00
1.640460399240661671e+00
0.000000000000000000e+00
0.000000000000000000e+00
4.020858054317518082e+00
0.000000000000000000e+00
4.383120895375162696e-01
0.000000000000000000e+00
0.000000000000000000e+00
0.000000000000000000e+00
0.000000000000000000e+00
0.000000000000000000e+00
0.000000000000000000e+00
4.020858054317518082e+00
6.612044615533144487e+00
0.000000000000000000e+00
0.000000000000000000e+00
1.028245038154745394e+01
0.000000000000000000e+00
1.308422003452148985e+00
0.000000000000000000e+00
0.000000000000000000e+00
0.000000000000000000e+00
0.000000000000000000e+00
0.000000000000000000e+00
6.814390931818475883e-01
0.000000000000000000e+00
1.761288650117857069e+00
0.000000000000000000e+00
0.000000000000000000e+00
0.000000000000000000e+00
0.000000000000000000e+00
0.000000000000000000e+00
0.000000000000000000e+00
0.000000000000000000e+00
0.000000000000000000e+00
8.373994812811247183e-05
0.000000000000000000e+00
0.000000000000000000e+00
0.000000000000000000e+00
0.000000000000000000e+00
0.000000000000000000e+00
0.000000000000000000e+00
0.000000000000000000e+00
0.000000000000000000e+00
0.000000000000000000e+00
0.000000000000000000e+00
0.000000000000000000e+00
0.000000000000000000e+00
3.307295668094703434e+00
1.618440235731970211e-01
0.000000000000000000e+00
0.000000000000000000e+00
0.000000000000000000e+00
1.227504426359957357e+01
0.000000000000000000e+00
0.000000000000000000e+00
0.000000000000000000e+00
2.671904740870155948e+00
0.000000000000000000e+00
0.000000000000000000e+00
0.000000000000000000e+00
0.000000000000000000e+00
0.000000000000000000e+00
0.000000000000000000e+00
6.612044615533144487e+00
1.763104910169728479e+00
0.000000000000000000e+00
0.000000000000000000e+00
0.000000000000000000e+00
0.000000000000000000e+00
0.000000000000000000e+00
0.000000000000000000e+00
4.092301302602317392e+00
0.000000000000000000e+00
0.000000000000000000e+00
0.000000000000000000e+00
0.000000000000000000e+00
0.000000000000000000e+00
0.000000000000000000e+00
0.000000000000000000e+00
0.000000000000000000e+00
0.000000000000000000e+00
2.242288000430578965e+00
0.000000000000000000e+00
6.480395940792643472e+00
0.000000000000000000e+00
0.000000000000000000e+00
0.000000000000000000e+00
0.000000000000000000e+00
0.000000000000000000e+00
5.676270512763148979e+00
0.000000000000000000e+00
0.000000000000000000e+00
0.000000000000000000e+00
0.000000000000000000e+00
2.227238580988173122e-01
0.000000000000000000e+00
0.000000000000000000e+00
0.000000000000000000e+00
0.000000000000000000e+00
1.232883455924664640e+00
0.000000000000000000e+00
0.000000000000000000e+00
0.000000000000000000e+00
0.000000000000000000e+00
1.406382532114604511e-01
5.019582120701478406e-04
0.000000000000000000e+00
6.612044615533144487e+00
0.000000000000000000e+00
1.769244643888860311e-02
0.000000000000000000e+00
0.000000000000000000e+00
0.000000000000000000e+00
0.000000000000000000e+00
0.000000000000000000e+00
7.379821821412390292e+00
0.000000000000000000e+00
0.000000000000000000e+00
0.000000000000000000e+00
0.000000000000000000e+00
0.000000000000000000e+00
5.474482507524586206e-02
0.000000000000000000e+00
0.000000000000000000e+00
0.000000000000000000e+00
0.000000000000000000e+00
0.000000000000000000e+00
8.321424536110264114e+00
0.000000000000000000e+00
0.000000000000000000e+00
0.000000000000000000e+00
0.000000000000000000e+00
3.893611159397657780e-04
0.000000000000000000e+00
0.000000000000000000e+00
0.000000000000000000e+00
1.761288650117857069e+00
4.020858054317518082e+00
0.000000000000000000e+00
4.293170874338460806e-03
0.000000000000000000e+00
0.000000000000000000e+00
0.000000000000000000e+00
0.000000000000000000e+00
4.611769434942148971e-01
0.000000000000000000e+00
0.000000000000000000e+00
0.000000000000000000e+00
0.000000000000000000e+00
0.000000000000000000e+00
0.000000000000000000e+00
0.000000000000000000e+00
0.000000000000000000e+00
0.000000000000000000e+00
8.895630139764082456e-02
6.480395940792643472e+00
0.000000000000000000e+00
0.000000000000000000e+00
0.000000000000000000e+00
0.000000000000000000e+00
2.671904740870155948e+00
5.019582120701478406e-04
4.830436931278943469e+00
0.000000000000000000e+00
0.000000000000000000e+00
0.000000000000000000e+00
0.000000000000000000e+00
0.000000000000000000e+00
0.000000000000000000e+00
0.000000000000000000e+00
0.000000000000000000e+00
0.000000000000000000e+00
0.000000000000000000e+00
0.000000000000000000e+00
0.000000000000000000e+00
7.379821821412390292e+00
0.000000000000000000e+00
2.012489936116189349e-04
0.000000000000000000e+00
0.000000000000000000e+00
0.000000000000000000e+00
4.020858054317518082e+00
0.000000000000000000e+00
0.000000000000000000e+00
0.000000000000000000e+00
0.000000000000000000e+00
0.000000000000000000e+00
0.000000000000000000e+00
0.000000000000000000e+00
0.000000000000000000e+00
0.000000000000000000e+00
0.000000000000000000e+00
0.000000000000000000e+00
0.000000000000000000e+00
0.000000000000000000e+00
4.615061160952934061e-01
1.227504426359957357e+01
0.000000000000000000e+00
4.966069308261178983e-01
0.000000000000000000e+00
3.307295668094703434e+00
0.000000000000000000e+00
2.671904740870155948e+00
0.000000000000000000e+00
0.000000000000000000e+00
3.214301585810931672e-02
0.000000000000000000e+00
0.000000000000000000e+00
0.000000000000000000e+00
0.000000000000000000e+00
5.019582120701478406e-04
0.000000000000000000e+00
1.761387717274362164e+00
0.000000000000000000e+00
0.000000000000000000e+00
0.000000000000000000e+00
0.000000000000000000e+00
0.000000000000000000e+00
0.000000000000000000e+00
0.000000000000000000e+00
4.351954870969186422e-03
0.000000000000000000e+00
0.000000000000000000e+00
0.000000000000000000e+00
1.763104910169728479e+00
0.000000000000000000e+00
6.573564400881874992e-01
4.809830212925606752e+00
0.000000000000000000e+00
0.000000000000000000e+00
2.671904740870155948e+00
0.000000000000000000e+00
6.573564400881874992e-01
0.000000000000000000e+00
2.210461147648695168e-01
8.730978562687737032e-02
0.000000000000000000e+00
0.000000000000000000e+00
1.527344744424698320e+01
1.137524597203181005e-03
0.000000000000000000e+00
0.000000000000000000e+00
0.000000000000000000e+00
4.809830212925606752e+00
0.000000000000000000e+00
1.344376342567756399e+00
0.000000000000000000e+00
1.527344744424698320e+01
1.327404826709931385e+01
4.020858054317518082e+00
3.296024790468285448e-01
0.000000000000000000e+00
4.020858054317518082e+00
0.000000000000000000e+00
0.000000000000000000e+00
0.000000000000000000e+00
0.000000000000000000e+00
1.940777199220436108e-02
0.000000000000000000e+00
0.000000000000000000e+00
0.000000000000000000e+00
0.000000000000000000e+00
0.000000000000000000e+00
0.000000000000000000e+00
0.000000000000000000e+00
0.000000000000000000e+00
0.000000000000000000e+00
0.000000000000000000e+00
0.000000000000000000e+00
0.000000000000000000e+00
0.000000000000000000e+00
0.000000000000000000e+00
0.000000000000000000e+00
0.000000000000000000e+00
0.000000000000000000e+00
2.012489936116189349e-04
0.000000000000000000e+00
0.000000000000000000e+00
0.000000000000000000e+00
1.811058198837877872e-02
0.000000000000000000e+00
0.000000000000000000e+00
3.307295668094703434e+00
1.308422003452148985e+00
1.763104910169728479e+00
0.000000000000000000e+00
0.000000000000000000e+00
0.000000000000000000e+00
0.000000000000000000e+00
4.336877142765064308e-01
6.612044615533144487e+00
0.000000000000000000e+00
0.000000000000000000e+00
0.000000000000000000e+00
0.000000000000000000e+00
9.992002446415381156e-01
0.000000000000000000e+00
0.000000000000000000e+00
0.000000000000000000e+00
0.000000000000000000e+00
0.000000000000000000e+00
4.092301302602317392e+00
0.000000000000000000e+00
0.000000000000000000e+00
0.000000000000000000e+00
3.307295668094703434e+00
0.000000000000000000e+00
0.000000000000000000e+00
0.000000000000000000e+00
0.000000000000000000e+00
0.000000000000000000e+00
0.000000000000000000e+00
0.000000000000000000e+00
0.000000000000000000e+00
7.147053052000319484e-01
0.000000000000000000e+00
0.000000000000000000e+00
7.112974041810777859e-01
0.000000000000000000e+00
0.000000000000000000e+00
6.480395940792643472e+00
0.000000000000000000e+00
8.699008716142600517e-02
0.000000000000000000e+00
0.000000000000000000e+00
3.307295105157341375e+00
0.000000000000000000e+00
0.000000000000000000e+00
0.000000000000000000e+00
0.000000000000000000e+00
0.000000000000000000e+00
0.000000000000000000e+00
0.000000000000000000e+00
0.000000000000000000e+00
0.000000000000000000e+00
0.000000000000000000e+00
9.024326693909897612e-01
0.000000000000000000e+00
0.000000000000000000e+00
0.000000000000000000e+00
0.000000000000000000e+00
5.382566400594674533e-02
0.000000000000000000e+00
0.000000000000000000e+00
0.000000000000000000e+00
4.830436931278943469e+00
0.000000000000000000e+00
0.000000000000000000e+00
1.769244643888860311e-02
0.000000000000000000e+00
0.000000000000000000e+00
0.000000000000000000e+00
8.321424536110264114e+00
2.226991215859197015e-01
0.000000000000000000e+00
0.000000000000000000e+00
0.000000000000000000e+00
0.000000000000000000e+00
0.000000000000000000e+00
0.000000000000000000e+00
0.000000000000000000e+00
0.000000000000000000e+00
0.000000000000000000e+00
5.629049760940268321e+00
0.000000000000000000e+00
0.000000000000000000e+00
3.307295668094703434e+00
0.000000000000000000e+00
2.668904246405033653e+00
0.000000000000000000e+00
0.000000000000000000e+00
0.000000000000000000e+00
0.000000000000000000e+00
0.000000000000000000e+00
5.676270512763148979e+00
1.127740476316860629e+01
2.115228715757254463e+00
0.000000000000000000e+00
0.000000000000000000e+00
0.000000000000000000e+00
0.000000000000000000e+00
0.000000000000000000e+00
7.190725154287852527e-01
8.984190499970234889e-01
0.000000000000000000e+00
0.000000000000000000e+00
0.000000000000000000e+00
0.000000000000000000e+00
0.000000000000000000e+00
0.000000000000000000e+00
0.000000000000000000e+00
0.000000000000000000e+00
0.000000000000000000e+00
0.000000000000000000e+00
0.000000000000000000e+00
0.000000000000000000e+00
0.000000000000000000e+00
5.629049760940268321e+00
6.967662569097327063e-02
3.307295105157341375e+00
0.000000000000000000e+00
0.000000000000000000e+00
0.000000000000000000e+00
4.210447939623452457e-02
4.809830212925606752e+00
0.000000000000000000e+00
0.000000000000000000e+00
0.000000000000000000e+00
0.000000000000000000e+00
0.000000000000000000e+00
0.000000000000000000e+00
0.000000000000000000e+00
0.000000000000000000e+00
0.000000000000000000e+00
0.000000000000000000e+00
0.000000000000000000e+00
0.000000000000000000e+00
0.000000000000000000e+00
0.000000000000000000e+00
0.000000000000000000e+00
0.000000000000000000e+00
0.000000000000000000e+00
3.305853889153972158e+00
0.000000000000000000e+00
0.000000000000000000e+00
0.000000000000000000e+00
0.000000000000000000e+00
0.000000000000000000e+00
0.000000000000000000e+00
2.671904740870155948e+00
1.424131804690438874e-01
0.000000000000000000e+00
0.000000000000000000e+00
0.000000000000000000e+00
0.000000000000000000e+00
3.307295668094703434e+00
0.000000000000000000e+00
4.425118667139814610e-01
0.000000000000000000e+00
0.000000000000000000e+00
6.480395940792643472e+00
0.000000000000000000e+00
0.000000000000000000e+00
0.000000000000000000e+00
0.000000000000000000e+00
0.000000000000000000e+00
0.000000000000000000e+00
0.000000000000000000e+00
0.000000000000000000e+00
0.000000000000000000e+00
1.307410210912349324e+00
0.000000000000000000e+00
0.000000000000000000e+00
1.346392602619628009e+00
0.000000000000000000e+00
4.020858054317518082e+00
0.000000000000000000e+00
6.612044615533144487e+00
0.000000000000000000e+00
0.000000000000000000e+00
0.000000000000000000e+00
0.000000000000000000e+00
0.000000000000000000e+00
0.000000000000000000e+00
1.636736698027848158e+00
0.000000000000000000e+00
0.000000000000000000e+00
0.000000000000000000e+00
0.000000000000000000e+00
