-4.535039889210657371e+00
1.815941381680688238e+01
0.000000000000000000e+00
0.000000000000000000e+00
0.000000000000000000e+00
0.000000000000000000e+00
0.000000000000000000e+00
0.000000000000000000e+00
2.380278134601359064e-01
1.639288681840645268e+01
2.273230052703897286e+01
0.000000000000000000e+00
0.000000000000000000e+00
0.000000000000000000e+00
2.373230052703896220e+01
-2.162916841025032344e+00
0.000000000000000000e+00
0.000000000000000000e+00
0.000000000000000000e+00
-9.283582458198528897e+00
0.000000000000000000e+00
7.843582164900849918e+00
0.000000000000000000e+00
0.000000000000000000e+00
0.000000000000000000e+00
0.000000000000000000e+00
0.000000000000000000e+00
2.015038031061829926e+01
0.000000000000000000e+00
0.000000000000000000e+00
0.000000000000000000e+00
5.125187345445550768e+00
5.189142836679136117e+00
0.000000000000000000e+00
2.114832414550328821e+01
6.129395848913102185e+00
9.568149354132499340e+00
0.000000000000000000e+00
0.000000000000000000e+00
0.000000000000000000e+00
0.000000000000000000e+00
0.000000000000000000e+00
0.000000000000000000e+00
0.000000000000000000e+00
0.000000000000000000e+00
0.000000000000000000e+00
0.000000000000000000e+00
0.000000000000000000e+00
0.000000000000000000e+00
-1.869919827457533490e+00
0.000000000000000000e+00
1.161969476472755503e+00
0.000000000000000000e+00
0.000000000000000000e+00
0.000000000000000000e+00
0.000000000000000000e+00
0.000000000000000000e+00
0.000000000000000000e+00
0.000000000000000000e+00
0.000000000000000000e+00
1.974856205545025745e+01
0.000000000000000000e+00
0.000000000000000000e+00
0.000000000000000000e+00
0.000000000000000000e+00
0.000000000000000000e+00
0.000000000000000000e+00
0.000000000000000000e+00
0.000000000000000000e+00
0.000000000000000000e+00
1.519880224976503769e+01
6.060946538968170039e+00
9.565372065821399872e+00
0.000000000000000000e+00
0.000000000000000000e+00
0.000000000000000000e+00
0.000000000000000000e+00
2.373334799522242378e+01
-4.287123129241916963e+00
0.000000000000000000e+00
0.000000000000000000e+00
1.974856205545025745e+01
2.114832414550328821e+01
0.000000000000000000e+00
0.000000000000000000e+00
0.000000000000000000e+00
1.639709532187399432e+01
2.074311136329681204e+01
0.000000000000000000e+00
0.000000000000000000e+00
0.000000000000000000e+00
0.000000000000000000e+00
0.000000000000000000e+00
1.815941381680688238e+01
0.000000000000000000e+00
-3.923859813632498916e+00
1.674856205545028942e+01
0.000000000000000000e+00
0.000000000000000000e+00
1.937772987367197786e+01
0.000000000000000000e+00
0.000000000000000000e+00
0.000000000000000000e+00
0.000000000000000000e+00
0.000000000000000000e+00
0.000000000000000000e+00
0.000000000000000000e+00
2.239330748417245331e+01
0.000000000000000000e+00
0.000000000000000000e+00
0.000000000000000000e+00
0.000000000000000000e+00
0.000000000000000000e+00
1.573910976568897091e+01
0.000000000000000000e+00
0.000000000000000000e+00
0.000000000000000000e+00
0.000000000000000000e+00
-2.482477728419104412e+00
0.000000000000000000e+00
0.000000000000000000e+00
0.000000000000000000e+00
1.816252828193183078e+01
0.000000000000000000e+00
0.000000000000000000e+00
0.000000000000000000e+00
0.000000000000000000e+00
1.945541533693639380e+01
0.000000000000000000e+00
0.000000000000000000e+00
0.000000000000000000e+00
2.601245668216938256e+00
0.000000000000000000e+00
0.000000000000000000e+00
2.439288681840648465e+01
0.000000000000000000e+00
0.000000000000000000e+00
1.452982158486866915e+01
1.839393428658990715e+01
0.000000000000000000e+00
0.000000000000000000e+00
0.000000000000000000e+00
1.439303677142007132e+01
1.673467624220496219e+01
0.000000000000000000e+00
0.000000000000000000e+00
0.000000000000000000e+00
0.000000000000000000e+00
0.000000000000000000e+00
1.661799891993874123e+00
0.000000000000000000e+00
0.000000000000000000e+00
-1.100987294746824752e+01
1.519910167456387740e+01
4.125187345445560538e+00
1.075224778019820882e+01
6.173951141727950898e+00
0.000000000000000000e+00
1.067543048128991146e+00
1.573633683177985709e+01
0.000000000000000000e+00
0.000000000000000000e+00
0.000000000000000000e+00
2.114832414550328821e+01
0.000000000000000000e+00
1.349620893378203057e+01
0.000000000000000000e+00
0.000000000000000000e+00
0.000000000000000000e+00
-2.991304584736226069e+00
9.183143199619852481e+00
0.000000000000000000e+00
0.000000000000000000e+00
0.000000000000000000e+00
0.000000000000000000e+00
0.000000000000000000e+00
6.491123272746925466e+00
0.000000000000000000e+00
0.000000000000000000e+00
8.691057216737473112e+00
0.000000000000000000e+00
0.000000000000000000e+00
0.000000000000000000e+00
5.802487108773259905e+00
0.000000000000000000e+00
0.000000000000000000e+00
1.140093451127555113e+01
0.000000000000000000e+00
0.000000000000000000e+00
0.000000000000000000e+00
1.739330748417246042e+01
0.000000000000000000e+00
0.000000000000000000e+00
0.000000000000000000e+00
-3.955248707394694585e-01
-2.830662977586025697e+00
0.000000000000000000e+00
2.114832414550328821e+01
0.000000000000000000e+00
0.000000000000000000e+00
0.000000000000000000e+00
0.000000000000000000e+00
0.000000000000000000e+00
0.000000000000000000e+00
0.000000000000000000e+00
0.000000000000000000e+00
1.012518734544558896e+01
1.173753841212931270e+01
2.439288681840648465e+01
0.000000000000000000e+00
2.015038031061829926e+01
0.000000000000000000e+00
0.000000000000000000e+00
9.126234813629036324e+00
0.000000000000000000e+00
2.146854598745247256e-01
0.000000000000000000e+00
0.000000000000000000e+00
2.073230052703894799e+01
0.000000000000000000e+00
0.000000000000000000e+00
4.468637358818907224e+00
0.000000000000000000e+00
0.000000000000000000e+00
0.000000000000000000e+00
1.873467624220490890e+01
0.000000000000000000e+00
0.000000000000000000e+00
3.173230052703922865e+01
2.873255299187481171e+01
0.000000000000000000e+00
7.060579055252174996e+00
0.000000000000000000e+00
4.127563060611494805e+00
4.751057099730698674e+00
0.000000000000000000e+00
0.000000000000000000e+00
2.214719966253889893e+01
2.739288681840649176e+01
-7.992315518293129362e-01
0.000000000000000000e+00
1.520778236527466731e+01
-4.526366194160144296e+00
2.163049933481603126e+00
0.000000000000000000e+00
0.000000000000000000e+00
0.000000000000000000e+00
0.000000000000000000e+00
0.000000000000000000e+00
1.231523819656975327e+01
0.000000000000000000e+00
0.000000000000000000e+00
0.000000000000000000e+00
0.000000000000000000e+00
0.000000000000000000e+00
0.000000000000000000e+00
3.125187345445576081e+00
0.000000000000000000e+00
0.000000000000000000e+00
0.000000000000000000e+00
0.000000000000000000e+00
0.000000000000000000e+00
0.000000000000000000e+00
0.000000000000000000e+00
0.000000000000000000e+00
1.652959020100989918e+01
2.126430206982229265e+01
9.605191143764925110e-01
0.000000000000000000e+00
2.132985997599103012e+00
-2.523296431856262068e+00
0.000000000000000000e+00
0.000000000000000000e+00
0.000000000000000000e+00
2.439288681840648465e+01
2.973230052703912207e+01
-4.486508963018365215e+00
0.000000000000000000e+00
0.000000000000000000e+00
1.934392057050015490e+00
1.250761231155031572e+00
0.000000000000000000e+00
6.785922146144148570e+00
0.000000000000000000e+00
2.015038031061829926e+01
2.673230052703898352e+01
2.015038031061829926e+01
1.915391336584756132e+01
0.000000000000000000e+00
0.000000000000000000e+00
8.173951141727958003e+00
0.000000000000000000e+00
0.000000000000000000e+00
0.000000000000000000e+00
1.520437124142366869e+01
2.114832414550328821e+01
0.000000000000000000e+00
0.000000000000000000e+00
0.000000000000000000e+00
0.000000000000000000e+00
0.000000000000000000e+00
0.000000000000000000e+00
0.000000000000000000e+00
2.873334799522254457e+01
0.000000000000000000e+00
0.000000000000000000e+00
-5.616648165742055276e+00
-1.254509646518482846e+00
0.000000000000000000e+00
0.000000000000000000e+00
5.412109639098307001e-01
1.547180592781461472e+00
-2.447699364786569465e+00
2.146654722401137505e+01
0.000000000000000000e+00
0.000000000000000000e+00
0.000000000000000000e+00
0.000000000000000000e+00
-7.376180914942839228e-01
0.000000000000000000e+00
0.000000000000000000e+00
1.239388596845841128e+01
0.000000000000000000e+00
0.000000000000000000e+00
0.000000000000000000e+00
0.000000000000000000e+00
0.000000000000000000e+00
0.000000000000000000e+00
0.000000000000000000e+00
0.000000000000000000e+00
1.553207906325673093e+01
1.716796087599744780e+01
0.000000000000000000e+00
0.000000000000000000e+00
2.015038031061829926e+01
0.000000000000000000e+00
7.944108170800515012e+00
1.135998181703434806e+00
0.000000000000000000e+00
0.000000000000000000e+00
2.214599908115528137e+01
0.000000000000000000e+00
0.000000000000000000e+00
-1.413457226536564981e+01
0.000000000000000000e+00
0.000000000000000000e+00
1.017407971988538229e+01
0.000000000000000000e+00
2.114832414550328821e+01
0.000000000000000000e+00
-2.225345902930358832e+00
5.126234813629008791e+00
-1.563381212102534157e+01
0.000000000000000000e+00
3.143145918562769037e+00
1.832309806911364092e+01
0.000000000000000000e+00
1.915391336584756132e+01
0.000000000000000000e+00
0.000000000000000000e+00
0.000000000000000000e+00
0.000000000000000000e+00
2.539330748417246042e+01
0.000000000000000000e+00
1.915391336584756132e+01
0.000000000000000000e+00
9.470545016847685460e+00
0.000000000000000000e+00
0.000000000000000000e+00
0.000000000000000000e+00
1.231474424707806570e+01
1.516769350635817526e+00
0.000000000000000000e+00
5.126234813629008791e+00
0.000000000000000000e+00
0.000000000000000000e+00
0.000000000000000000e+00
0.000000000000000000e+00
0.000000000000000000e+00
0.000000000000000000e+00
0.000000000000000000e+00
0.000000000000000000e+00
0.000000000000000000e+00
7.183443171690160334e-01
0.000000000000000000e+00
-6.692818396878455367e+00
0.000000000000000000e+00
0.000000000000000000e+00
0.000000000000000000e+00
2.339330748417246042e+01
0.000000000000000000e+00
1.326631536890928409e+01
-3.891414154264122960e+00
2.073230052703894799e+01
7.054358080829136846e+00
-1.000153986521920757e+01
1.112518734544557297e+01
0.000000000000000000e+00
0.000000000000000000e+00
-1.472476819501476353e+00
1.012518734544558896e+01
0.000000000000000000e+00
4.125608011211549631e+00
1.745449879587938469e+01
0.000000000000000000e+00
1.417395114172798287e+01
0.000000000000000000e+00
0.000000000000000000e+00
0.000000000000000000e+00
0.000000000000000000e+00
0.000000000000000000e+00
2.149572555099340532e-01
1.673702854924244932e+01
0.000000000000000000e+00
0.000000000000000000e+00
0.000000000000000000e+00
0.000000000000000000e+00
0.000000000000000000e+00
1.540855419009901750e+00
1.592350580661791026e-01
0.000000000000000000e+00
0.000000000000000000e+00
2.114832414550328821e+01
2.114832414550328821e+01
0.000000000000000000e+00
4.468637358818907224e+00
4.764406751668269990e+00
0.000000000000000000e+00
6.125187345445560538e+00
1.037748585773748999e+01
0.000000000000000000e+00
0.000000000000000000e+00
0.000000000000000000e+00
0.000000000000000000e+00
0.000000000000000000e+00
0.000000000000000000e+00
2.873334799522254457e+01
-6.613500182791572257e+00
-1.879352587657831863e+00
0.000000000000000000e+00
0.000000000000000000e+00
1.539292697808654609e+01
0.000000000000000000e+00
0.000000000000000000e+00
0.000000000000000000e+00
0.000000000000000000e+00
0.000000000000000000e+00
0.000000000000000000e+00
0.000000000000000000e+00
7.173951141727948233e+00
0.000000000000000000e+00
0.000000000000000000e+00
1.510991337739640450e+01
-9.767784876859622045e+00
6.797396924790922057e+00
2.837009325384731717e+00
0.000000000000000000e+00
2.339393428658993201e+01
1.815941381680688238e+01
0.000000000000000000e+00
2.214719966253889893e+01
0.000000000000000000e+00
0.000000000000000000e+00
0.000000000000000000e+00
0.000000000000000000e+00
0.000000000000000000e+00
1.717113688745365252e+01
0.000000000000000000e+00
0.000000000000000000e+00
0.000000000000000000e+00
0.000000000000000000e+00
1.170531260583481448e+00
3.453594319374241550e+00
0.000000000000000000e+00
2.832384938009411712e+00
0.000000000000000000e+00
0.000000000000000000e+00
0.000000000000000000e+00
1.187787470659191547e+00
0.000000000000000000e+00
0.000000000000000000e+00
0.000000000000000000e+00
4.723816270425472696e-01
9.406916402245560249e+00
2.047542990224561166e+01
0.000000000000000000e+00
0.000000000000000000e+00
0.000000000000000000e+00
0.000000000000000000e+00
1.939288681840645623e+01
0.000000000000000000e+00
1.815941381680688238e+01
0.000000000000000000e+00
0.000000000000000000e+00
-5.918469471281356808e-01
-1.471744061308025486e+00
1.422701426779723555e+01
0.000000000000000000e+00
0.000000000000000000e+00
0.000000000000000000e+00
1.213813665266109076e+01
0.000000000000000000e+00
-3.278041826201497866e+00
0.000000000000000000e+00
2.544190307952450070e+01
-3.752446084460804521e+00
1.373345614042100493e+01
0.000000000000000000e+00
5.894527266223720474e+00
0.000000000000000000e+00
7.377059386975882482e+00
9.291851302341174179e-01
0.000000000000000000e+00
0.000000000000000000e+00
0.000000000000000000e+00
1.924518288553952416e+01
2.114832414550328821e+01
0.000000000000000000e+00
0.000000000000000000e+00
0.000000000000000000e+00
4.173951141727974878e+00
1.915391336584756132e+01
0.000000000000000000e+00
1.839288681840644557e+01
0.000000000000000000e+00
2.214719966253889893e+01
0.000000000000000000e+00
0.000000000000000000e+00
0.000000000000000000e+00
6.384236291716781642e-01
2.439288681840648465e+01
1.284692117273094958e+01
0.000000000000000000e+00
2.934442103800845913e+01
0.000000000000000000e+00
0.000000000000000000e+00
-4.193301237191376707e+00
2.002474793373686668e-01
-6.809683657306186966e+00
0.000000000000000000e+00
0.000000000000000000e+00
0.000000000000000000e+00
0.000000000000000000e+00
0.000000000000000000e+00
1.852288202211401502e-01
-3.340677589045226159e-01
2.116114343846064560e+00
-1.236811614857714403e+01
8.770555883030439759e+00
0.000000000000000000e+00
0.000000000000000000e+00
0.000000000000000000e+00
0.000000000000000000e+00
0.000000000000000000e+00
0.000000000000000000e+00
0.000000000000000000e+00
0.000000000000000000e+00
0.000000000000000000e+00
0.000000000000000000e+00
0.000000000000000000e+00
0.000000000000000000e+00
9.559545404227581145e+00
0.000000000000000000e+00
0.000000000000000000e+00
0.000000000000000000e+00
0.000000000000000000e+00
0.000000000000000000e+00
0.000000000000000000e+00
0.000000000000000000e+00
0.000000000000000000e+00
0.000000000000000000e+00
0.000000000000000000e+00
0.000000000000000000e+00
4.854823115223172003e+00
0.000000000000000000e+00
0.000000000000000000e+00
0.000000000000000000e+00
5.178648537177982014e+00
0.000000000000000000e+00
1.076437421546641682e+00
2.575566523991394519e+01
0.000000000000000000e+00
0.000000000000000000e+00
0.000000000000000000e+00
1.174435296709066812e+01
2.474311136329683336e+01
0.000000000000000000e+00
3.125187345445576081e+00
0.000000000000000000e+00
0.000000000000000000e+00
2.539288681840647044e+01
0.000000000000000000e+00
1.656070198849848651e+01
1.140162718874695003e+01
0.000000000000000000e+00
0.000000000000000000e+00
0.000000000000000000e+00
0.000000000000000000e+00
-1.519126966933045608e+00
-1.340127320629471486e+00
0.000000000000000000e+00
-1.791710522353625823e+00
0.000000000000000000e+00
-6.017263762718334519e-01
0.000000000000000000e+00
0.000000000000000000e+00
0.000000000000000000e+00
2.015038031061829926e+01
0.000000000000000000e+00
1.312518734544557297e+01
1.618024232891313119e+01
0.000000000000000000e+00
0.000000000000000000e+00
0.000000000000000000e+00
0.000000000000000000e+00
0.000000000000000000e+00
0.000000000000000000e+00
2.214719966253889893e+01
0.000000000000000000e+00
9.566033739613581943e+00
0.000000000000000000e+00
0.000000000000000000e+00
-1.795953778991219707e+01
-1.153800870977970305e+01
0.000000000000000000e+00
0.000000000000000000e+00
0.000000000000000000e+00
0.000000000000000000e+00
-1.442809695481555576e-01
1.182761911065138172e+01
0.000000000000000000e+00
0.000000000000000000e+00
0.000000000000000000e+00
0.000000000000000000e+00
0.000000000000000000e+00
0.000000000000000000e+00
0.000000000000000000e+00
1.137771307065075455e+01
0.000000000000000000e+00
0.000000000000000000e+00
5.127563060611485035e+00
-7.879259458264929350e+00
0.000000000000000000e+00
2.939288681840656636e+01
0.000000000000000000e+00
2.114832414550328821e+01
0.000000000000000000e+00
-8.843448208891176998e-01
2.214719966253889893e+01
0.000000000000000000e+00
0.000000000000000000e+00
0.000000000000000000e+00
0.000000000000000000e+00
2.214643263355291225e+01
2.015038031061829926e+01
5.454968364664976033e-01
7.994993830436983195e+00
0.000000000000000000e+00
0.000000000000000000e+00
0.000000000000000000e+00
0.000000000000000000e+00
0.000000000000000000e+00
0.000000000000000000e+00
-8.679632562244058436e-01
-1.429143145503880330e+00
1.115234562973241195e+00
0.000000000000000000e+00
-6.795560887048337495e-01
0.000000000000000000e+00
0.000000000000000000e+00
0.000000000000000000e+00
-1.817113779370346682e+00
0.000000000000000000e+00
0.000000000000000000e+00
0.000000000000000000e+00
-4.181837384103545219e+00
0.000000000000000000e+00
0.000000000000000000e+00
-2.927549419967086397e+00
1.139580148014427152e+01
1.777764444217689999e+01
0.000000000000000000e+00
0.000000000000000000e+00
0.000000000000000000e+00
0.000000000000000000e+00
0.000000000000000000e+00
1.470238334154505555e+00
0.000000000000000000e+00
0.000000000000000000e+00
1.815941381680688238e+01
0.000000000000000000e+00
0.000000000000000000e+00
0.000000000000000000e+00
0.000000000000000000e+00
-3.430317854627528806e+00
2.854098742309604830e+01
0.000000000000000000e+00
-7.344664556729507687e-02
0.000000000000000000e+00
0.000000000000000000e+00
1.129395848913118394e+00
1.047447089180195512e+01
0.000000000000000000e+00
1.175989828414725213e+00
5.468637358818917882e+00
0.000000000000000000e+00
6.792519129973993763e+00
0.000000000000000000e+00
0.000000000000000000e+00
0.000000000000000000e+00
1.573783253058226528e+01
0.000000000000000000e+00
0.000000000000000000e+00
0.000000000000000000e+00
2.439330748417247463e+01
0.000000000000000000e+00
0.000000000000000000e+00
0.000000000000000000e+00
0.000000000000000000e+00
0.000000000000000000e+00
0.000000000000000000e+00
0.000000000000000000e+00
0.000000000000000000e+00
0.000000000000000000e+00
0.000000000000000000e+00
0.000000000000000000e+00
6.181577086998987447e+00
0.000000000000000000e+00
6.881885780570970113e+00
0.000000000000000000e+00
0.000000000000000000e+00
0.000000000000000000e+00
0.000000000000000000e+00
0.000000000000000000e+00
0.000000000000000000e+00
0.000000000000000000e+00
0.000000000000000000e+00
0.000000000000000000e+00
0.000000000000000000e+00
0.000000000000000000e+00
0.000000000000000000e+00
0.000000000000000000e+00
5.176532278936232245e+00
2.214719966253889893e+01
1.618024232891313119e+01
0.000000000000000000e+00
0.000000000000000000e+00
1.097260157144397752e+01
2.015006696251289497e+01
1.774043388325184978e+01
0.000000000000000000e+00
1.772569387720163903e+01
0.000000000000000000e+00
6.178648537177975797e+00
0.000000000000000000e+00
-6.708328157808746361e+00
2.539393428658992491e+01
2.127563060611508572e+00
5.173951141727955338e+00
0.000000000000000000e+00
0.000000000000000000e+00
-1.376843641632557613e+01
1.122101643703543594e+01
0.000000000000000000e+00
0.000000000000000000e+00
0.000000000000000000e+00
1.915391336584756132e+01
7.929428859215830627e+00
1.233525282211879492e+01
0.000000000000000000e+00
0.000000000000000000e+00
7.125608011211546966e+00
0.000000000000000000e+00
0.000000000000000000e+00
9.126234813629036324e+00
2.032547245500115451e+01
1.539713548155408596e+01
0.000000000000000000e+00
0.000000000000000000e+00
1.326309442270975225e+01
0.000000000000000000e+00
6.837560215436269573e+00
8.175858799756776207e+00
0.000000000000000000e+00
0.000000000000000000e+00
0.000000000000000000e+00
2.339330748417246042e+01
0.000000000000000000e+00
0.000000000000000000e+00
-2.938903180667861825e+00
0.000000000000000000e+00
1.468637358818908334e+00
0.000000000000000000e+00
0.000000000000000000e+00
1.915391336584756132e+01
-3.678822587923636367e-01
0.000000000000000000e+00
1.540086480945465075e+00
0.000000000000000000e+00
0.000000000000000000e+00
0.000000000000000000e+00
0.000000000000000000e+00
2.074856205545021481e+01
0.000000000000000000e+00
2.131996584095525726e+00
0.000000000000000000e+00
4.127563060611494805e+00
2.473230052703896575e+01
1.212665566908478931e+00
0.000000000000000000e+00
0.000000000000000000e+00
0.000000000000000000e+00
0.000000000000000000e+00
-8.327603620478820190e+00
0.000000000000000000e+00
5.127563060611485035e+00
7.756179332565152684e+00
0.000000000000000000e+00
1.976521776135595587e+01
2.139330748417246753e+01
0.000000000000000000e+00
2.239393428658992491e+01
2.015038031061829926e+01
0.000000000000000000e+00
5.129395848913092415e+00
0.000000000000000000e+00
1.520810520092776841e+01
0.000000000000000000e+00
0.000000000000000000e+00
0.000000000000000000e+00
0.000000000000000000e+00
-3.036664655385621359e-01
1.047181220703393834e+01
2.239288681840646333e+01
0.000000000000000000e+00
0.000000000000000000e+00
1.839330748417243555e+01
0.000000000000000000e+00
5.508811349359425957e-01
-6.274283710384297441e-01
0.000000000000000000e+00
0.000000000000000000e+00
0.000000000000000000e+00
0.000000000000000000e+00
0.000000000000000000e+00
0.000000000000000000e+00
0.000000000000000000e+00
0.000000000000000000e+00
2.239288681840646333e+01
0.000000000000000000e+00
0.000000000000000000e+00
0.000000000000000000e+00
0.000000000000000000e+00
0.000000000000000000e+00
2.239288681840646333e+01
0.000000000000000000e+00
0.000000000000000000e+00
0.000000000000000000e+00
0.000000000000000000e+00
-7.591882195671396438e+00
-7.246893414489191443e+00
0.000000000000000000e+00
0.000000000000000000e+00
0.000000000000000000e+00
7.286832549458438280e+00
-2.014426272789986427e+00
0.000000000000000000e+00
0.000000000000000000e+00
-4.559876849060240378e-01
2.214719966253889893e+01
0.000000000000000000e+00
2.639288681840647044e+01
7.577409551225880335e+00
0.000000000000000000e+00
0.000000000000000000e+00
2.073334799522240601e+01
2.550583387365340116e+01
0.000000000000000000e+00
0.000000000000000000e+00
0.000000000000000000e+00
-4.138292510830657633e+00
0.000000000000000000e+00
5.554547246373624070e+00
7.174676005603847884e+00
-3.252241773846257455e+00
2.745544172594773347e+00
0.000000000000000000e+00
0.000000000000000000e+00
1.618024232891313119e+01
1.327557317485357657e+01
0.000000000000000000e+00
0.000000000000000000e+00
0.000000000000000000e+00
0.000000000000000000e+00
0.000000000000000000e+00
0.000000000000000000e+00
1.468637358818908334e+00
-6.485949443995560060e-01
1.273694674185781395e+01
0.000000000000000000e+00
3.897709978044110901e+00
0.000000000000000000e+00
0.000000000000000000e+00
5.202398361753965972e+00
0.000000000000000000e+00
0.000000000000000000e+00
0.000000000000000000e+00
1.639709532187399432e+01
0.000000000000000000e+00
-8.275054489723233653e-01
9.125187345445572973e+00
7.319692233265603143e+00
0.000000000000000000e+00
4.195822547970738725e+00
0.000000000000000000e+00
0.000000000000000000e+00
0.000000000000000000e+00
0.000000000000000000e+00
0.000000000000000000e+00
0.000000000000000000e+00
0.000000000000000000e+00
3.044660716750690455e+01
0.000000000000000000e+00
0.000000000000000000e+00
0.000000000000000000e+00
-7.697186639933358165e+00
0.000000000000000000e+00
0.000000000000000000e+00
1.643449595409708408e+01
0.000000000000000000e+00
-3.608009213062079445e-01
0.000000000000000000e+00
1.062500541838829449e+01
0.000000000000000000e+00
0.000000000000000000e+00
0.000000000000000000e+00
2.474856205545023258e+01
0.000000000000000000e+00
1.702031650390181028e+01
0.000000000000000000e+00
0.000000000000000000e+00
0.000000000000000000e+00
-2.156909016145997171e+00
2.339393428658993201e+01
0.000000000000000000e+00
0.000000000000000000e+00
0.000000000000000000e+00
0.000000000000000000e+00
0.000000000000000000e+00
2.439288681840648465e+01
0.000000000000000000e+00
0.000000000000000000e+00
1.519880224976503769e+01
2.015038031061829926e+01
7.517368895563906861e+00
0.000000000000000000e+00
2.114901037121181560e+01
0.000000000000000000e+00
0.000000000000000000e+00
0.000000000000000000e+00
-4.584412274577482904e-01
0.000000000000000000e+00
0.000000000000000000e+00
6.176579013199007484e+00
0.000000000000000000e+00
0.000000000000000000e+00
0.000000000000000000e+00
0.000000000000000000e+00
0.000000000000000000e+00
0.000000000000000000e+00
2.146515953782851938e+01
5.740068147660648989e+00
1.618629993116940469e+01
0.000000000000000000e+00
0.000000000000000000e+00
0.000000000000000000e+00
0.000000000000000000e+00
0.000000000000000000e+00
7.838408384579849120e+00
0.000000000000000000e+00
2.015038031061829926e+01
2.339393428658993201e+01
2.039288681840644202e+01
0.000000000000000000e+00
0.000000000000000000e+00
1.915391336584756132e+01
0.000000000000000000e+00
0.000000000000000000e+00
0.000000000000000000e+00
0.000000000000000000e+00
1.422775539063017902e+01
0.000000000000000000e+00
0.000000000000000000e+00
1.940369765466432384e+01
0.000000000000000000e+00
0.000000000000000000e+00
0.000000000000000000e+00
1.751381305038837866e+01
0.000000000000000000e+00
-4.812190456245841186e-01
