0.000000000000000000e+00
1.815939603426572546e+01
0.000000000000000000e+00
0.000000000000000000e+00
0.000000000000000000e+00
0.000000000000000000e+00
0.000000000000000000e+00
0.000000000000000000e+00
9.445665210070608442e-01
1.639288681840645268e+01
2.273244744856213728e+01
0.000000000000000000e+00
0.000000000000000000e+00
0.000000000000000000e+00
2.373272119280495218e+01
0.000000000000000000e+00
0.000000000000000000e+00
0.000000000000000000e+00
0.000000000000000000e+00
0.000000000000000000e+00
0.000000000000000000e+00
7.952232643896304687e+00
0.000000000000000000e+00
0.000000000000000000e+00
0.000000000000000000e+00
0.000000000000000000e+00
0.000000000000000000e+00
2.014999768060619800e+01
0.000000000000000000e+00
0.000000000000000000e+00
0.000000000000000000e+00
5.125187345445550768e+00
5.188057040645523088e+00
0.000000000000000000e+00
2.114817681884164813e+01
6.129395848913102185e+00
9.519153566668197897e+00
0.000000000000000000e+00
0.000000000000000000e+00
0.000000000000000000e+00
0.000000000000000000e+00
0.000000000000000000e+00
0.000000000000000000e+00
0.000000000000000000e+00
0.000000000000000000e+00
0.000000000000000000e+00
0.000000000000000000e+00
0.000000000000000000e+00
0.000000000000000000e+00
0.000000000000000000e+00
0.000000000000000000e+00
2.389859331530158393e+00
0.000000000000000000e+00
0.000000000000000000e+00
0.000000000000000000e+00
0.000000000000000000e+00
0.000000000000000000e+00
0.000000000000000000e+00
0.000000000000000000e+00
0.000000000000000000e+00
1.974856205545025745e+01
0.000000000000000000e+00
0.000000000000000000e+00
0.000000000000000000e+00
0.000000000000000000e+00
0.000000000000000000e+00
0.000000000000000000e+00
0.000000000000000000e+00
0.000000000000000000e+00
0.000000000000000000e+00
1.519926095625072726e+01
5.974554385223833641e+00
9.568085390079899000e+00
0.000000000000000000e+00
0.000000000000000000e+00
0.000000000000000000e+00
0.000000000000000000e+00
2.373334799522242378e+01
0.000000000000000000e+00
0.000000000000000000e+00
0.000000000000000000e+00
1.974856205545025745e+01
2.114832046411459032e+01
0.000000000000000000e+00
0.000000000000000000e+00
0.000000000000000000e+00
1.639709532187399432e+01
2.073956351960193700e+01
0.000000000000000000e+00
0.000000000000000000e+00
0.000000000000000000e+00
0.000000000000000000e+00
0.000000000000000000e+00
1.816240441985431175e+01
0.000000000000000000e+00
0.000000000000000000e+00
1.674791452028601668e+01
0.000000000000000000e+00
0.000000000000000000e+00
1.935771401536791103e+01
0.000000000000000000e+00
0.000000000000000000e+00
0.000000000000000000e+00
0.000000000000000000e+00
0.000000000000000000e+00
0.000000000000000000e+00
0.000000000000000000e+00
2.239330748417245331e+01
0.000000000000000000e+00
0.000000000000000000e+00
0.000000000000000000e+00
0.000000000000000000e+00
0.000000000000000000e+00
1.573846223052469995e+01
0.000000000000000000e+00
0.000000000000000000e+00
0.000000000000000000e+00
0.000000000000000000e+00
0.000000000000000000e+00
0.000000000000000000e+00
0.000000000000000000e+00
0.000000000000000000e+00
1.816110790502708028e+01
0.000000000000000000e+00
0.000000000000000000e+00
0.000000000000000000e+00
0.000000000000000000e+00
1.944179623333160478e+01
0.000000000000000000e+00
0.000000000000000000e+00
0.000000000000000000e+00
2.838248221793715054e+00
0.000000000000000000e+00
0.000000000000000000e+00
2.439293373992964931e+01
0.000000000000000000e+00
0.000000000000000000e+00
1.450897156279081202e+01
1.839393428658990715e+01
0.000000000000000000e+00
0.000000000000000000e+00
0.000000000000000000e+00
1.439308369294323775e+01
1.539307389960971229e+01
0.000000000000000000e+00
0.000000000000000000e+00
0.000000000000000000e+00
0.000000000000000000e+00
0.000000000000000000e+00
1.118203069549026596e+00
0.000000000000000000e+00
0.000000000000000000e+00
0.000000000000000000e+00
1.520157407502330393e+01
4.125187345445560538e+00
1.074948150378917688e+01
6.173998063251116442e+00
0.000000000000000000e+00
2.074016169964211453e+00
1.573633683177985709e+01
0.000000000000000000e+00
0.000000000000000000e+00
0.000000000000000000e+00
2.114830004838975341e+01
0.000000000000000000e+00
1.373921778007377803e+01
0.000000000000000000e+00
0.000000000000000000e+00
0.000000000000000000e+00
7.995144136728177253e-01
9.161703493374920626e+00
0.000000000000000000e+00
0.000000000000000000e+00
0.000000000000000000e+00
0.000000000000000000e+00
0.000000000000000000e+00
6.486910736642369280e+00
0.000000000000000000e+00
0.000000000000000000e+00
8.886632914345037548e+00
0.000000000000000000e+00
0.000000000000000000e+00
0.000000000000000000e+00
5.799181327785565720e+00
0.000000000000000000e+00
0.000000000000000000e+00
1.139865609727181983e+01
0.000000000000000000e+00
0.000000000000000000e+00
0.000000000000000000e+00
1.739330748417246042e+01
0.000000000000000000e+00
0.000000000000000000e+00
0.000000000000000000e+00
2.737518913236511461e-04
0.000000000000000000e+00
0.000000000000000000e+00
2.114831758354566205e+01
0.000000000000000000e+00
0.000000000000000000e+00
0.000000000000000000e+00
0.000000000000000000e+00
0.000000000000000000e+00
0.000000000000000000e+00
0.000000000000000000e+00
0.000000000000000000e+00
1.012533426696875694e+01
1.170598434422055867e+01
2.439303373992964907e+01
0.000000000000000000e+00
2.015036451804425610e+01
0.000000000000000000e+00
0.000000000000000000e+00
9.126234813629036324e+00
0.000000000000000000e+00
5.697588704498880441e-01
0.000000000000000000e+00
0.000000000000000000e+00
2.073272119280493797e+01
0.000000000000000000e+00
0.000000000000000000e+00
4.468784280342073423e+00
0.000000000000000000e+00
0.000000000000000000e+00
0.000000000000000000e+00
1.873432870704064257e+01
0.000000000000000000e+00
0.000000000000000000e+00
3.173244744856239308e+01
2.873300046005827468e+01
0.000000000000000000e+00
7.029662727850650938e+00
0.000000000000000000e+00
4.127563060611494805e+00
4.767158395957917350e+00
0.000000000000000000e+00
0.000000000000000000e+00
2.214719903718083316e+01
2.739293373992965641e+01
0.000000000000000000e+00
0.000000000000000000e+00
1.528425936997414603e+01
0.000000000000000000e+00
0.000000000000000000e+00
0.000000000000000000e+00
0.000000000000000000e+00
0.000000000000000000e+00
0.000000000000000000e+00
0.000000000000000000e+00
1.231540776504245649e+01
0.000000000000000000e+00
0.000000000000000000e+00
0.000000000000000000e+00
0.000000000000000000e+00
0.000000000000000000e+00
0.000000000000000000e+00
3.125234266968741625e+00
0.000000000000000000e+00
0.000000000000000000e+00
0.000000000000000000e+00
0.000000000000000000e+00
0.000000000000000000e+00
0.000000000000000000e+00
0.000000000000000000e+00
0.000000000000000000e+00
1.650230934513085401e+01
2.126021845528715204e+01
1.234627542872176020e+00
0.000000000000000000e+00
1.839526253357238517e+01
0.000000000000000000e+00
0.000000000000000000e+00
0.000000000000000000e+00
0.000000000000000000e+00
2.439293373992964931e+01
2.973244744856229005e+01
0.000000000000000000e+00
0.000000000000000000e+00
0.000000000000000000e+00
1.788666019154957043e+00
1.177325320586001256e+00
0.000000000000000000e+00
6.786126249408882316e+00
0.000000000000000000e+00
2.015167783407385826e+01
2.673244744856214794e+01
2.015035998978742526e+01
1.915591035454965407e+01
0.000000000000000000e+00
0.000000000000000000e+00
8.173998063251122659e+00
0.000000000000000000e+00
0.000000000000000000e+00
0.000000000000000000e+00
1.527056441980260182e+01
2.114831064395194105e+01
0.000000000000000000e+00
0.000000000000000000e+00
0.000000000000000000e+00
0.000000000000000000e+00
0.000000000000000000e+00
0.000000000000000000e+00
0.000000000000000000e+00
2.873334799522254457e+01
0.000000000000000000e+00
0.000000000000000000e+00
0.000000000000000000e+00
0.000000000000000000e+00
0.000000000000000000e+00
0.000000000000000000e+00
0.000000000000000000e+00
0.000000000000000000e+00
-2.447741425898554812e+00
2.144873804555252761e+01
0.000000000000000000e+00
0.000000000000000000e+00
0.000000000000000000e+00
0.000000000000000000e+00
8.011267810875025708e-01
0.000000000000000000e+00
0.000000000000000000e+00
1.239403288998157571e+01
0.000000000000000000e+00
0.000000000000000000e+00
0.000000000000000000e+00
0.000000000000000000e+00
0.000000000000000000e+00
0.000000000000000000e+00
0.000000000000000000e+00
0.000000000000000000e+00
1.539973559137843928e+01
1.716923508229988471e+01
0.000000000000000000e+00
0.000000000000000000e+00
2.015031306962993796e+01
0.000000000000000000e+00
8.016392261838799271e+00
0.000000000000000000e+00
0.000000000000000000e+00
0.000000000000000000e+00
2.214717180434696076e+01
0.000000000000000000e+00
0.000000000000000000e+00
0.000000000000000000e+00
0.000000000000000000e+00
0.000000000000000000e+00
1.017522427232968418e+01
0.000000000000000000e+00
2.114831064395194105e+01
0.000000000000000000e+00
3.795606583185360816e-01
5.126234813629008791e+00
6.064341297344222337e-01
0.000000000000000000e+00
3.161439653935465888e+00
1.831928107734778166e+01
0.000000000000000000e+00
1.915380498169121282e+01
0.000000000000000000e+00
0.000000000000000000e+00
0.000000000000000000e+00
0.000000000000000000e+00
2.539330748417246042e+01
0.000000000000000000e+00
1.915432657255144733e+01
0.000000000000000000e+00
9.470545016847685460e+00
0.000000000000000000e+00
0.000000000000000000e+00
0.000000000000000000e+00
1.231533364167574618e+01
2.578330633670233407e+00
0.000000000000000000e+00
5.126234813629008791e+00
0.000000000000000000e+00
0.000000000000000000e+00
0.000000000000000000e+00
0.000000000000000000e+00
0.000000000000000000e+00
0.000000000000000000e+00
0.000000000000000000e+00
0.000000000000000000e+00
0.000000000000000000e+00
9.717851706635041165e-01
0.000000000000000000e+00
0.000000000000000000e+00
0.000000000000000000e+00
0.000000000000000000e+00
0.000000000000000000e+00
2.339330748417246042e+01
0.000000000000000000e+00
1.329500561084734223e+01
0.000000000000000000e+00
2.073244744856211597e+01
7.183638997571739182e+00
0.000000000000000000e+00
1.112533426696873917e+01
0.000000000000000000e+00
0.000000000000000000e+00
0.000000000000000000e+00
1.012518734544558896e+01
0.000000000000000000e+00
4.125608011211549631e+00
1.744911041702476240e+01
0.000000000000000000e+00
1.417399806325114930e+01
0.000000000000000000e+00
0.000000000000000000e+00
0.000000000000000000e+00
0.000000000000000000e+00
0.000000000000000000e+00
0.000000000000000000e+00
1.673658044788320609e+01
0.000000000000000000e+00
0.000000000000000000e+00
0.000000000000000000e+00
0.000000000000000000e+00
0.000000000000000000e+00
1.539885906419528716e+00
3.570962333830529634e-01
0.000000000000000000e+00
0.000000000000000000e+00
2.114823980594941233e+01
1.940914834681772660e+01
0.000000000000000000e+00
4.468684280342072768e+00
4.764389647495789859e+00
0.000000000000000000e+00
6.125234266968726082e+00
1.033580480945473212e+01
0.000000000000000000e+00
0.000000000000000000e+00
0.000000000000000000e+00
0.000000000000000000e+00
0.000000000000000000e+00
0.000000000000000000e+00
2.873334799522254457e+01
0.000000000000000000e+00
9.763765680846429040e-01
0.000000000000000000e+00
0.000000000000000000e+00
1.539307376879598266e+01
0.000000000000000000e+00
0.000000000000000000e+00
0.000000000000000000e+00
0.000000000000000000e+00
0.000000000000000000e+00
0.000000000000000000e+00
0.000000000000000000e+00
7.173998063251113777e+00
0.000000000000000000e+00
0.000000000000000000e+00
1.492337520870760770e+01
7.570739825725733008e-01
6.813864834905050571e+00
2.838248221793715054e+00
0.000000000000000000e+00
2.339393428658993201e+01
1.815932829720313180e+01
0.000000000000000000e+00
2.214718935773491992e+01
0.000000000000000000e+00
0.000000000000000000e+00
0.000000000000000000e+00
0.000000000000000000e+00
0.000000000000000000e+00
1.716977882321691240e+01
0.000000000000000000e+00
0.000000000000000000e+00
0.000000000000000000e+00
0.000000000000000000e+00
1.170531260583481448e+00
3.334198346800322010e+00
0.000000000000000000e+00
2.598429960025285812e+00
0.000000000000000000e+00
0.000000000000000000e+00
0.000000000000000000e+00
0.000000000000000000e+00
0.000000000000000000e+00
0.000000000000000000e+00
0.000000000000000000e+00
4.725450168477312030e-01
9.406860232103086972e+00
2.045399631074935343e+01
0.000000000000000000e+00
0.000000000000000000e+00
0.000000000000000000e+00
0.000000000000000000e+00
1.939293373992962444e+01
0.000000000000000000e+00
1.816075725582004452e+01
0.000000000000000000e+00
0.000000000000000000e+00
0.000000000000000000e+00
0.000000000000000000e+00
1.436585126281520886e+01
0.000000000000000000e+00
0.000000000000000000e+00
0.000000000000000000e+00
1.210216577307644670e+01
0.000000000000000000e+00
0.000000000000000000e+00
0.000000000000000000e+00
2.544235054770795657e+01
7.775287821775443975e-01
1.373345614042100493e+01
0.000000000000000000e+00
5.896631694946054658e+00
0.000000000000000000e+00
7.833265019410503349e+00
6.567815799916182362e-01
0.000000000000000000e+00
0.000000000000000000e+00
0.000000000000000000e+00
1.919421171900517820e+01
2.040369765466430607e+01
0.000000000000000000e+00
0.000000000000000000e+00
0.000000000000000000e+00
4.173998063251140422e+00
1.915434962487525183e+01
0.000000000000000000e+00
1.839303373992960999e+01
0.000000000000000000e+00
2.214717836630458692e+01
0.000000000000000000e+00
0.000000000000000000e+00
0.000000000000000000e+00
0.000000000000000000e+00
2.439293373992964931e+01
1.260999978041836300e+01
0.000000000000000000e+00
2.931957235498181547e+01
0.000000000000000000e+00
0.000000000000000000e+00
0.000000000000000000e+00
5.744182556823066443e-01
0.000000000000000000e+00
0.000000000000000000e+00
0.000000000000000000e+00
0.000000000000000000e+00
0.000000000000000000e+00
0.000000000000000000e+00
0.000000000000000000e+00
0.000000000000000000e+00
1.679318310672543646e+01
0.000000000000000000e+00
8.803281566406516490e+00
0.000000000000000000e+00
0.000000000000000000e+00
0.000000000000000000e+00
0.000000000000000000e+00
0.000000000000000000e+00
0.000000000000000000e+00
0.000000000000000000e+00
0.000000000000000000e+00
0.000000000000000000e+00
0.000000000000000000e+00
0.000000000000000000e+00
0.000000000000000000e+00
9.625080804954839309e+00
0.000000000000000000e+00
0.000000000000000000e+00
0.000000000000000000e+00
0.000000000000000000e+00
0.000000000000000000e+00
0.000000000000000000e+00
0.000000000000000000e+00
0.000000000000000000e+00
0.000000000000000000e+00
0.000000000000000000e+00
0.000000000000000000e+00
4.847269512078350218e+00
0.000000000000000000e+00
0.000000000000000000e+00
0.000000000000000000e+00
5.177657040645522457e+00
0.000000000000000000e+00
1.045797553127528756e+00
2.575169555038275249e+01
0.000000000000000000e+00
0.000000000000000000e+00
0.000000000000000000e+00
1.174433287537563331e+01
2.474246382813256062e+01
0.000000000000000000e+00
3.125187345445576081e+00
0.000000000000000000e+00
0.000000000000000000e+00
2.539303373992963486e+01
0.000000000000000000e+00
1.521329804201490532e+01
1.140501105854252017e+01
0.000000000000000000e+00
0.000000000000000000e+00
0.000000000000000000e+00
0.000000000000000000e+00
0.000000000000000000e+00
5.744182556823066443e-01
0.000000000000000000e+00
0.000000000000000000e+00
0.000000000000000000e+00
9.439704810551846625e-01
0.000000000000000000e+00
0.000000000000000000e+00
0.000000000000000000e+00
1.840914834681771595e+01
0.000000000000000000e+00
1.312518734544557297e+01
1.633452484839944674e+01
0.000000000000000000e+00
0.000000000000000000e+00
0.000000000000000000e+00
0.000000000000000000e+00
0.000000000000000000e+00
0.000000000000000000e+00
2.214715597697435356e+01
0.000000000000000000e+00
9.620873295566704897e+00
0.000000000000000000e+00
0.000000000000000000e+00
1.540081591619418599e+00
0.000000000000000000e+00
0.000000000000000000e+00
0.000000000000000000e+00
0.000000000000000000e+00
0.000000000000000000e+00
0.000000000000000000e+00
1.180510309763688248e+01
0.000000000000000000e+00
0.000000000000000000e+00
0.000000000000000000e+00
0.000000000000000000e+00
0.000000000000000000e+00
0.000000000000000000e+00
0.000000000000000000e+00
1.138467578873459907e+01
0.000000000000000000e+00
0.000000000000000000e+00
5.127563060611485035e+00
0.000000000000000000e+00
0.000000000000000000e+00
2.939288681840656636e+01
0.000000000000000000e+00
2.114828864429073718e+01
0.000000000000000000e+00
0.000000000000000000e+00
2.214719691942601187e+01
0.000000000000000000e+00
0.000000000000000000e+00
0.000000000000000000e+00
0.000000000000000000e+00
2.214718825843987915e+01
2.015031306962993796e+01
3.177904360782528581e-01
8.324297270653211456e+00
0.000000000000000000e+00
0.000000000000000000e+00
0.000000000000000000e+00
0.000000000000000000e+00
0.000000000000000000e+00
0.000000000000000000e+00
0.000000000000000000e+00
1.552210677371167469e+00
1.036530747911336148e+00
0.000000000000000000e+00
0.000000000000000000e+00
0.000000000000000000e+00
0.000000000000000000e+00
0.000000000000000000e+00
0.000000000000000000e+00
0.000000000000000000e+00
0.000000000000000000e+00
0.000000000000000000e+00
6.518667997377863843e-01
0.000000000000000000e+00
0.000000000000000000e+00
0.000000000000000000e+00
1.139575936766409825e+01
1.777764444217689999e+01
0.000000000000000000e+00
0.000000000000000000e+00
0.000000000000000000e+00
0.000000000000000000e+00
0.000000000000000000e+00
0.000000000000000000e+00
0.000000000000000000e+00
0.000000000000000000e+00
1.815920280866877690e+01
0.000000000000000000e+00
0.000000000000000000e+00
0.000000000000000000e+00
0.000000000000000000e+00
0.000000000000000000e+00
2.851646258855240745e+01
0.000000000000000000e+00
4.036366470764770620e-01
0.000000000000000000e+00
0.000000000000000000e+00
1.129395848913118394e+00
1.050605577530980028e+01
0.000000000000000000e+00
0.000000000000000000e+00
5.468684280342083426e+00
0.000000000000000000e+00
6.825247075390395324e+00
0.000000000000000000e+00
0.000000000000000000e+00
0.000000000000000000e+00
1.573778076229127443e+01
0.000000000000000000e+00
0.000000000000000000e+00
0.000000000000000000e+00
2.015031306962993796e+01
0.000000000000000000e+00
0.000000000000000000e+00
0.000000000000000000e+00
0.000000000000000000e+00
0.000000000000000000e+00
0.000000000000000000e+00
0.000000000000000000e+00
0.000000000000000000e+00
0.000000000000000000e+00
0.000000000000000000e+00
0.000000000000000000e+00
6.180579013199006155e+00
0.000000000000000000e+00
6.830612778431746079e+00
0.000000000000000000e+00
0.000000000000000000e+00
0.000000000000000000e+00
0.000000000000000000e+00
0.000000000000000000e+00
0.000000000000000000e+00
0.000000000000000000e+00
0.000000000000000000e+00
0.000000000000000000e+00
0.000000000000000000e+00
0.000000000000000000e+00
0.000000000000000000e+00
0.000000000000000000e+00
5.177058799756779628e+00
2.214719751632573264e+01
1.618276767072167743e+01
0.000000000000000000e+00
0.000000000000000000e+00
1.079806350372331991e+01
2.015024129959579824e+01
1.774000701385356749e+01
0.000000000000000000e+00
1.773778076229132594e+01
0.000000000000000000e+00
6.175057040645514306e+00
0.000000000000000000e+00
0.000000000000000000e+00
2.539393428658992491e+01
2.127563060611508572e+00
5.173998063251120882e+00
0.000000000000000000e+00
0.000000000000000000e+00
0.000000000000000000e+00
1.115077517860192735e+01
0.000000000000000000e+00
0.000000000000000000e+00
0.000000000000000000e+00
1.915696191177739038e+01
7.444308389928043113e+00
1.254835261430191018e+01
0.000000000000000000e+00
0.000000000000000000e+00
7.125608011211546966e+00
0.000000000000000000e+00
0.000000000000000000e+00
9.126234813629036324e+00
2.031531102829017499e+01
1.539713520001885527e+01
0.000000000000000000e+00
0.000000000000000000e+00
1.326629142239662507e+01
0.000000000000000000e+00
6.364613918148117833e+00
8.175858799756776207e+00
0.000000000000000000e+00
0.000000000000000000e+00
0.000000000000000000e+00
2.339330748417246042e+01
0.000000000000000000e+00
0.000000000000000000e+00
1.159967834421102317e+01
0.000000000000000000e+00
0.000000000000000000e+00
0.000000000000000000e+00
0.000000000000000000e+00
1.915361685606670505e+01
0.000000000000000000e+00
0.000000000000000000e+00
1.540059192254577658e+00
0.000000000000000000e+00
0.000000000000000000e+00
0.000000000000000000e+00
0.000000000000000000e+00
1.816100790502708051e+01
0.000000000000000000e+00
2.131996584095525726e+00
0.000000000000000000e+00
4.127563060611494805e+00
2.473334799522242378e+01
2.323778749271575794e+00
0.000000000000000000e+00
0.000000000000000000e+00
0.000000000000000000e+00
0.000000000000000000e+00
0.000000000000000000e+00
0.000000000000000000e+00
5.127563060611485035e+00
7.769139442128811801e+00
0.000000000000000000e+00
1.976521776135595587e+01
2.139330748417246753e+01
0.000000000000000000e+00
2.239393428658992491e+01
2.076287795120127555e+01
0.000000000000000000e+00
5.129395848913092415e+00
0.000000000000000000e+00
1.520666317986037974e+01
0.000000000000000000e+00
0.000000000000000000e+00
0.000000000000000000e+00
0.000000000000000000e+00
0.000000000000000000e+00
1.047096183667896696e+01
2.239293373992962799e+01
0.000000000000000000e+00
0.000000000000000000e+00
1.839330748417243555e+01
0.000000000000000000e+00
7.904267810875024169e-01
4.049051822138154122e-02
0.000000000000000000e+00
0.000000000000000000e+00
0.000000000000000000e+00
0.000000000000000000e+00
0.000000000000000000e+00
0.000000000000000000e+00
0.000000000000000000e+00
0.000000000000000000e+00
2.239303373992962776e+01
0.000000000000000000e+00
0.000000000000000000e+00
0.000000000000000000e+00
0.000000000000000000e+00
0.000000000000000000e+00
2.239303373992962776e+01
0.000000000000000000e+00
0.000000000000000000e+00
0.000000000000000000e+00
0.000000000000000000e+00
3.925566706648654369e-01
9.471330068787807699e-01
0.000000000000000000e+00
0.000000000000000000e+00
0.000000000000000000e+00
7.230628379807219730e+00
0.000000000000000000e+00
0.000000000000000000e+00
0.000000000000000000e+00
-4.567877191591928621e-01
2.214715597697435356e+01
0.000000000000000000e+00
2.639303373992963486e+01
7.518572076797601866e+00
0.000000000000000000e+00
0.000000000000000000e+00
2.073334799522240601e+01
2.550191183938362371e+01
0.000000000000000000e+00
0.000000000000000000e+00
0.000000000000000000e+00
0.000000000000000000e+00
0.000000000000000000e+00
5.744893221118259952e+00
7.174824272329667352e+00
0.000000000000000000e+00
1.927660391320165090e+01
0.000000000000000000e+00
0.000000000000000000e+00
1.341681469002105054e+01
1.332915622657741217e+01
0.000000000000000000e+00
0.000000000000000000e+00
0.000000000000000000e+00
0.000000000000000000e+00
0.000000000000000000e+00
0.000000000000000000e+00
1.468784280342074089e+00
6.349687450635506103e-01
1.273694674185781395e+01
0.000000000000000000e+00
4.775587571648668650e+00
0.000000000000000000e+00
0.000000000000000000e+00
5.199219756254910507e+00
0.000000000000000000e+00
0.000000000000000000e+00
0.000000000000000000e+00
1.639709532187399432e+01
0.000000000000000000e+00
0.000000000000000000e+00
9.125334266968740948e+00
6.967341790253324341e+00
0.000000000000000000e+00
1.553059258366798812e+00
0.000000000000000000e+00
0.000000000000000000e+00
0.000000000000000000e+00
0.000000000000000000e+00
0.000000000000000000e+00
0.000000000000000000e+00
0.000000000000000000e+00
3.044421631699003683e+01
0.000000000000000000e+00
0.000000000000000000e+00
0.000000000000000000e+00
0.000000000000000000e+00
0.000000000000000000e+00
0.000000000000000000e+00
1.637554609338237555e+01
0.000000000000000000e+00
0.000000000000000000e+00
0.000000000000000000e+00
2.355806750410670958e+01
0.000000000000000000e+00
0.000000000000000000e+00
0.000000000000000000e+00
2.474856205545023258e+01
0.000000000000000000e+00
1.681282775001960417e+01
0.000000000000000000e+00
0.000000000000000000e+00
0.000000000000000000e+00
0.000000000000000000e+00
2.339393428658993201e+01
0.000000000000000000e+00
0.000000000000000000e+00
0.000000000000000000e+00
0.000000000000000000e+00
0.000000000000000000e+00
2.439303373992964907e+01
0.000000000000000000e+00
0.000000000000000000e+00
1.521756911103726040e+01
2.015038031061829926e+01
7.482150404747585526e+00
0.000000000000000000e+00
2.114899746894495181e+01
0.000000000000000000e+00
0.000000000000000000e+00
0.000000000000000000e+00
-4.563626195335961921e-01
0.000000000000000000e+00
0.000000000000000000e+00
6.176658799756772567e+00
0.000000000000000000e+00
0.000000000000000000e+00
0.000000000000000000e+00
0.000000000000000000e+00
0.000000000000000000e+00
0.000000000000000000e+00
2.146011132149147826e+01
5.771036457744965986e+00
1.618709787675383538e+01
0.000000000000000000e+00
0.000000000000000000e+00
0.000000000000000000e+00
0.000000000000000000e+00
0.000000000000000000e+00
7.835447236101240165e+00
0.000000000000000000e+00
2.014989031142719256e+01
2.339393428658993201e+01
2.039303373992960999e+01
0.000000000000000000e+00
0.000000000000000000e+00
1.939969605705641698e+01
0.000000000000000000e+00
0.000000000000000000e+00
0.000000000000000000e+00
0.000000000000000000e+00
1.377710505221118176e+01
0.000000000000000000e+00
0.000000000000000000e+00
2.015037681841180373e+01
0.000000000000000000e+00
0.000000000000000000e+00
0.000000000000000000e+00
1.745242642125662513e+01
0.000000000000000000e+00
0.000000000000000000e+00
