0.000000000000000000e+00
1.815941381680688238e+01
0.000000000000000000e+00
0.000000000000000000e+00
0.000000000000000000e+00
0.000000000000000000e+00
0.000000000000000000e+00
0.000000000000000000e+00
0.000000000000000000e+00
1.639288681840645268e+01
1.326777083164730620e+01
0.000000000000000000e+00
0.000000000000000000e+00
0.000000000000000000e+00
1.519878636690263818e+01
0.000000000000000000e+00
0.000000000000000000e+00
0.000000000000000000e+00
0.000000000000000000e+00
0.000000000000000000e+00
0.000000000000000000e+00
7.843574570257217715e+00
0.000000000000000000e+00
0.000000000000000000e+00
0.000000000000000000e+00
0.000000000000000000e+00
0.000000000000000000e+00
2.015038031061829926e+01
0.000000000000000000e+00
0.000000000000000000e+00
0.000000000000000000e+00
-6.380925886021271864e+00
0.000000000000000000e+00
0.000000000000000000e+00
2.114832414550328821e+01
5.412109639098307001e-01
7.840849332959733076e+00
0.000000000000000000e+00
0.000000000000000000e+00
0.000000000000000000e+00
0.000000000000000000e+00
0.000000000000000000e+00
0.000000000000000000e+00
0.000000000000000000e+00
0.000000000000000000e+00
0.000000000000000000e+00
0.000000000000000000e+00
0.000000000000000000e+00
0.000000000000000000e+00
0.000000000000000000e+00
0.000000000000000000e+00
0.000000000000000000e+00
0.000000000000000000e+00
0.000000000000000000e+00
0.000000000000000000e+00
0.000000000000000000e+00
0.000000000000000000e+00
0.000000000000000000e+00
0.000000000000000000e+00
0.000000000000000000e+00
1.716796063860090982e+01
0.000000000000000000e+00
0.000000000000000000e+00
0.000000000000000000e+00
0.000000000000000000e+00
0.000000000000000000e+00
0.000000000000000000e+00
0.000000000000000000e+00
0.000000000000000000e+00
0.000000000000000000e+00
1.519879800042546947e+01
2.011705117514954733e+00
9.566601866241610352e+00
0.000000000000000000e+00
0.000000000000000000e+00
0.000000000000000000e+00
0.000000000000000000e+00
1.618024232891313119e+01
0.000000000000000000e+00
0.000000000000000000e+00
0.000000000000000000e+00
1.716796063860090982e+01
2.114832414550328821e+01
0.000000000000000000e+00
0.000000000000000000e+00
0.000000000000000000e+00
1.639709532187399432e+01
1.716796063860090982e+01
0.000000000000000000e+00
0.000000000000000000e+00
0.000000000000000000e+00
0.000000000000000000e+00
0.000000000000000000e+00
1.815941381680688238e+01
0.000000000000000000e+00
0.000000000000000000e+00
1.422617079901109172e+01
0.000000000000000000e+00
0.000000000000000000e+00
9.564640065417988168e+00
0.000000000000000000e+00
0.000000000000000000e+00
0.000000000000000000e+00
0.000000000000000000e+00
0.000000000000000000e+00
0.000000000000000000e+00
0.000000000000000000e+00
2.239330748417245331e+01
0.000000000000000000e+00
0.000000000000000000e+00
0.000000000000000000e+00
0.000000000000000000e+00
0.000000000000000000e+00
1.138245753555385775e+01
0.000000000000000000e+00
0.000000000000000000e+00
0.000000000000000000e+00
0.000000000000000000e+00
0.000000000000000000e+00
0.000000000000000000e+00
0.000000000000000000e+00
0.000000000000000000e+00
1.815941381680688238e+01
0.000000000000000000e+00
0.000000000000000000e+00
0.000000000000000000e+00
0.000000000000000000e+00
1.138245307661225070e+01
0.000000000000000000e+00
0.000000000000000000e+00
0.000000000000000000e+00
0.000000000000000000e+00
0.000000000000000000e+00
0.000000000000000000e+00
2.439293373992964931e+01
0.000000000000000000e+00
0.000000000000000000e+00
1.231754932509234024e+01
1.839393428658990715e+01
0.000000000000000000e+00
0.000000000000000000e+00
0.000000000000000000e+00
1.439308369294323775e+01
1.539307389960971229e+01
0.000000000000000000e+00
0.000000000000000000e+00
0.000000000000000000e+00
0.000000000000000000e+00
0.000000000000000000e+00
0.000000000000000000e+00
0.000000000000000000e+00
0.000000000000000000e+00
0.000000000000000000e+00
1.519879577607064647e+01
-7.343118460881174592e+00
8.690106630601979631e+00
0.000000000000000000e+00
0.000000000000000000e+00
0.000000000000000000e+00
0.000000000000000000e+00
0.000000000000000000e+00
0.000000000000000000e+00
0.000000000000000000e+00
2.114832414550328821e+01
0.000000000000000000e+00
9.564640065417988168e+00
0.000000000000000000e+00
0.000000000000000000e+00
0.000000000000000000e+00
0.000000000000000000e+00
8.691783278410715852e+00
0.000000000000000000e+00
0.000000000000000000e+00
0.000000000000000000e+00
0.000000000000000000e+00
0.000000000000000000e+00
6.479309311409370942e+00
0.000000000000000000e+00
0.000000000000000000e+00
8.691629060363956327e+00
0.000000000000000000e+00
0.000000000000000000e+00
0.000000000000000000e+00
0.000000000000000000e+00
0.000000000000000000e+00
0.000000000000000000e+00
1.137998420438513136e+01
0.000000000000000000e+00
0.000000000000000000e+00
0.000000000000000000e+00
1.739330748417246042e+01
0.000000000000000000e+00
0.000000000000000000e+00
0.000000000000000000e+00
0.000000000000000000e+00
0.000000000000000000e+00
0.000000000000000000e+00
2.114832414550328821e+01
0.000000000000000000e+00
0.000000000000000000e+00
0.000000000000000000e+00
0.000000000000000000e+00
0.000000000000000000e+00
0.000000000000000000e+00
0.000000000000000000e+00
0.000000000000000000e+00
5.412109639098307001e-01
7.024333176928322153e+00
2.439303373992964907e+01
0.000000000000000000e+00
2.015038031061829926e+01
0.000000000000000000e+00
0.000000000000000000e+00
1.540086480945465075e+00
0.000000000000000000e+00
0.000000000000000000e+00
0.000000000000000000e+00
0.000000000000000000e+00
1.231777144671176316e+01
0.000000000000000000e+00
0.000000000000000000e+00
0.000000000000000000e+00
0.000000000000000000e+00
0.000000000000000000e+00
0.000000000000000000e+00
1.231777144671176316e+01
0.000000000000000000e+00
0.000000000000000000e+00
2.214719966253889893e+01
2.114832414550328821e+01
0.000000000000000000e+00
6.238979995671025236e+00
0.000000000000000000e+00
-2.447699364786569465e+00
0.000000000000000000e+00
0.000000000000000000e+00
0.000000000000000000e+00
2.214719966253889893e+01
2.739293373992965641e+01
0.000000000000000000e+00
0.000000000000000000e+00
1.519879577607064647e+01
0.000000000000000000e+00
0.000000000000000000e+00
0.000000000000000000e+00
0.000000000000000000e+00
0.000000000000000000e+00
0.000000000000000000e+00
0.000000000000000000e+00
1.231471208249134364e+01
0.000000000000000000e+00
0.000000000000000000e+00
0.000000000000000000e+00
0.000000000000000000e+00
0.000000000000000000e+00
0.000000000000000000e+00
-7.343118460881174592e+00
0.000000000000000000e+00
0.000000000000000000e+00
0.000000000000000000e+00
0.000000000000000000e+00
0.000000000000000000e+00
0.000000000000000000e+00
0.000000000000000000e+00
0.000000000000000000e+00
1.422617079901109172e+01
2.114832414550328821e+01
0.000000000000000000e+00
0.000000000000000000e+00
1.839526253357238517e+01
0.000000000000000000e+00
0.000000000000000000e+00
0.000000000000000000e+00
0.000000000000000000e+00
2.439293373992964931e+01
2.015038031061829926e+01
0.000000000000000000e+00
0.000000000000000000e+00
0.000000000000000000e+00
1.732225021360374595e-01
1.491413153021793440e-02
0.000000000000000000e+00
0.000000000000000000e+00
0.000000000000000000e+00
2.015038031061829926e+01
1.716796063860090982e+01
2.015038031061829926e+01
1.915391336584756132e+01
0.000000000000000000e+00
0.000000000000000000e+00
0.000000000000000000e+00
0.000000000000000000e+00
0.000000000000000000e+00
0.000000000000000000e+00
1.519879577607064647e+01
2.114832414550328821e+01
0.000000000000000000e+00
0.000000000000000000e+00
0.000000000000000000e+00
0.000000000000000000e+00
0.000000000000000000e+00
0.000000000000000000e+00
0.000000000000000000e+00
2.114832414550328821e+01
0.000000000000000000e+00
0.000000000000000000e+00
0.000000000000000000e+00
0.000000000000000000e+00
0.000000000000000000e+00
0.000000000000000000e+00
0.000000000000000000e+00
0.000000000000000000e+00
-2.447699364786569465e+00
1.519878636690263818e+01
0.000000000000000000e+00
0.000000000000000000e+00
0.000000000000000000e+00
0.000000000000000000e+00
0.000000000000000000e+00
0.000000000000000000e+00
0.000000000000000000e+00
1.239403288998157571e+01
0.000000000000000000e+00
0.000000000000000000e+00
0.000000000000000000e+00
0.000000000000000000e+00
0.000000000000000000e+00
0.000000000000000000e+00
0.000000000000000000e+00
0.000000000000000000e+00
1.539973621673649973e+01
1.716796063860090982e+01
0.000000000000000000e+00
0.000000000000000000e+00
2.015038031061829926e+01
0.000000000000000000e+00
7.842446751404295924e+00
0.000000000000000000e+00
0.000000000000000000e+00
0.000000000000000000e+00
2.214719966253889893e+01
0.000000000000000000e+00
0.000000000000000000e+00
0.000000000000000000e+00
0.000000000000000000e+00
0.000000000000000000e+00
0.000000000000000000e+00
0.000000000000000000e+00
2.114832414550328821e+01
0.000000000000000000e+00
0.000000000000000000e+00
-2.447699364786569465e+00
0.000000000000000000e+00
0.000000000000000000e+00
0.000000000000000000e+00
1.815941381680688238e+01
0.000000000000000000e+00
1.915391336584756132e+01
0.000000000000000000e+00
0.000000000000000000e+00
0.000000000000000000e+00
0.000000000000000000e+00
2.539330748417246042e+01
0.000000000000000000e+00
1.915391336584756132e+01
0.000000000000000000e+00
0.000000000000000000e+00
0.000000000000000000e+00
0.000000000000000000e+00
0.000000000000000000e+00
1.231473121522441438e+01
0.000000000000000000e+00
0.000000000000000000e+00
-2.447699364786569465e+00
0.000000000000000000e+00
0.000000000000000000e+00
0.000000000000000000e+00
0.000000000000000000e+00
0.000000000000000000e+00
0.000000000000000000e+00
0.000000000000000000e+00
0.000000000000000000e+00
0.000000000000000000e+00
0.000000000000000000e+00
0.000000000000000000e+00
0.000000000000000000e+00
0.000000000000000000e+00
0.000000000000000000e+00
0.000000000000000000e+00
2.339330748417246042e+01
0.000000000000000000e+00
1.326396781371062161e+01
0.000000000000000000e+00
1.138269410062862264e+01
7.023245276260725589e+00
0.000000000000000000e+00
1.540086480945465075e+00
0.000000000000000000e+00
0.000000000000000000e+00
0.000000000000000000e+00
-1.453199815745906953e+00
0.000000000000000000e+00
-4.426870852680366397e+00
9.565778849773069581e+00
0.000000000000000000e+00
0.000000000000000000e+00
0.000000000000000000e+00
0.000000000000000000e+00
0.000000000000000000e+00
0.000000000000000000e+00
0.000000000000000000e+00
0.000000000000000000e+00
2.864241872004373302e-01
0.000000000000000000e+00
0.000000000000000000e+00
0.000000000000000000e+00
0.000000000000000000e+00
0.000000000000000000e+00
1.540086480945465075e+00
0.000000000000000000e+00
0.000000000000000000e+00
0.000000000000000000e+00
2.114832414550328821e+01
1.940914834681772660e+01
0.000000000000000000e+00
0.000000000000000000e+00
0.000000000000000000e+00
0.000000000000000000e+00
-4.426870852680366397e+00
3.142483808521844946e+00
0.000000000000000000e+00
0.000000000000000000e+00
0.000000000000000000e+00
0.000000000000000000e+00
0.000000000000000000e+00
0.000000000000000000e+00
2.114832414550328821e+01
0.000000000000000000e+00
0.000000000000000000e+00
0.000000000000000000e+00
0.000000000000000000e+00
1.539307389960971229e+01
0.000000000000000000e+00
0.000000000000000000e+00
0.000000000000000000e+00
0.000000000000000000e+00
0.000000000000000000e+00
0.000000000000000000e+00
0.000000000000000000e+00
0.000000000000000000e+00
0.000000000000000000e+00
0.000000000000000000e+00
1.046386470544734060e+01
0.000000000000000000e+00
0.000000000000000000e+00
0.000000000000000000e+00
0.000000000000000000e+00
2.339393428658993201e+01
1.815941381680688238e+01
0.000000000000000000e+00
2.214719966253889893e+01
0.000000000000000000e+00
0.000000000000000000e+00
0.000000000000000000e+00
0.000000000000000000e+00
0.000000000000000000e+00
1.716796063860090982e+01
0.000000000000000000e+00
0.000000000000000000e+00
0.000000000000000000e+00
0.000000000000000000e+00
1.540086480945465075e+00
3.142483808521844946e+00
0.000000000000000000e+00
2.332835045513900862e+00
0.000000000000000000e+00
0.000000000000000000e+00
0.000000000000000000e+00
0.000000000000000000e+00
0.000000000000000000e+00
0.000000000000000000e+00
0.000000000000000000e+00
0.000000000000000000e+00
9.406762394897786095e+00
1.519878636690263818e+01
0.000000000000000000e+00
0.000000000000000000e+00
0.000000000000000000e+00
0.000000000000000000e+00
1.939293373992962444e+01
0.000000000000000000e+00
1.815941381680688238e+01
0.000000000000000000e+00
0.000000000000000000e+00
0.000000000000000000e+00
0.000000000000000000e+00
1.422618053485643408e+01
0.000000000000000000e+00
0.000000000000000000e+00
0.000000000000000000e+00
1.138246053349114462e+01
0.000000000000000000e+00
0.000000000000000000e+00
0.000000000000000000e+00
1.326770675662197974e+01
0.000000000000000000e+00
7.016890981434284136e+00
0.000000000000000000e+00
3.158076580026984992e+00
0.000000000000000000e+00
0.000000000000000000e+00
6.611985441140395547e-01
0.000000000000000000e+00
0.000000000000000000e+00
0.000000000000000000e+00
1.716796063860090982e+01
2.114832414550328821e+01
0.000000000000000000e+00
0.000000000000000000e+00
0.000000000000000000e+00
0.000000000000000000e+00
1.915391336584756132e+01
0.000000000000000000e+00
1.839303373992960999e+01
0.000000000000000000e+00
2.214719966253889893e+01
0.000000000000000000e+00
0.000000000000000000e+00
0.000000000000000000e+00
0.000000000000000000e+00
2.439293373992964931e+01
1.138246222930576401e+01
0.000000000000000000e+00
1.519878636690263818e+01
0.000000000000000000e+00
0.000000000000000000e+00
0.000000000000000000e+00
0.000000000000000000e+00
0.000000000000000000e+00
0.000000000000000000e+00
0.000000000000000000e+00
0.000000000000000000e+00
0.000000000000000000e+00
0.000000000000000000e+00
0.000000000000000000e+00
0.000000000000000000e+00
1.815941381680688238e+01
0.000000000000000000e+00
7.019367117519836441e+00
0.000000000000000000e+00
0.000000000000000000e+00
0.000000000000000000e+00
0.000000000000000000e+00
0.000000000000000000e+00
0.000000000000000000e+00
0.000000000000000000e+00
0.000000000000000000e+00
0.000000000000000000e+00
0.000000000000000000e+00
0.000000000000000000e+00
0.000000000000000000e+00
9.566211041283031236e+00
0.000000000000000000e+00
0.000000000000000000e+00
0.000000000000000000e+00
0.000000000000000000e+00
0.000000000000000000e+00
0.000000000000000000e+00
0.000000000000000000e+00
0.000000000000000000e+00
0.000000000000000000e+00
0.000000000000000000e+00
0.000000000000000000e+00
4.789807774855962208e+00
0.000000000000000000e+00
0.000000000000000000e+00
0.000000000000000000e+00
0.000000000000000000e+00
0.000000000000000000e+00
0.000000000000000000e+00
2.724846168570475236e+00
0.000000000000000000e+00
0.000000000000000000e+00
0.000000000000000000e+00
8.690382159235999993e+00
2.114832414550328821e+01
0.000000000000000000e+00
0.000000000000000000e+00
0.000000000000000000e+00
0.000000000000000000e+00
2.539303373992963486e+01
0.000000000000000000e+00
1.519878636690263818e+01
1.138236222930576425e+01
0.000000000000000000e+00
0.000000000000000000e+00
0.000000000000000000e+00
0.000000000000000000e+00
0.000000000000000000e+00
0.000000000000000000e+00
0.000000000000000000e+00
0.000000000000000000e+00
0.000000000000000000e+00
0.000000000000000000e+00
0.000000000000000000e+00
0.000000000000000000e+00
0.000000000000000000e+00
1.840914834681771595e+01
0.000000000000000000e+00
1.540086480945465075e+00
1.618024232891313119e+01
0.000000000000000000e+00
0.000000000000000000e+00
0.000000000000000000e+00
0.000000000000000000e+00
0.000000000000000000e+00
0.000000000000000000e+00
2.214719966253889893e+01
0.000000000000000000e+00
9.566468145186528105e+00
0.000000000000000000e+00
0.000000000000000000e+00
1.540086480945465075e+00
0.000000000000000000e+00
0.000000000000000000e+00
0.000000000000000000e+00
0.000000000000000000e+00
0.000000000000000000e+00
0.000000000000000000e+00
3.267601110337370884e-01
0.000000000000000000e+00
0.000000000000000000e+00
0.000000000000000000e+00
0.000000000000000000e+00
0.000000000000000000e+00
0.000000000000000000e+00
0.000000000000000000e+00
1.138000693172473454e+01
0.000000000000000000e+00
0.000000000000000000e+00
-1.453199815745906953e+00
0.000000000000000000e+00
0.000000000000000000e+00
2.939288681840656636e+01
0.000000000000000000e+00
2.114832414550328821e+01
0.000000000000000000e+00
0.000000000000000000e+00
2.214719966253889893e+01
0.000000000000000000e+00
0.000000000000000000e+00
0.000000000000000000e+00
0.000000000000000000e+00
2.214719966253889893e+01
2.015038031061829926e+01
1.881308173695321884e-01
7.842446751404295924e+00
0.000000000000000000e+00
0.000000000000000000e+00
0.000000000000000000e+00
0.000000000000000000e+00
0.000000000000000000e+00
0.000000000000000000e+00
0.000000000000000000e+00
0.000000000000000000e+00
8.653226130935578464e-01
0.000000000000000000e+00
0.000000000000000000e+00
0.000000000000000000e+00
0.000000000000000000e+00
0.000000000000000000e+00
0.000000000000000000e+00
0.000000000000000000e+00
0.000000000000000000e+00
0.000000000000000000e+00
0.000000000000000000e+00
0.000000000000000000e+00
0.000000000000000000e+00
0.000000000000000000e+00
1.139579359001080761e+01
1.815941381680688238e+01
0.000000000000000000e+00
0.000000000000000000e+00
0.000000000000000000e+00
0.000000000000000000e+00
0.000000000000000000e+00
0.000000000000000000e+00
0.000000000000000000e+00
0.000000000000000000e+00
1.815941381680688238e+01
0.000000000000000000e+00
0.000000000000000000e+00
0.000000000000000000e+00
0.000000000000000000e+00
0.000000000000000000e+00
2.214719966253889893e+01
0.000000000000000000e+00
0.000000000000000000e+00
0.000000000000000000e+00
0.000000000000000000e+00
0.000000000000000000e+00
1.046356470544733952e+01
0.000000000000000000e+00
0.000000000000000000e+00
0.000000000000000000e+00
0.000000000000000000e+00
0.000000000000000000e+00
0.000000000000000000e+00
0.000000000000000000e+00
0.000000000000000000e+00
0.000000000000000000e+00
0.000000000000000000e+00
0.000000000000000000e+00
0.000000000000000000e+00
2.015038031061829926e+01
0.000000000000000000e+00
0.000000000000000000e+00
0.000000000000000000e+00
0.000000000000000000e+00
0.000000000000000000e+00
0.000000000000000000e+00
0.000000000000000000e+00
0.000000000000000000e+00
0.000000000000000000e+00
0.000000000000000000e+00
0.000000000000000000e+00
0.000000000000000000e+00
0.000000000000000000e+00
0.000000000000000000e+00
0.000000000000000000e+00
0.000000000000000000e+00
0.000000000000000000e+00
0.000000000000000000e+00
0.000000000000000000e+00
0.000000000000000000e+00
0.000000000000000000e+00
0.000000000000000000e+00
0.000000000000000000e+00
0.000000000000000000e+00
0.000000000000000000e+00
0.000000000000000000e+00
0.000000000000000000e+00
0.000000000000000000e+00
2.214719966253889893e+01
1.618024232891313119e+01
0.000000000000000000e+00
0.000000000000000000e+00
6.235039151439528915e+00
2.015038031061829926e+01
-1.405202529867744660e-02
0.000000000000000000e+00
0.000000000000000000e+00
0.000000000000000000e+00
0.000000000000000000e+00
0.000000000000000000e+00
0.000000000000000000e+00
2.539393428658992491e+01
-4.426870852680366397e+00
0.000000000000000000e+00
0.000000000000000000e+00
0.000000000000000000e+00
0.000000000000000000e+00
5.107450171620591117e-01
0.000000000000000000e+00
0.000000000000000000e+00
0.000000000000000000e+00
1.915391336584756132e+01
3.346962961773407574e+00
1.231473121522441438e+01
0.000000000000000000e+00
0.000000000000000000e+00
-1.453199815745906953e+00
0.000000000000000000e+00
0.000000000000000000e+00
1.540086480945465075e+00
4.649019732533024474e+00
1.539713548155408596e+01
0.000000000000000000e+00
0.000000000000000000e+00
1.326393653318536892e+01
0.000000000000000000e+00
3.454228499673629216e+00
0.000000000000000000e+00
0.000000000000000000e+00
0.000000000000000000e+00
0.000000000000000000e+00
2.339330748417246042e+01
0.000000000000000000e+00
0.000000000000000000e+00
1.138246222930576401e+01
0.000000000000000000e+00
0.000000000000000000e+00
0.000000000000000000e+00
0.000000000000000000e+00
1.915391336584756132e+01
0.000000000000000000e+00
0.000000000000000000e+00
1.540086480945465075e+00
0.000000000000000000e+00
0.000000000000000000e+00
0.000000000000000000e+00
0.000000000000000000e+00
1.815941381680688238e+01
0.000000000000000000e+00
-2.447699364786569465e+00
0.000000000000000000e+00
-2.447699364786569465e+00
1.716796063860090982e+01
0.000000000000000000e+00
0.000000000000000000e+00
0.000000000000000000e+00
0.000000000000000000e+00
0.000000000000000000e+00
0.000000000000000000e+00
0.000000000000000000e+00
-1.453199815745906953e+00
0.000000000000000000e+00
0.000000000000000000e+00
1.915391336584756132e+01
2.139330748417246753e+01
0.000000000000000000e+00
2.239393428658992491e+01
2.015038031061829926e+01
0.000000000000000000e+00
-4.567328709751510285e-01
0.000000000000000000e+00
1.519879577607064647e+01
0.000000000000000000e+00
0.000000000000000000e+00
0.000000000000000000e+00
0.000000000000000000e+00
0.000000000000000000e+00
1.039649505592219469e+01
2.239293373992962799e+01
0.000000000000000000e+00
0.000000000000000000e+00
1.839330748417243555e+01
0.000000000000000000e+00
0.000000000000000000e+00
0.000000000000000000e+00
0.000000000000000000e+00
0.000000000000000000e+00
0.000000000000000000e+00
0.000000000000000000e+00
0.000000000000000000e+00
0.000000000000000000e+00
0.000000000000000000e+00
0.000000000000000000e+00
1.716796063860090982e+01
0.000000000000000000e+00
0.000000000000000000e+00
0.000000000000000000e+00
0.000000000000000000e+00
0.000000000000000000e+00
2.239303373992962776e+01
0.000000000000000000e+00
0.000000000000000000e+00
0.000000000000000000e+00
0.000000000000000000e+00
0.000000000000000000e+00
0.000000000000000000e+00
0.000000000000000000e+00
0.000000000000000000e+00
0.000000000000000000e+00
6.236791437767381652e+00
0.000000000000000000e+00
0.000000000000000000e+00
0.000000000000000000e+00
-4.567328709751510285e-01
2.214719966253889893e+01
0.000000000000000000e+00
2.639303373992963486e+01
4.757486277955191412e+00
0.000000000000000000e+00
0.000000000000000000e+00
1.839303373992960999e+01
2.214719966253889893e+01
0.000000000000000000e+00
0.000000000000000000e+00
0.000000000000000000e+00
0.000000000000000000e+00
0.000000000000000000e+00
0.000000000000000000e+00
0.000000000000000000e+00
0.000000000000000000e+00
1.815941381680688238e+01
0.000000000000000000e+00
0.000000000000000000e+00
1.342009489159814528e+01
1.326395085007557029e+01
0.000000000000000000e+00
0.000000000000000000e+00
0.000000000000000000e+00
0.000000000000000000e+00
0.000000000000000000e+00
0.000000000000000000e+00
0.000000000000000000e+00
0.000000000000000000e+00
7.838094778042404620e+00
0.000000000000000000e+00
0.000000000000000000e+00
0.000000000000000000e+00
0.000000000000000000e+00
0.000000000000000000e+00
0.000000000000000000e+00
0.000000000000000000e+00
0.000000000000000000e+00
1.639709532187399432e+01
0.000000000000000000e+00
0.000000000000000000e+00
-4.567328709751510285e-01
6.229413448632383776e+00
0.000000000000000000e+00
0.000000000000000000e+00
0.000000000000000000e+00
0.000000000000000000e+00
0.000000000000000000e+00
0.000000000000000000e+00
0.000000000000000000e+00
0.000000000000000000e+00
0.000000000000000000e+00
2.015038031061829926e+01
0.000000000000000000e+00
0.000000000000000000e+00
0.000000000000000000e+00
0.000000000000000000e+00
0.000000000000000000e+00
0.000000000000000000e+00
9.400122725850906136e+00
0.000000000000000000e+00
0.000000000000000000e+00
0.000000000000000000e+00
2.214719966253889893e+01
0.000000000000000000e+00
0.000000000000000000e+00
0.000000000000000000e+00
2.214719966253889893e+01
0.000000000000000000e+00
7.013322285785607235e+00
0.000000000000000000e+00
0.000000000000000000e+00
0.000000000000000000e+00
0.000000000000000000e+00
2.339393428658993201e+01
0.000000000000000000e+00
0.000000000000000000e+00
0.000000000000000000e+00
0.000000000000000000e+00
0.000000000000000000e+00
2.439303373992964907e+01
0.000000000000000000e+00
0.000000000000000000e+00
1.519879577607064647e+01
2.015038031061829926e+01
2.481476233876523718e+00
0.000000000000000000e+00
2.114832414550328821e+01
0.000000000000000000e+00
0.000000000000000000e+00
0.000000000000000000e+00
-4.567328709751510285e-01
0.000000000000000000e+00
0.000000000000000000e+00
0.000000000000000000e+00
0.000000000000000000e+00
0.000000000000000000e+00
0.000000000000000000e+00
0.000000000000000000e+00
0.000000000000000000e+00
0.000000000000000000e+00
1.519878636690263818e+01
0.000000000000000000e+00
1.618024232891313119e+01
0.000000000000000000e+00
0.000000000000000000e+00
0.000000000000000000e+00
0.000000000000000000e+00
0.000000000000000000e+00
0.000000000000000000e+00
0.000000000000000000e+00
2.015038031061829926e+01
2.339393428658993201e+01
2.039303373992960999e+01
0.000000000000000000e+00
0.000000000000000000e+00
1.939969605705641698e+01
0.000000000000000000e+00
0.000000000000000000e+00
0.000000000000000000e+00
0.000000000000000000e+00
1.422617079901109172e+01
0.000000000000000000e+00
0.000000000000000000e+00
2.015038031061829926e+01
0.000000000000000000e+00
0.000000000000000000e+00
0.000000000000000000e+00
1.422614897089810171e+01
0.000000000000000000e+00
0.000000000000000000e+00
