4.271784464577221829e-01
8.255729490578689322e-01
1.188015057324227008e+01
4.852419356863455491e+00
-9.742914230950518117e+00
3.354972861005992568e-01
0.000000000000000000e+00
0.000000000000000000e+00
0.000000000000000000e+00
2.965860826385108950e+01
1.871096105495514195e+01
2.116859261903320188e+01
0.000000000000000000e+00
8.928149417600854676e+00
0.000000000000000000e+00
0.000000000000000000e+00
0.000000000000000000e+00
0.000000000000000000e+00
-1.269640257155605312e+01
7.334991793447332320e+00
2.271096105495515971e+01
3.553157498305693451e+01
3.717938607189822164e+01
0.000000000000000000e+00
-2.685558001676528583e+00
5.334991793447311892e+00
5.334991793447311892e+00
2.616470295816489156e+00
1.671096105495517392e+01
0.000000000000000000e+00
-2.360465309167313563e+00
8.649518882323111058e+00
0.000000000000000000e+00
3.453157498305689188e+01
-2.665876121900049522e+00
4.852419356863455491e+00
1.789824755934948541e+01
1.855285711503873713e+01
-1.328494378754371219e+01
0.000000000000000000e+00
-8.565226748589067185e+00
7.334991793447332320e+00
0.000000000000000000e+00
4.334991793447326103e+00
0.000000000000000000e+00
0.000000000000000000e+00
0.000000000000000000e+00
1.233499179344734387e+01
3.253157498305689188e+01
3.253157498305689188e+01
3.353157498305687056e+01
3.553157498305693451e+01
0.000000000000000000e+00
0.000000000000000000e+00
-1.395238392618464118e+01
0.000000000000000000e+00
0.000000000000000000e+00
1.795382573605548160e+01
-2.577370821292024328e+00
1.009203696358150326e+00
0.000000000000000000e+00
0.000000000000000000e+00
7.334991793447332320e+00
1.171453764932059727e+01
2.334123878099946925e+00
1.771096105495512774e+01
3.517938607189825007e+01
3.353157498305687056e+01
-1.223018942068183890e+01
3.617938607189821454e+01
2.071096105495516682e+01
-2.158334624545032554e+00
1.334123878099942484e+00
4.222607113149270397e+00
0.000000000000000000e+00
3.053157498305695938e+01
2.753157498305693807e+01
2.753157498305693807e+01
0.000000000000000000e+00
0.000000000000000000e+00
1.120117894073946374e+01
2.953157498305688478e+01
2.853157498305693096e+01
-2.378051039955170753e-01
3.253157498305689188e+01
2.171096105495518458e+01
9.334991793447333208e+00
1.150685909937776330e+01
2.071096105495516682e+01
0.000000000000000000e+00
1.133499179344733321e+01
1.908075624185267216e+01
0.000000000000000000e+00
-7.665876121900070395e+00
4.270008874400242682e+00
1.434010766027914308e+01
-6.385789792812888166e+00
0.000000000000000000e+00
1.871096105495514195e+01
1.471096105495514017e+01
0.000000000000000000e+00
0.000000000000000000e+00
5.334991793447311892e+00
0.000000000000000000e+00
0.000000000000000000e+00
0.000000000000000000e+00
3.253157498305689188e+01
7.334991793447332320e+00
0.000000000000000000e+00
-5.150853839921297472e-02
0.000000000000000000e+00
2.037657289850669784e+01
9.718725918266706287e+00
0.000000000000000000e+00
2.271096105495515971e+01
-5.665876121900053519e+00
9.547019625211017768e+00
0.000000000000000000e+00
-1.188119255985870915e+01
8.721178564045469983e+00
-6.665876121900065066e+00
1.471096105495514017e+01
3.453157498305689188e+01
6.345941374115979805e+00
2.401725290208712238e+01
0.000000000000000000e+00
1.033499179344733498e+01
0.000000000000000000e+00
9.334991793447333208e+00
4.226291787079748952e-01
9.334991793447333208e+00
3.355670481320986553e+00
0.000000000000000000e+00
5.614315534320501122e+00
7.814330833694082656e+00
0.000000000000000000e+00
0.000000000000000000e+00
1.971096105495515971e+01
0.000000000000000000e+00
1.771096105495512774e+01
1.471096105495514017e+01
2.159584038617869961e+00
0.000000000000000000e+00
1.471096105495514017e+01
1.133499179344733321e+01
1.282206003196098543e+01
0.000000000000000000e+00
0.000000000000000000e+00
-1.409472689546055690e+01
0.000000000000000000e+00
-1.417033794850161854e+01
1.088015057324226831e+01
0.000000000000000000e+00
6.163074505301048056e+00
0.000000000000000000e+00
-8.417206324240609661e+00
4.226291787079748952e-01
4.805381544329969223e+00
1.771096105495512774e+01
0.000000000000000000e+00
0.000000000000000000e+00
0.000000000000000000e+00
2.972587121513542385e+01
2.917938607189826428e+01
-2.577370821292024328e+00
2.171096105495518458e+01
3.553157498305693451e+01
0.000000000000000000e+00
3.453157498305689188e+01
3.453157498305689188e+01
0.000000000000000000e+00
0.000000000000000000e+00
0.000000000000000000e+00
0.000000000000000000e+00
0.000000000000000000e+00
1.529963381101206465e+01
0.000000000000000000e+00
0.000000000000000000e+00
3.553157498305693451e+01
1.280254889504313631e+01
0.000000000000000000e+00
0.000000000000000000e+00
1.863408792612315423e+01
2.853157498305693096e+01
0.000000000000000000e+00
0.000000000000000000e+00
3.553157498305693451e+01
0.000000000000000000e+00
-6.658761219000542964e-01
0.000000000000000000e+00
0.000000000000000000e+00
1.422629178707978115e+00
1.205307972041771691e+01
2.071096105495516682e+01
1.233499179344734387e+01
0.000000000000000000e+00
2.217985775454772934e+01
2.753157498305693807e+01
3.517938607189825007e+01
3.453157498305689188e+01
1.589824755934940725e+01
3.153157498305697359e+01
1.971096105495515971e+01
3.253157498305689188e+01
1.766194430177285923e+01
6.334991793447307451e+00
-1.135408156599137719e+01
-8.131332165156093694e+00
1.571443670822223382e+01
2.453121592699049458e+01
3.253157498305689188e+01
1.233499179344734387e+01
0.000000000000000000e+00
2.480341681039050883e+01
-1.165565861280972193e+01
0.000000000000000000e+00
9.716205256735097606e+00
3.353157498305687056e+01
1.071579131735988000e+01
3.563823382987472854e+01
-2.647491586681929854e-01
1.871096105495514195e+01
9.089915370472541056e-01
0.000000000000000000e+00
0.000000000000000000e+00
0.000000000000000000e+00
1.871096105495514195e+01
-4.296443478879019118e+00
0.000000000000000000e+00
4.226291787079748952e-01
0.000000000000000000e+00
2.171096105495518458e+01
6.872098518122764510e+00
1.496865587385022955e+01
2.422629178707975228e+00
-1.383995176485216660e+01
2.480341681039050883e+01
0.000000000000000000e+00
0.000000000000000000e+00
4.422629178707977893e+00
3.553157498305693451e+01
0.000000000000000000e+00
-1.278404947369962574e+00
-1.577370821292021219e+00
1.946062912982118753e+00
1.589105419565112953e+01
2.753157498305693807e+01
0.000000000000000000e+00
0.000000000000000000e+00
5.943382571030811690e+00
3.353157498305687056e+01
2.171096105495518458e+01
-6.658761219000542964e-01
2.271096105495515971e+01
-6.597640047726810453e-01
3.553157498305693451e+01
2.078973636136162284e+01
0.000000000000000000e+00
2.853157498305693096e+01
7.322997353930141173e+00
3.354972861005992568e-01
0.000000000000000000e+00
3.553157498305693451e+01
3.809820870175907537e+00
1.757420365871874779e+01
-6.597640047726810453e-01
1.292270053344256375e+01
0.000000000000000000e+00
3.353157498305687056e+01
0.000000000000000000e+00
3.852454393937652544e+00
1.096838995574605313e+01
1.871096105495514195e+01
9.819487690361425880e-01
-2.577370821292024328e+00
2.422629178707975228e+00
7.592681916510561457e+00
0.000000000000000000e+00
4.988962257523318122e+00
0.000000000000000000e+00
3.334991793447333652e+00
3.341238780999439828e-01
9.092936854599352969e+00
0.000000000000000000e+00
0.000000000000000000e+00
6.239870392320799652e+00
2.553157498305679951e+01
3.153157498305697359e+01
4.422629178707977893e+00
0.000000000000000000e+00
2.334991793447335429e+00
2.653157498305683148e+01
2.271096105495515971e+01
4.334991793447326103e+00
0.000000000000000000e+00
0.000000000000000000e+00
-1.654790697462312998e+00
-1.407612084390856566e+01
1.371096105495509043e+01
0.000000000000000000e+00
1.133499179344733321e+01
1.283711527052286172e+01
5.422629178707985886e+00
2.666284380066150206e+01
3.453157498305689188e+01
-5.773708212920279914e-01
0.000000000000000000e+00
-6.387216746660633326e+00
3.153157498305697359e+01
3.053157498305695938e+01
-1.421790669701950094e+01
0.000000000000000000e+00
0.000000000000000000e+00
0.000000000000000000e+00
3.053157498305695938e+01
7.239740250679572720e-01
-4.577370821292023884e+00
1.871096105495514195e+01
1.771096105495512774e+01
0.000000000000000000e+00
2.653157498305683148e+01
0.000000000000000000e+00
2.171096105495518458e+01
1.971096105495515971e+01
8.721178564045469983e+00
2.953157498305688478e+01
3.334991793447333652e+00
-1.392086438059376441e+01
8.334991793447334985e+00
0.000000000000000000e+00
1.028423570348010685e+01
3.253157498305689188e+01
0.000000000000000000e+00
1.335070818682170035e+00
-4.665876121900048190e+00
6.909609837892761064e+00
5.697379741249003482e-01
-5.773708212920279914e-01
3.553157498305693451e+01
3.892261171425689170e+00
0.000000000000000000e+00
0.000000000000000000e+00
3.422629178707980557e+00
0.000000000000000000e+00
0.000000000000000000e+00
0.000000000000000000e+00
2.453128139992624668e+01
1.171104008018994413e+01
1.335070818682170035e+00
1.310936267302806435e+01
0.000000000000000000e+00
-1.165565861280972193e+01
-1.001889290470588989e+01
2.653157498305683148e+01
-3.616245005738676355e+00
3.453157498305689188e+01
0.000000000000000000e+00
1.871096105495514195e+01
0.000000000000000000e+00
2.079456992387137859e+01
1.375566401120224391e+01
3.554584738680255374e+00
1.789824755934948541e+01
0.000000000000000000e+00
-1.460343650497527257e+01
6.777923452485851818e+00
1.571096105495517925e+01
1.971096105495515971e+01
1.873306457883363763e+01
-4.565650443380831369e+00
1.771096105495512774e+01
-2.559919593801232574e-02
7.334991793447332320e+00
2.271096105495515971e+01
-7.547743034281574337e-01
3.422629178707980557e+00
0.000000000000000000e+00
-5.044654062471570555e+00
1.071330481740362117e+01
3.253157498305689188e+01
2.853157498305693096e+01
0.000000000000000000e+00
0.000000000000000000e+00
1.771096105495512774e+01
1.171404684596113022e+01
-1.400371750162748441e+01
2.183506314818199456e+01
-7.433244264867163942e+00
2.274504926484939915e+01
4.332320237301191312e+00
6.343050727771143649e+00
0.000000000000000000e+00
0.000000000000000000e+00
0.000000000000000000e+00
4.422629178707977893e+00
1.127884110276564877e+00
7.729899135714733305e+00
2.753157498305693807e+01
1.971096105495515971e+01
-3.691292458141018251e+00
1.123372412280011723e+00
-2.212861454560369534e+00
-1.577370821292021219e+00
0.000000000000000000e+00
1.660092131395905213e+01
1.271096105495509754e+01
4.334991793447326103e+00
0.000000000000000000e+00
0.000000000000000000e+00
-1.665876121900056850e+00
1.471096105495514017e+01
0.000000000000000000e+00
-2.629177413482915449e-01
9.536638821749722217e-01
3.253157498305689188e+01
2.853157498305693096e+01
2.553157498305679951e+01
1.382102592585021839e+01
-1.135408156599137719e+01
2.953157498305688478e+01
-1.577370821292021219e+00
1.671096105495517392e+01
-5.142655989612520351e+00
0.000000000000000000e+00
1.233499179344734387e+01
0.000000000000000000e+00
-4.577370821292023884e+00
3.553157498305693451e+01
1.652916903874537047e+00
2.118183587982533922e+01
0.000000000000000000e+00
-1.417033794850161854e+01
3.553157498305693451e+01
0.000000000000000000e+00
0.000000000000000000e+00
2.853157498305693096e+01
7.737874761061417139e+00
0.000000000000000000e+00
1.422629178707978115e+00
2.156812601778697314e+01
2.653157498305683148e+01
0.000000000000000000e+00
-4.856073784582593866e+00
2.071096105495516682e+01
5.422629178707985886e+00
1.971096105495515971e+01
0.000000000000000000e+00
3.153157498305697359e+01
2.353521512781115987e+01
1.171104008018994413e+01
3.053157498305695938e+01
0.000000000000000000e+00
3.153157498305697359e+01
0.000000000000000000e+00
4.035370233512587390e+00
0.000000000000000000e+00
0.000000000000000000e+00
0.000000000000000000e+00
0.000000000000000000e+00
2.776895821672941267e+01
1.692270053344266856e+01
0.000000000000000000e+00
0.000000000000000000e+00
1.476906149274592117e+01
-3.616245005738676355e+00
1.140877516526240854e+01
1.200640612553529607e+00
-6.256611382554679857e+00
-1.577370821292021219e+00
0.000000000000000000e+00
-1.398473772569661300e+01
1.854863844718741817e+01
3.356734013812644690e+00
2.422629178707975228e+00
3.253157498305689188e+01
8.688709045525246921e+00
2.071096105495516682e+01
1.771096105495512774e+01
-1.277226021207149742e+01
3.253157498305689188e+01
1.196865587385020291e+01
-3.488921033474120303e+00
1.271096105495509754e+01
-5.567244223032502326e+00
5.422629178707985886e+00
1.278950904939157240e+01
2.353188765982234898e+01
3.253157498305689188e+01
0.000000000000000000e+00
0.000000000000000000e+00
1.871096105495514195e+01
1.671096105495517392e+01
6.334991793447307451e+00
0.000000000000000000e+00
-1.879070957715322621e+00
0.000000000000000000e+00
-3.577370821292011005e+00
0.000000000000000000e+00
3.066284380066149140e+01
2.873935418957594123e+01
1.971096105495515971e+01
0.000000000000000000e+00
0.000000000000000000e+00
2.112553201126922886e+01
0.000000000000000000e+00
1.557209657687953097e+01
0.000000000000000000e+00
-1.665876121900056850e+00
5.486405951868954745e+00
0.000000000000000000e+00
2.334123878099946925e+00
3.174554598883283418e+01
4.226291787079748952e-01
3.553157498305693451e+01
-6.903450003072881813e+00
0.000000000000000000e+00
0.000000000000000000e+00
0.000000000000000000e+00
0.000000000000000000e+00
0.000000000000000000e+00
0.000000000000000000e+00
1.150705863496875914e+01
-3.577370821292011005e+00
-1.408046893224069862e+01
1.334123878099942484e+00
7.968634485284796121e+00
1.489824755934937350e+01
0.000000000000000000e+00
-1.269640257155605312e+01
1.586226883414621369e+01
-4.577370821292023884e+00
1.471096105495514017e+01
4.880129184676785137e+00
3.354972861005992568e-01
3.053157498305695938e+01
0.000000000000000000e+00
-1.096918628699067533e+00
2.271096105495515971e+01
0.000000000000000000e+00
4.795703968643121762e+00
4.422629178707977893e+00
0.000000000000000000e+00
0.000000000000000000e+00
3.341238780999439828e-01
0.000000000000000000e+00
-1.392190675159511493e+01
3.372335123635102905e-01
2.071096105495516682e+01
9.334991793447333208e+00
2.918662283032293914e+00
-1.316062390852735220e+01
0.000000000000000000e+00
0.000000000000000000e+00
0.000000000000000000e+00
1.335471737817461646e+00
3.553157498305693451e+01
3.053157498305695938e+01
0.000000000000000000e+00
1.471096105495514017e+01
6.334991793447307451e+00
3.253157498305689188e+01
0.000000000000000000e+00
1.150705863496875914e+01
-1.328494378754371219e+01
0.000000000000000000e+00
0.000000000000000000e+00
2.420047580293666556e+01
0.000000000000000000e+00
2.082174449590878051e+00
-1.223018942068183890e+01
0.000000000000000000e+00
2.171096105495518458e+01
3.553157498305693451e+01
2.453143271110762313e+01
-1.395238392618464118e+01
1.358072201942400348e+01
-6.665876121900065066e+00
2.334123878099946925e+00
0.000000000000000000e+00
8.686323614389166892e+00
1.969464185170435755e+01
1.090953122645814233e+01
3.453157498305689188e+01
3.153157498305697359e+01
0.000000000000000000e+00
6.070788945831883332e+00
-1.391683987516369925e+01
1.133499179344733321e+01
3.453157498305689188e+01
0.000000000000000000e+00
-1.277226021207149742e+01
1.971096105495515971e+01
-7.142246884217456682e+00
0.000000000000000000e+00
-3.751535881829236363e+00
1.334123878099942484e+00
9.909531226458154762e+00
0.000000000000000000e+00
-1.665876121900056850e+00
0.000000000000000000e+00
2.422629178707975228e+00
0.000000000000000000e+00
0.000000000000000000e+00
0.000000000000000000e+00
-1.066063192012007477e+01
2.153384030536768989e+01
1.294094604603688126e+01
-1.580403470518397580e+00
3.153157498305697359e+01
1.671096105495517392e+01
2.071096105495516682e+01
4.422629178707977893e+00
-8.611898400705467083e+00
5.334991793447311892e+00
3.553157498305693451e+01
3.153157498305697359e+01
3.104073634324127795e+01
2.040587314057975021e+01
1.301170532560794513e+01
-6.597640047726810453e-01
6.940959694545689729e+00
0.000000000000000000e+00
9.422278307796874142e-01
6.154817716574036979e+00
2.334123878099946925e+00
6.334991793447307451e+00
9.003064500378858526e+00
7.729899135714733305e+00
0.000000000000000000e+00
0.000000000000000000e+00
1.771096105495512774e+01
5.997947981701472919e+00
1.171382915986581175e+01
3.553157498305693451e+01
3.253157498305689188e+01
6.717092593635920039e+00
9.334991793447333208e+00
1.284473874260541137e+01
2.071096105495516682e+01
1.089824755934933265e+01
0.000000000000000000e+00
0.000000000000000000e+00
0.000000000000000000e+00
3.553157498305693451e+01
-1.395869964028906551e+01
0.000000000000000000e+00
1.171211615537924366e+01
3.253157498305689188e+01
2.353208047571007455e+01
2.071096105495516682e+01
2.263316742359351874e+00
2.953157498305688478e+01
2.153229742917769585e+01
3.902794582557087999e+00
3.053157498305695938e+01
0.000000000000000000e+00
2.953157498305688478e+01
1.871096105495514195e+01
3.417938607189831401e+01
1.459033637888429524e+01
3.553157498305693451e+01
4.334991793447326103e+00
3.795261657926055410e+00
3.353157498305687056e+01
0.000000000000000000e+00
0.000000000000000000e+00
0.000000000000000000e+00
1.480974225874135186e+01
0.000000000000000000e+00
1.571096105495517925e+01
0.000000000000000000e+00
3.526773259007523809e+00
9.718619583502341897e+00
0.000000000000000000e+00
1.667141646212960282e+01
1.571096105495517925e+01
-2.601394914027971961e+00
6.880150573242230116e+00
-8.567153312201689630e+00
4.226291787079748952e-01
-7.665876121900070395e+00
7.291961025272346575e+00
3.353157498305687056e+01
1.771096105495512774e+01
4.334991793447326103e+00
0.000000000000000000e+00
-8.567153312201689630e+00
1.971096105495515971e+01
1.278771471775514179e+01
0.000000000000000000e+00
0.000000000000000000e+00
6.334991793447307451e+00
0.000000000000000000e+00
1.471096105495514017e+01
0.000000000000000000e+00
2.353444421460001479e+01
0.000000000000000000e+00
-1.406306642040435939e+01
3.354972861005992568e-01
0.000000000000000000e+00
0.000000000000000000e+00
8.974154610155574474e+00
1.971096105495515971e+01
1.382197245263215812e+01
-1.216790023213853766e+00
0.000000000000000000e+00
3.154031774523320841e+00
0.000000000000000000e+00
3.453157498305689188e+01
0.000000000000000000e+00
-2.629177413482915449e-01
1.953833864921890751e+01
0.000000000000000000e+00
1.971096105495515971e+01
2.653157498305683148e+01
3.553157498305693451e+01
6.816309441197608621e+00
0.000000000000000000e+00
1.271096105495509754e+01
7.264059986774701549e+00
0.000000000000000000e+00
1.099296995030892887e+01
1.627678717390240948e+01
2.553157498305679951e+01
1.900809248376338090e+01
3.253157498305689188e+01
0.000000000000000000e+00
0.000000000000000000e+00
6.334991793447307451e+00
5.422629178707985886e+00
0.000000000000000000e+00
-1.294570281628313424e+01
-3.118001996159650790e+00
-1.135408156599137719e+01
4.334991793447326103e+00
1.431075328568085148e+01
-6.658761219000542964e-01
0.000000000000000000e+00
3.453157498305689188e+01
1.085244074542894488e+01
1.858261197006828880e+01
3.422629178707980557e+00
1.483504175961652294e+01
1.490787610308018651e+00
0.000000000000000000e+00
8.145507659204991313e+00
3.453157498305689188e+01
2.271096105495515971e+01
0.000000000000000000e+00
-3.577370821292011005e+00
9.334991793447333208e+00
0.000000000000000000e+00
0.000000000000000000e+00
1.671096105495517392e+01
0.000000000000000000e+00
0.000000000000000000e+00
3.053157498305695938e+01
1.008453872072404245e+01
0.000000000000000000e+00
2.506638216050096180e+00
0.000000000000000000e+00
2.271096105495515971e+01
3.053157498305695938e+01
3.353157498305687056e+01
3.153157498305697359e+01
-1.277226021207149742e+01
-6.597640047726810453e-01
2.381061017408877234e+01
1.335070818682170035e+00
1.971096105495515971e+01
1.571096105495517925e+01
-4.532528910641474007e-01
4.616282769076641479e+00
2.553157498305679951e+01
1.771096105495512774e+01
-1.406322182054610792e+01
3.553157498305693451e+01
0.000000000000000000e+00
1.071146654760837613e+01
0.000000000000000000e+00
0.000000000000000000e+00
8.748858461822859311e+00
3.353157498305687056e+01
2.396437555550594123e+00
-1.577370821292021219e+00
0.000000000000000000e+00
4.941301428937250328e+00
2.653157498305683148e+01
3.353157498305687056e+01
3.053157498305695938e+01
2.653157498305683148e+01
-3.577370821292011005e+00
0.000000000000000000e+00
0.000000000000000000e+00
4.422629178707977893e+00
2.071096105495516682e+01
2.085330866077630319e+01
0.000000000000000000e+00
0.000000000000000000e+00
0.000000000000000000e+00
0.000000000000000000e+00
0.000000000000000000e+00
1.333135117962198279e+01
3.453157498305689188e+01
3.053157498305695938e+01
0.000000000000000000e+00
-2.665876121900049522e+00
-1.409472689546055690e+01
3.053157498305695938e+01
2.422629178707975228e+00
2.422629178707975228e+00
1.471096105495514017e+01
3.973202897057947158e+00
0.000000000000000000e+00
-1.386192572209518659e+01
6.334991793447307451e+00
9.334991793447333208e+00
3.353157498305687056e+01
0.000000000000000000e+00
2.653157498305683148e+01
0.000000000000000000e+00
2.035327238369620417e+01
2.171096105495518458e+01
3.553157498305693451e+01
0.000000000000000000e+00
2.153654934295482093e+01
0.000000000000000000e+00
1.033499179344733498e+01
2.071096105495516682e+01
2.018907135888895255e+01
3.453157498305689188e+01
0.000000000000000000e+00
2.422629178707975228e+00
0.000000000000000000e+00
2.753157498305693807e+01
0.000000000000000000e+00
2.353489755495347069e+01
0.000000000000000000e+00
1.871096105495514195e+01
4.422629178707977893e+00
1.483759316675561379e+01
0.000000000000000000e+00
1.571096105495517925e+01
0.000000000000000000e+00
3.553157498305693451e+01
0.000000000000000000e+00
0.000000000000000000e+00
0.000000000000000000e+00
3.053157498305695938e+01
5.880029184676791587e+00
1.675558487231518612e+01
3.453157498305689188e+01
2.171096105495518458e+01
0.000000000000000000e+00
1.770129452823672267e+01
0.000000000000000000e+00
9.484106509171585486e+00
-1.124116032692242806e+00
0.000000000000000000e+00
2.153421044404328200e+01
-1.078775018294408028e+01
4.422629178707977893e+00
3.453157498305689188e+01
2.553157498305679951e+01
0.000000000000000000e+00
0.000000000000000000e+00
3.553157498305693451e+01
0.000000000000000000e+00
0.000000000000000000e+00
2.171096105495518458e+01
2.353499552578139031e+01
1.271096105495509754e+01
0.000000000000000000e+00
0.000000000000000000e+00
2.917938607189826428e+01
1.655783944520386441e+01
0.000000000000000000e+00
1.071146654760837613e+01
1.771096105495512774e+01
0.000000000000000000e+00
3.553157498305693451e+01
2.336683983288322164e+00
0.000000000000000000e+00
1.971096105495515971e+01
1.771096105495512774e+01
0.000000000000000000e+00
0.000000000000000000e+00
9.334991793447333208e+00
7.680788723186378952e+00
-5.389245215928498922e+00
1.971096105495515971e+01
1.095673751181912614e+01
1.271096105495509754e+01
2.478531692945923837e+01
0.000000000000000000e+00
0.000000000000000000e+00
0.000000000000000000e+00
0.000000000000000000e+00
-3.128769397224646198e+00
0.000000000000000000e+00
2.075679365870379911e+01
0.000000000000000000e+00
-1.398473772569661300e+01
0.000000000000000000e+00
0.000000000000000000e+00
-1.406306642040435939e+01
5.273846204924060643e+00
3.253157498305689188e+01
4.968655408502132609e+00
9.799646551999176225e+00
2.171096105495518458e+01
0.000000000000000000e+00
1.233499179344734387e+01
0.000000000000000000e+00
3.553157498305693451e+01
1.871096105495514195e+01
-1.665876121900056850e+00
0.000000000000000000e+00
0.000000000000000000e+00
2.271096105495515971e+01
1.697509009792569756e+01
0.000000000000000000e+00
0.000000000000000000e+00
2.171096105495518458e+01
-1.665876121900056850e+00
8.729932840298701535e+00
0.000000000000000000e+00
0.000000000000000000e+00
0.000000000000000000e+00
2.271096105495515971e+01
0.000000000000000000e+00
2.807157286399470042e+00
-1.388682475539525107e+01
1.071422887615924147e+01
0.000000000000000000e+00
1.601831976917273415e-01
8.191912321443432177e+00
0.000000000000000000e+00
8.866831107376681231e+00
0.000000000000000000e+00
0.000000000000000000e+00
0.000000000000000000e+00
-1.413498235258731661e+01
0.000000000000000000e+00
4.334991793447326103e+00
1.371096105495509043e+01
1.980294200883025724e+01
2.422629178707975228e+00
1.294351814820020863e+01
1.971096105495515971e+01
1.889824755934947120e+01
3.153157498305697359e+01
1.233499179344734387e+01
0.000000000000000000e+00
1.177487843865675465e+01
0.000000000000000000e+00
1.781061017408876168e+01
0.000000000000000000e+00
3.353157498305687056e+01
1.659024709709296985e+01
0.000000000000000000e+00
1.133499179344733321e+01
0.000000000000000000e+00
1.233499179344734387e+01
3.955172040707017000e+00
0.000000000000000000e+00
-1.654790697462312998e+00
1.422629178707978115e+00
-1.406306642040435939e+01
9.719867874001778318e+00
3.341238780999439828e-01
1.683506314818198035e+01
0.000000000000000000e+00
1.281375769423114441e+01
1.469554288291297794e+01
2.071096105495516682e+01
0.000000000000000000e+00
2.253424462034798736e+01
3.564250776929933551e+01
2.171096105495518458e+01
2.653157498305683148e+01
1.871096105495514195e+01
-6.658761219000542964e-01
2.353327726835186340e+01
1.761480548020038839e+01
3.153157498305697359e+01
0.000000000000000000e+00
-5.113380342162935355e-01
3.253157498305689188e+01
1.422629178707978115e+00
1.033499179344733498e+01
0.000000000000000000e+00
0.000000000000000000e+00
0.000000000000000000e+00
3.153157498305697359e+01
1.271473205810625551e+01
1.671096105495517392e+01
0.000000000000000000e+00
2.853157498305693096e+01
1.171104008018994413e+01
