1.173829574796648290e+00
8.255724220866984542e-01
1.188015057324227008e+01
4.852417723920404491e+00
3.862728521896984790e-01
3.391558564921857699e-01
0.000000000000000000e+00
0.000000000000000000e+00
0.000000000000000000e+00
2.965807883982658311e+01
1.871096105495514195e+01
2.001782496736323935e+01
0.000000000000000000e+00
9.322563433438462610e+00
0.000000000000000000e+00
0.000000000000000000e+00
0.000000000000000000e+00
0.000000000000000000e+00
0.000000000000000000e+00
7.334991793447332320e+00
2.271096105495515971e+01
3.553157498305693451e+01
3.717938607189822164e+01
0.000000000000000000e+00
2.459498784591003684e+00
5.334990485069309507e+00
5.334990478950762949e+00
2.555367899516801877e+00
1.671095994411732377e+01
0.000000000000000000e+00
1.945016083700240150e+00
9.422931963246421461e+00
0.000000000000000000e+00
3.453157498305689188e+01
-2.665876121900049522e+00
5.756119046418101126e-01
1.789824755934948541e+01
1.855884232156217806e+01
0.000000000000000000e+00
0.000000000000000000e+00
0.000000000000000000e+00
7.334991793447332320e+00
0.000000000000000000e+00
6.010841176944121678e+00
0.000000000000000000e+00
0.000000000000000000e+00
0.000000000000000000e+00
1.233499179344734387e+01
3.253157498305689188e+01
3.253157498305689188e+01
3.353157498305687056e+01
3.553157498305693451e+01
0.000000000000000000e+00
0.000000000000000000e+00
0.000000000000000000e+00
0.000000000000000000e+00
0.000000000000000000e+00
1.793485128471076706e+01
-2.577373177566351981e+00
1.925121651792023103e+00
0.000000000000000000e+00
0.000000000000000000e+00
7.334991793447332320e+00
1.171084757801495435e+01
2.334123878099946925e+00
1.771096105495512774e+01
3.517938607189825007e+01
3.353157498305687056e+01
0.000000000000000000e+00
3.617938607189821454e+01
2.071096105495516682e+01
2.591548885879663700e-01
0.000000000000000000e+00
4.252561058390628368e+00
0.000000000000000000e+00
3.053157498305695938e+01
2.753157374846861316e+01
2.753157422614509287e+01
0.000000000000000000e+00
0.000000000000000000e+00
1.954738380026764588e+01
2.821103221650309933e+01
2.853157435246997764e+01
1.209347311031481187e+00
3.253157498305689188e+01
2.171096105495518458e+01
9.334991793447333208e+00
1.147579623641249391e+01
2.071096105495516682e+01
0.000000000000000000e+00
1.133499179344733321e+01
1.902309555655991957e+01
0.000000000000000000e+00
0.000000000000000000e+00
4.267563838550674227e+00
1.702200235701919695e+01
4.415285576823294034e-01
0.000000000000000000e+00
1.871096105495514195e+01
1.471095862130146692e+01
0.000000000000000000e+00
0.000000000000000000e+00
5.334988839335255584e+00
0.000000000000000000e+00
0.000000000000000000e+00
0.000000000000000000e+00
3.253157498305689188e+01
7.334991793447332320e+00
0.000000000000000000e+00
1.532096638512141507e+00
0.000000000000000000e+00
1.920260554755799731e+01
9.715975638269574333e+00
0.000000000000000000e+00
2.271096105495515971e+01
0.000000000000000000e+00
8.513797774893136605e+00
0.000000000000000000e+00
0.000000000000000000e+00
8.720966535224983218e+00
0.000000000000000000e+00
1.471095866625304005e+01
3.453157498305689188e+01
6.397320108490844426e+00
2.953156786939323553e+01
0.000000000000000000e+00
1.033499179344733498e+01
0.000000000000000000e+00
9.334991793447333208e+00
4.226291787079748952e-01
9.334991793447333208e+00
3.418998315295012524e+00
0.000000000000000000e+00
5.625714508102960032e+00
7.815611820242167163e+00
0.000000000000000000e+00
0.000000000000000000e+00
1.971096105495515971e+01
0.000000000000000000e+00
1.771096105495512774e+01
1.471096025776714988e+01
2.488076442545012590e+00
0.000000000000000000e+00
1.471095660832180840e+01
1.133499179344733321e+01
1.282198348894708850e+01
0.000000000000000000e+00
0.000000000000000000e+00
0.000000000000000000e+00
0.000000000000000000e+00
0.000000000000000000e+00
1.088015057324226831e+01
0.000000000000000000e+00
6.184852415090763778e+00
0.000000000000000000e+00
-1.487399447800036327e-06
4.226291787079748952e-01
6.343771930726063601e+00
1.771096105495512774e+01
0.000000000000000000e+00
0.000000000000000000e+00
0.000000000000000000e+00
2.972276457883368295e+01
2.917938607189826428e+01
3.774920200907526113e-01
2.171096105495518458e+01
3.553157498305693451e+01
0.000000000000000000e+00
3.425462163234355728e+01
3.433980770610411071e+01
0.000000000000000000e+00
0.000000000000000000e+00
0.000000000000000000e+00
0.000000000000000000e+00
0.000000000000000000e+00
1.573150189658305820e+01
0.000000000000000000e+00
0.000000000000000000e+00
3.553157498305693451e+01
1.280254889504313631e+01
0.000000000000000000e+00
0.000000000000000000e+00
1.863384319478759110e+01
2.853157174027368725e+01
0.000000000000000000e+00
0.000000000000000000e+00
3.553157498305693451e+01
0.000000000000000000e+00
-6.658761219000542964e-01
0.000000000000000000e+00
0.000000000000000000e+00
1.422629178707978115e+00
1.293392621185483726e+01
2.071096105495516682e+01
1.233499179344734387e+01
0.000000000000000000e+00
2.054212189555105894e+01
2.753157267296113986e+01
3.353157498305687056e+01
3.453157498305689188e+01
1.589824755934940725e+01
3.153157498305697359e+01
1.971096105495515971e+01
3.253157498305689188e+01
1.766535695231177172e+01
6.334991172997238351e+00
2.440996994456440528e-01
5.840112889556007270e-01
1.571405487022055603e+01
2.453526073160436738e+01
3.253157498305689188e+01
1.233499179344734387e+01
0.000000000000000000e+00
2.480341681039050883e+01
-1.165565861280972193e+01
0.000000000000000000e+00
9.716043391317816358e+00
3.353157498305687056e+01
1.071516568235282030e+01
3.253157498305689188e+01
8.240925491938707603e-01
1.871096105495514195e+01
1.417603910279554125e+00
0.000000000000000000e+00
0.000000000000000000e+00
0.000000000000000000e+00
1.871096105495514195e+01
2.650448632390545178e-01
0.000000000000000000e+00
4.226291787079748952e-01
0.000000000000000000e+00
1.992406744203486468e+01
6.874213821539591152e+00
1.233499179344734387e+01
2.422629178707975228e+00
3.624637744514671578e-01
2.480341681039050883e+01
0.000000000000000000e+00
0.000000000000000000e+00
4.422629178707977893e+00
3.553157498305693451e+01
0.000000000000000000e+00
1.945470789794066624e+00
0.000000000000000000e+00
1.971451041511595115e+00
1.589105419565112953e+01
2.753156973562468224e+01
0.000000000000000000e+00
0.000000000000000000e+00
6.496594171362730208e+00
3.353157498305687056e+01
2.185330866077632805e+01
-6.658761219000542964e-01
2.271096105495515971e+01
-6.600272675157603519e-01
3.553157498305693451e+01
2.079214655038366288e+01
0.000000000000000000e+00
2.853157431459261062e+01
7.883491704506528919e+00
3.391739500000995333e-01
0.000000000000000000e+00
3.553157498305693451e+01
3.809820870175907537e+00
1.761911952474833143e+01
0.000000000000000000e+00
1.292270053344256375e+01
0.000000000000000000e+00
3.353157498305687056e+01
0.000000000000000000e+00
3.852452760994601544e+00
1.126735779055584885e+01
1.871096105495514195e+01
9.872720985791847426e-01
-2.577372413888886715e+00
2.422629178707975228e+00
7.439062024121231964e+00
0.000000000000000000e+00
4.988958884845510866e+00
0.000000000000000000e+00
3.334988824947283881e+00
0.000000000000000000e+00
9.134767437452634198e+00
0.000000000000000000e+00
0.000000000000000000e+00
4.162887074236572005e+00
2.553156561068124120e+01
3.153157498305697359e+01
4.422629178707977893e+00
0.000000000000000000e+00
2.334987942890700108e+00
2.653156729066548891e+01
2.271096105495515971e+01
4.334990441760379731e+00
0.000000000000000000e+00
0.000000000000000000e+00
-1.654794341864560092e+00
0.000000000000000000e+00
1.371096105495509043e+01
0.000000000000000000e+00
1.133499179344733321e+01
1.280945308272458938e+01
5.338382603770053247e-01
2.665851441876619887e+01
3.453157498305689188e+01
-5.773708295163759718e-01
0.000000000000000000e+00
2.471746891754553310e+00
3.153157498305697359e+01
3.053157498305695938e+01
0.000000000000000000e+00
0.000000000000000000e+00
0.000000000000000000e+00
0.000000000000000000e+00
3.053157498305695938e+01
1.142131415645797565e+00
0.000000000000000000e+00
1.871096105495514195e+01
1.771096105495512774e+01
0.000000000000000000e+00
2.653157355751694979e+01
0.000000000000000000e+00
2.171096105495518458e+01
1.971096105495515971e+01
8.720997551980497420e+00
2.953157224144103310e+01
3.334991793447333652e+00
0.000000000000000000e+00
8.334991793447334985e+00
0.000000000000000000e+00
1.097915751588999100e+01
3.253157498305689188e+01
0.000000000000000000e+00
3.556697120519670907e+00
0.000000000000000000e+00
6.909593587362326872e+00
2.861097873443493533e+00
-5.773722377826487895e-01
3.553157498305693451e+01
3.892232181862319784e+00
0.000000000000000000e+00
0.000000000000000000e+00
3.422629178707980557e+00
0.000000000000000000e+00
0.000000000000000000e+00
0.000000000000000000e+00
2.453439937429111950e+01
1.171102342823785136e+01
7.597670089791669357e-01
1.471095631820305805e+01
0.000000000000000000e+00
0.000000000000000000e+00
2.211015481896518864e-01
2.653157391084393524e+01
-3.606290511412204136e+00
3.453157498305689188e+01
0.000000000000000000e+00
1.871096105495514195e+01
0.000000000000000000e+00
2.079456992387137859e+01
1.381333676698436008e+01
3.507466629562358218e+00
1.789824755934948541e+01
0.000000000000000000e+00
0.000000000000000000e+00
6.767685528182069810e+00
1.571096022057678709e+01
1.971096105495515971e+01
1.873306457883363763e+01
1.299608119387211991e+00
1.785330499000541593e+01
0.000000000000000000e+00
7.334987605674222699e+00
2.271096105495515971e+01
0.000000000000000000e+00
3.422629178707980557e+00
0.000000000000000000e+00
0.000000000000000000e+00
1.071513959461624665e+01
3.253157498305689188e+01
2.853157205551852371e+01
0.000000000000000000e+00
0.000000000000000000e+00
1.771096105495512774e+01
1.171090154539397510e+01
3.154397322410221749e-01
2.183506314818199456e+01
-7.088307624123053152e+00
2.253636230925424400e+01
4.758616209317384715e+00
6.208290549938100256e+00
0.000000000000000000e+00
0.000000000000000000e+00
0.000000000000000000e+00
4.422629178707977893e+00
2.521549201621809733e+00
7.733240337049201329e+00
2.753157422614509287e+01
1.971096105495515971e+01
1.343309503755805157e+00
1.123323047892158311e+00
1.846934531050514527e+00
4.621498036996532499e-01
0.000000000000000000e+00
1.650447831296251522e+01
1.271095584248574006e+01
4.334989215478771918e+00
0.000000000000000000e+00
0.000000000000000000e+00
-1.665876121900056850e+00
1.471095979210002369e+01
0.000000000000000000e+00
0.000000000000000000e+00
2.687178488325686843e+00
3.253157498305689188e+01
2.853157169951171213e+01
2.553153289693840122e+01
1.382102592585021839e+01
0.000000000000000000e+00
2.953157418895463238e+01
0.000000000000000000e+00
1.671096082389119530e+01
0.000000000000000000e+00
0.000000000000000000e+00
1.233499179344734387e+01
0.000000000000000000e+00
0.000000000000000000e+00
3.553157498305693451e+01
1.938663531263828288e+00
2.116163581571322183e+01
0.000000000000000000e+00
0.000000000000000000e+00
3.553157498305693451e+01
0.000000000000000000e+00
0.000000000000000000e+00
2.853157220853713838e+01
7.739817297194053758e+00
0.000000000000000000e+00
1.422629178707978115e+00
2.162316282314487026e+01
2.653156094829117606e+01
0.000000000000000000e+00
2.061053750756325798e+00
2.071096105495516682e+01
5.422629178707985886e+00
1.971096105495515971e+01
0.000000000000000000e+00
3.153157498305697359e+01
2.353468234064502340e+01
1.171086395554803872e+01
3.053157498305695938e+01
0.000000000000000000e+00
3.153157498305697359e+01
0.000000000000000000e+00
4.238028844605898904e+00
0.000000000000000000e+00
0.000000000000000000e+00
1.631648129836977601e+00
0.000000000000000000e+00
2.543707862578391854e+01
1.692270053344266856e+01
0.000000000000000000e+00
0.000000000000000000e+00
1.476897628211304259e+01
5.865816551415473645e-01
1.139823441488126221e+01
2.681786475171123119e+00
0.000000000000000000e+00
0.000000000000000000e+00
0.000000000000000000e+00
3.440503971753576251e-01
1.855835589482685677e+01
3.298614911400060912e+00
2.422629178707975228e+00
3.253157498305689188e+01
8.688695616647976294e+00
2.071096105495516682e+01
1.771096105495512774e+01
0.000000000000000000e+00
3.253157498305689188e+01
1.196865583209472739e+01
1.761917353070163061e+00
1.271095679872568240e+01
1.613146430733105152e+00
5.422629178707985886e+00
1.277891252356793039e+01
2.353449310005035144e+01
3.253157498305689188e+01
0.000000000000000000e+00
0.000000000000000000e+00
1.871096105495514195e+01
1.671095866625307380e+01
6.334989062460136822e+00
0.000000000000000000e+00
-1.812097269361210738e+00
0.000000000000000000e+00
4.038256602711419174e-01
0.000000000000000000e+00
3.065851441876618111e+01
2.873473541194982417e+01
1.971096105495515971e+01
0.000000000000000000e+00
0.000000000000000000e+00
2.180341681039050883e+01
0.000000000000000000e+00
1.571976732477184591e+01
0.000000000000000000e+00
0.000000000000000000e+00
4.945375830965763164e+00
0.000000000000000000e+00
2.334123878099946925e+00
3.317938607189832823e+01
4.226291787079748952e-01
3.553157498305693451e+01
0.000000000000000000e+00
0.000000000000000000e+00
0.000000000000000000e+00
0.000000000000000000e+00
0.000000000000000000e+00
0.000000000000000000e+00
0.000000000000000000e+00
1.128724258871939945e+01
0.000000000000000000e+00
0.000000000000000000e+00
1.334123878099942484e+00
8.226017602415156560e+00
1.489824755934937350e+01
0.000000000000000000e+00
0.000000000000000000e+00
1.534867947894472984e+01
0.000000000000000000e+00
1.471096069825322772e+01
4.880129180111707043e+00
0.000000000000000000e+00
3.053157498305695938e+01
0.000000000000000000e+00
-1.096930125699248526e+00
2.271096105495515971e+01
0.000000000000000000e+00
4.888472172051741893e+00
4.422629178707977893e+00
0.000000000000000000e+00
0.000000000000000000e+00
3.341238780999439828e-01
0.000000000000000000e+00
0.000000000000000000e+00
3.021440348866899051e+00
2.071096105495516682e+01
9.334991793447333208e+00
2.918422985099345723e+00
0.000000000000000000e+00
0.000000000000000000e+00
0.000000000000000000e+00
0.000000000000000000e+00
1.334932088176164156e+00
3.553157498305693451e+01
3.053157498305695938e+01
0.000000000000000000e+00
1.471096026977649807e+01
6.334989782798474245e+00
3.253157498305689188e+01
0.000000000000000000e+00
1.128724258871939945e+01
0.000000000000000000e+00
0.000000000000000000e+00
0.000000000000000000e+00
2.396202741573719663e+01
0.000000000000000000e+00
2.036154820988567149e+00
0.000000000000000000e+00
0.000000000000000000e+00
2.171096105495518458e+01
3.553157498305693451e+01
2.453479192354079430e+01
0.000000000000000000e+00
1.376277663959370479e+01
0.000000000000000000e+00
0.000000000000000000e+00
0.000000000000000000e+00
8.723987896361290240e+00
1.969392970995238912e+01
1.090953118926774579e+01
3.453157498305689188e+01
3.153157498305697359e+01
0.000000000000000000e+00
6.608074235700924781e+00
0.000000000000000000e+00
1.133499179344733321e+01
3.453157498305689188e+01
0.000000000000000000e+00
0.000000000000000000e+00
1.971096105495515971e+01
7.889748179694745511e-01
0.000000000000000000e+00
4.310959442536000941e-01
1.334123878099942484e+00
9.909531189267758222e+00
0.000000000000000000e+00
-1.665876121900056850e+00
0.000000000000000000e+00
2.422629178707975228e+00
0.000000000000000000e+00
0.000000000000000000e+00
0.000000000000000000e+00
0.000000000000000000e+00
2.153664715507987282e+01
1.294094604603688126e+01
4.020236499985966327e-01
3.153157498305697359e+01
1.671095780295948785e+01
2.071096105495516682e+01
4.422629178707977893e+00
0.000000000000000000e+00
5.334989498297140642e+00
3.553157498305693451e+01
3.153157498305697359e+01
3.553157498305693451e+01
2.518655594844778634e+01
1.301170526518090398e+01
-6.597970947745419590e-01
6.940887641191572754e+00
0.000000000000000000e+00
2.340488302137309962e+00
6.090253483873992124e+00
2.334123878099946925e+00
6.334988150646883476e+00
9.233928159510632838e+00
7.733258875229181761e+00
0.000000000000000000e+00
0.000000000000000000e+00
1.771096105495512774e+01
5.694984825461134825e+00
1.171087468334904358e+01
3.553157498305693451e+01
3.253157498305689188e+01
6.716859205353901352e+00
9.334991793447333208e+00
1.474077124872087197e+01
2.071096105495516682e+01
1.089824497619152410e+01
0.000000000000000000e+00
0.000000000000000000e+00
0.000000000000000000e+00
3.553157498305693451e+01
5.180549859185249462e-01
0.000000000000000000e+00
1.171094576114998276e+01
3.253157498305689188e+01
2.353402464147428219e+01
2.071096105495516682e+01
3.406319990145108889e+00
2.953157371127815978e+01
2.153736202334709660e+01
3.902763115972609498e+00
3.053157498305695938e+01
0.000000000000000000e+00
2.953157246141609349e+01
1.871096105495514195e+01
3.253157498305689188e+01
1.479790006741715835e+01
3.553157498305693451e+01
4.334990485069323718e+00
4.101265829000063867e+00
3.353157498305687056e+01
0.000000000000000000e+00
0.000000000000000000e+00
0.000000000000000000e+00
1.480974225874135186e+01
0.000000000000000000e+00
1.571095829714943193e+01
0.000000000000000000e+00
4.324188705627378226e+00
9.719367419043328127e+00
0.000000000000000000e+00
1.690924819360305875e+01
1.571096086176855877e+01
7.621473466126325036e-01
6.880150568677152911e+00
0.000000000000000000e+00
0.000000000000000000e+00
-7.665876121900070395e+00
6.961530028075704202e+00
3.353157498305687056e+01
1.771096105495512774e+01
4.334991193230957052e+00
0.000000000000000000e+00
0.000000000000000000e+00
1.803388328389264572e+01
1.580212068926866387e+01
0.000000000000000000e+00
0.000000000000000000e+00
6.334990715554460472e+00
0.000000000000000000e+00
1.567467372095426548e+01
0.000000000000000000e+00
2.353472302390703419e+01
0.000000000000000000e+00
0.000000000000000000e+00
3.354049515113133872e-01
0.000000000000000000e+00
0.000000000000000000e+00
9.841625949572053500e+00
1.971096105495515971e+01
1.382194700303140600e+01
-8.499109028964325629e-01
0.000000000000000000e+00
4.087621170631592804e+00
0.000000000000000000e+00
3.453157498305689188e+01
0.000000000000000000e+00
1.233372088743119654e+00
1.954346953491461036e+01
0.000000000000000000e+00
1.971096105495515971e+01
2.653157494586643139e+01
3.553157498305693451e+01
6.771314928132735389e+00
0.000000000000000000e+00
1.271094701361432122e+01
7.087222627789293128e+00
0.000000000000000000e+00
1.092444092755862606e+01
1.404976321861333766e+01
2.553157076239095247e+01
1.758174070840322045e+01
3.253157498305689188e+01
0.000000000000000000e+00
0.000000000000000000e+00
6.334987179213205977e+00
5.422629178707985886e+00
0.000000000000000000e+00
0.000000000000000000e+00
3.840949151596862454e-01
6.798207248126811875e-01
4.334991621707684928e+00
1.427081671891620296e+01
-6.658761219000542964e-01
0.000000000000000000e+00
3.453157498305689188e+01
1.085244074542894488e+01
1.870067131296061191e+01
0.000000000000000000e+00
1.483503023475859450e+01
2.335719919397659883e+00
0.000000000000000000e+00
8.356110953396324703e+00
3.453157498305689188e+01
2.271096105495515971e+01
0.000000000000000000e+00
-1.318955393478924876e+00
9.334991793447333208e+00
0.000000000000000000e+00
0.000000000000000000e+00
1.671095536390431846e+01
0.000000000000000000e+00
0.000000000000000000e+00
3.053157498305695938e+01
1.005144544137413654e+01
0.000000000000000000e+00
3.473666636317659151e+00
0.000000000000000000e+00
2.271096105495515971e+01
3.053157498305695938e+01
3.353157498305687056e+01
3.153157498305697359e+01
0.000000000000000000e+00
5.505567244738296395e-01
2.381061017408877234e+01
1.334900040777566632e+00
1.971096105495515971e+01
1.571095927903689748e+01
2.424034477149489053e+00
5.037268788880646220e+00
2.553157200291497730e+01
1.771096105495512774e+01
0.000000000000000000e+00
3.553157498305693451e+01
0.000000000000000000e+00
1.071510564550127675e+01
0.000000000000000000e+00
0.000000000000000000e+00
8.724246722169333168e+00
3.353157498305687056e+01
5.049656973101922297e+00
-1.577370858482418869e+00
0.000000000000000000e+00
4.941131542944076749e+00
2.653155767373576523e+01
3.353157498305687056e+01
3.053157498305695938e+01
2.653156795869975326e+01
-3.165732989495274374e+00
0.000000000000000000e+00
0.000000000000000000e+00
4.422629178707977893e+00
2.071096105495516682e+01
2.085330866077630319e+01
0.000000000000000000e+00
0.000000000000000000e+00
0.000000000000000000e+00
0.000000000000000000e+00
0.000000000000000000e+00
2.353560717558737991e+01
3.453157498305689188e+01
3.053157498305695938e+01
0.000000000000000000e+00
-2.665876121900049522e+00
0.000000000000000000e+00
3.053157498305695938e+01
2.422629178707975228e+00
2.422629178707975228e+00
1.471096036465725376e+01
1.371026371150073642e+00
0.000000000000000000e+00
0.000000000000000000e+00
6.334989588624724277e+00
9.334991793447333208e+00
3.353157498305687056e+01
0.000000000000000000e+00
2.653156589147064892e+01
0.000000000000000000e+00
1.784631517227522224e+01
2.171096105495518458e+01
3.553157498305693451e+01
0.000000000000000000e+00
2.153636151933378429e+01
0.000000000000000000e+00
1.033499179344733498e+01
2.071096105495516682e+01
2.018867167274497376e+01
3.453157498305689188e+01
0.000000000000000000e+00
2.422629178707975228e+00
0.000000000000000000e+00
2.753157300634202542e+01
0.000000000000000000e+00
2.353463758350142854e+01
0.000000000000000000e+00
1.871096105495514195e+01
3.959214940785182879e-01
1.715135468976940558e+01
0.000000000000000000e+00
1.571095875073966219e+01
0.000000000000000000e+00
3.553157498305693451e+01
0.000000000000000000e+00
0.000000000000000000e+00
0.000000000000000000e+00
3.053157498305695938e+01
5.880029180111712606e+00
1.677541421469302918e+01
3.453157498305689188e+01
2.171096105495518458e+01
0.000000000000000000e+00
1.671786573671637655e+01
0.000000000000000000e+00
9.491684041324113252e+00
3.673006769625361545e-01
0.000000000000000000e+00
2.153664814712953302e+01
1.012513289283269557e+00
4.422629178707977893e+00
3.453157498305689188e+01
2.553156022061037334e+01
0.000000000000000000e+00
0.000000000000000000e+00
3.553157498305693451e+01
0.000000000000000000e+00
0.000000000000000000e+00
2.171096105495518458e+01
2.353504226110278452e+01
1.271094343700268681e+01
0.000000000000000000e+00
0.000000000000000000e+00
2.917938607189826428e+01
1.657988716128446782e+01
0.000000000000000000e+00
1.071140377619615869e+01
1.771095686517558576e+01
0.000000000000000000e+00
3.553157498305693451e+01
2.334975213894391555e+00
0.000000000000000000e+00
1.971096105495515971e+01
1.771096105495512774e+01
0.000000000000000000e+00
0.000000000000000000e+00
9.334991793447333208e+00
7.764635887094879507e+00
3.638355192287945350e-01
1.971096105495515971e+01
1.097990533384636613e+01
1.271095896459609875e+01
2.477578257154340236e+01
0.000000000000000000e+00
0.000000000000000000e+00
0.000000000000000000e+00
0.000000000000000000e+00
2.485390497712807734e-01
0.000000000000000000e+00
2.075755615311511804e+01
0.000000000000000000e+00
0.000000000000000000e+00
0.000000000000000000e+00
0.000000000000000000e+00
0.000000000000000000e+00
5.943836037398063432e+00
3.253157498305689188e+01
4.971765307917324073e+00
8.955442161091061948e+00
2.171096105495518458e+01
0.000000000000000000e+00
1.233499179344734387e+01
0.000000000000000000e+00
3.553157498305693451e+01
1.871096105495514195e+01
0.000000000000000000e+00
0.000000000000000000e+00
0.000000000000000000e+00
2.271096105495515971e+01
2.225917470447592095e+01
0.000000000000000000e+00
0.000000000000000000e+00
2.171096105495518458e+01
-1.665876121900056850e+00
8.292531605610713896e+00
0.000000000000000000e+00
0.000000000000000000e+00
0.000000000000000000e+00
2.271096105495515971e+01
0.000000000000000000e+00
2.747550838884957436e+00
3.434270134353123449e-01
1.071515119244956793e+01
0.000000000000000000e+00
1.530889963961240829e-01
1.083166943447758790e+01
0.000000000000000000e+00
8.713128162693767109e+00
0.000000000000000000e+00
0.000000000000000000e+00
0.000000000000000000e+00
0.000000000000000000e+00
0.000000000000000000e+00
4.334988772341406005e+00
1.371096105495509043e+01
1.980256017082857056e+01
0.000000000000000000e+00
1.289416730590819604e+01
1.971096105495515971e+01
1.889824755934947120e+01
3.153157498305697359e+01
1.233499179344734387e+01
0.000000000000000000e+00
1.177381176495353188e+01
0.000000000000000000e+00
1.781060715298284336e+01
0.000000000000000000e+00
3.353157498305687056e+01
1.665234747355072642e+01
0.000000000000000000e+00
1.133499179344733321e+01
0.000000000000000000e+00
1.233499179344734387e+01
3.861637077924645389e+00
0.000000000000000000e+00
1.588666111261937131e+00
1.422629178707978115e+00
0.000000000000000000e+00
9.716006425080145448e+00
0.000000000000000000e+00
1.683506311099158026e+01
0.000000000000000000e+00
1.356764506531523296e+01
1.473702441926075224e+01
2.071096105495516682e+01
0.000000000000000000e+00
2.253554864505873567e+01
3.353157498305687056e+01
2.171096105495518458e+01
2.653155038416356604e+01
1.871096105495514195e+01
-6.658761219000542964e-01
2.353519405945997534e+01
1.770851552324896261e+01
3.153157498305697359e+01
0.000000000000000000e+00
8.577283631988830148e-01
3.253157498305689188e+01
1.422629178707978115e+00
1.033499179344733498e+01
0.000000000000000000e+00
0.000000000000000000e+00
0.000000000000000000e+00
3.153157498305697359e+01
1.271094570485844955e+01
1.783506205134895239e+01
0.000000000000000000e+00
2.853157300634201476e+01
1.171095640802273152e+01
