3.629223372655951074e+00
-8.803696341588571617e-01
8.070878483793567426e+00
2.600587295602164506e+00
2.025721307312278868e-02
1.449299645970354877e+00
0.000000000000000000e+00
0.000000000000000000e+00
0.000000000000000000e+00
2.853157498305693096e+01
1.815906947239169256e+01
1.846038109086700274e+01
0.000000000000000000e+00
6.861241899888025131e+00
0.000000000000000000e+00
0.000000000000000000e+00
0.000000000000000000e+00
0.000000000000000000e+00
0.000000000000000000e+00
7.334991793447332320e+00
2.271096105495515971e+01
3.553157498305693451e+01
3.717938607189822164e+01
0.000000000000000000e+00
5.815216213218464825e-01
5.334991793447311892e+00
5.969252030546571497e+00
1.546483791749472259e+00
1.671096105495517392e+01
0.000000000000000000e+00
3.911954979494789986e-01
9.609110937706565991e+00
0.000000000000000000e+00
3.453157498305689188e+01
-2.665876121900049522e+00
2.600587295602164506e+00
9.857915730196205928e+00
1.848796277271488719e+01
8.618187149869663832e-01
0.000000000000000000e+00
2.237169739141767477e-01
7.334991793447332320e+00
0.000000000000000000e+00
3.229607262114344124e+00
0.000000000000000000e+00
0.000000000000000000e+00
0.000000000000000000e+00
1.233499179344734387e+01
3.318657943559661305e+01
3.253157498305689188e+01
3.353157498305687056e+01
3.553157498305693451e+01
0.000000000000000000e+00
0.000000000000000000e+00
0.000000000000000000e+00
0.000000000000000000e+00
0.000000000000000000e+00
9.493236930535996265e+00
-2.577373177566351981e+00
1.029663733481838594e+00
0.000000000000000000e+00
0.000000000000000000e+00
7.334991793447332320e+00
1.220449361238378039e+01
2.334123878099946925e+00
1.771096105495512774e+01
3.517938607189825007e+01
3.353157498305687056e+01
-2.131824880900985875e+00
3.617938607189821454e+01
1.960249152379909177e+01
-1.750590594961586977e+00
0.000000000000000000e+00
6.454975974237433967e+00
0.000000000000000000e+00
3.053157498305695938e+01
2.753157498305693807e+01
2.753157498305693807e+01
0.000000000000000000e+00
0.000000000000000000e+00
1.953657670612197350e+01
2.820968552750554537e+01
2.853157498305693096e+01
1.710419107157359342e+00
3.253157498305689188e+01
2.171096105495518458e+01
9.334991793447333208e+00
8.204424437413811333e+00
2.071096105495516682e+01
0.000000000000000000e+00
1.199012346827624853e+01
1.026888415246619246e+01
0.000000000000000000e+00
0.000000000000000000e+00
2.994930236936978574e+00
1.319905315859642236e+01
-1.019391914767206142e+00
0.000000000000000000e+00
1.871096105495514195e+01
1.471096105495514017e+01
0.000000000000000000e+00
0.000000000000000000e+00
4.050932741154262828e+00
0.000000000000000000e+00
0.000000000000000000e+00
0.000000000000000000e+00
3.253157498305689188e+01
7.334991793447332320e+00
0.000000000000000000e+00
-1.663746195064773337e-02
0.000000000000000000e+00
2.053650073410030785e+01
1.117060242564112116e+01
0.000000000000000000e+00
2.271096105495515971e+01
0.000000000000000000e+00
5.599115334293034429e+00
0.000000000000000000e+00
3.240884046421987907e-01
8.724583413128540244e+00
0.000000000000000000e+00
1.432037319517227658e+01
3.453157498305689188e+01
5.686893781905010492e+00
2.953157498305688478e+01
0.000000000000000000e+00
1.033499179344733498e+01
0.000000000000000000e+00
9.334991793447333208e+00
4.226291787079748952e-01
1.060577299391984063e+01
2.288310052993051791e+00
0.000000000000000000e+00
5.627981090894190075e+00
4.199664968035877521e+00
0.000000000000000000e+00
0.000000000000000000e+00
1.971096105495515971e+01
0.000000000000000000e+00
1.664702978927575927e+01
1.471096025776714988e+01
2.856192817443164778e+00
0.000000000000000000e+00
1.437680623545140790e+01
1.133499179344733321e+01
1.138286930172497868e+01
0.000000000000000000e+00
0.000000000000000000e+00
4.191979126316728865e-01
0.000000000000000000e+00
0.000000000000000000e+00
7.165623212900577244e+00
0.000000000000000000e+00
6.081152382771045417e+00
0.000000000000000000e+00
2.803550003888254927e-01
4.226291787079748952e-01
3.142668485518742116e+00
1.771096105495512774e+01
0.000000000000000000e+00
0.000000000000000000e+00
0.000000000000000000e+00
1.701174472514802716e+01
2.753157498305693807e+01
7.659437527230127385e-01
1.998802166110873912e+01
3.553157498305693451e+01
0.000000000000000000e+00
3.453157498305689188e+01
3.453157498305689188e+01
0.000000000000000000e+00
0.000000000000000000e+00
0.000000000000000000e+00
0.000000000000000000e+00
0.000000000000000000e+00
1.434334849268829792e+01
0.000000000000000000e+00
0.000000000000000000e+00
3.553157498305693451e+01
8.710093139607675283e+00
0.000000000000000000e+00
0.000000000000000000e+00
1.486098800571914147e+01
2.853157498305693096e+01
0.000000000000000000e+00
0.000000000000000000e+00
3.553157498305693451e+01
0.000000000000000000e+00
-6.658761219000542964e-01
0.000000000000000000e+00
0.000000000000000000e+00
2.383041852906895297e+00
7.129153518830024794e+00
1.981397947834076589e+01
1.233499179344734387e+01
0.000000000000000000e+00
2.217977076278197046e+01
2.753157498305693807e+01
3.353157498305687056e+01
3.453157498305689188e+01
9.233326515517944699e+00
3.153157498305697359e+01
1.971096105495515971e+01
3.253157498305689188e+01
7.890784251582678266e+00
6.334991793447307451e+00
-1.913036988166672447e+00
7.566222177286122674e-01
7.293906388113109429e+00
2.453307170706628426e+01
3.253157498305689188e+01
1.233499179344734387e+01
0.000000000000000000e+00
1.887842293720268216e+01
-1.165565861280972193e+01
0.000000000000000000e+00
9.716152952407028920e+00
3.353157498305687056e+01
1.071522679828581381e+01
3.253157498305689188e+01
2.747699291449585690e+00
1.787267654207790102e+01
3.584849992620015247e+00
0.000000000000000000e+00
0.000000000000000000e+00
0.000000000000000000e+00
1.774647543979071074e+01
-1.441961453721633424e+00
0.000000000000000000e+00
4.226291787079748952e-01
0.000000000000000000e+00
2.171096105495518458e+01
7.247692377941273634e+00
8.394447102617846213e+00
2.422629178707975228e+00
1.422629178707978115e+00
2.071096105495516682e+01
0.000000000000000000e+00
0.000000000000000000e+00
4.422629178707977893e+00
3.553157498305693451e+01
0.000000000000000000e+00
7.908787995509573010e-01
3.262957941327330191e-01
7.427445885034049677e-01
9.843076829876737932e+00
2.753157498305693807e+01
0.000000000000000000e+00
0.000000000000000000e+00
4.985123406827339565e+00
3.353157498305687056e+01
2.171096105495518458e+01
-6.658761219000542964e-01
2.271096105495515971e+01
3.524521092915745335e+00
3.553157498305693451e+01
1.572968866256963238e+01
0.000000000000000000e+00
2.853157498305693096e+01
6.553974101066708968e+00
3.392552191035702602e-01
0.000000000000000000e+00
3.553157498305693451e+01
1.190148364349967514e+00
1.733827131138425770e+01
-6.597646541887984828e-01
6.910013693614299513e+00
0.000000000000000000e+00
3.353157498305687056e+01
0.000000000000000000e+00
1.832495007661015807e+00
1.020940985101959697e+01
1.791075891200274484e+01
1.049480975277208294e+00
-2.577370821292024328e+00
2.422629178707975228e+00
4.674135166359826066e+00
0.000000000000000000e+00
3.131563299475322637e+00
0.000000000000000000e+00
4.684200148483295578e+00
0.000000000000000000e+00
8.877406473204748849e+00
0.000000000000000000e+00
0.000000000000000000e+00
5.394869569929364950e+00
2.553157263607635485e+01
3.153157498305697359e+01
4.422629178707977893e+00
0.000000000000000000e+00
2.334990900379784851e+00
2.653157454565650042e+01
2.271096105495515971e+01
5.837942180269833692e+00
0.000000000000000000e+00
0.000000000000000000e+00
-1.654791869445069175e+00
6.844036632496687256e-01
1.397656341392353418e+01
0.000000000000000000e+00
1.133499179344733321e+01
8.381138891883157527e+00
5.422629178707985886e+00
2.452517104543200333e+01
3.453157498305689188e+01
-5.773708212920279914e-01
0.000000000000000000e+00
1.707204537976203973e+00
3.153157498305697359e+01
3.053157498305695938e+01
0.000000000000000000e+00
0.000000000000000000e+00
0.000000000000000000e+00
0.000000000000000000e+00
3.053157498305695938e+01
1.125149807934455293e+00
0.000000000000000000e+00
1.871096105495514195e+01
1.771096105495512774e+01
0.000000000000000000e+00
2.653157482037207870e+01
0.000000000000000000e+00
2.001081067078053266e+01
1.942127288771747118e+01
8.724596034482525297e+00
2.919744118716876713e+01
3.334990715554486673e+00
0.000000000000000000e+00
8.334991793447334985e+00
0.000000000000000000e+00
9.314494200058673457e+00
3.253157498305689188e+01
0.000000000000000000e+00
2.960889119469876540e+00
0.000000000000000000e+00
3.237406769700699183e+00
5.908710105002578095e-01
-5.773708212920279914e-01
3.553157498305693451e+01
1.553130360051915071e+00
0.000000000000000000e+00
0.000000000000000000e+00
3.422629178707980557e+00
0.000000000000000000e+00
0.000000000000000000e+00
0.000000000000000000e+00
2.453437286876167889e+01
1.171103570590198117e+01
6.922410539169898680e-01
1.418573973159520030e+01
0.000000000000000000e+00
0.000000000000000000e+00
-8.231087473048224190e-01
2.653157482037207870e+01
-3.606351763959381618e+00
3.453157498305689188e+01
0.000000000000000000e+00
1.871096105495514195e+01
3.179831399932165348e-01
1.054193701459430521e+01
1.341636752337026728e+01
2.205384961465168825e+00
1.007363038160026925e+01
0.000000000000000000e+00
0.000000000000000000e+00
8.164473569071768466e+00
1.571096105495517925e+01
1.971096105495515971e+01
1.150230009935736675e+01
-7.513565162043370771e-01
1.685823070519256106e+01
3.827054976339200332e-01
6.323828925976871851e+00
2.271096105495515971e+01
2.834752031068452638e-01
3.422629178707980557e+00
0.000000000000000000e+00
-2.115980315690455971e+00
1.163028786294844075e+01
3.253157498305689188e+01
2.853157498305693096e+01
0.000000000000000000e+00
0.000000000000000000e+00
1.771096105495512774e+01
1.259682044770502429e+01
-1.370167454741356483e+00
1.921794605884631224e+01
7.911342645824098740e-01
2.417946308899101737e+01
4.035000360889886117e+00
3.827339852171757872e+00
0.000000000000000000e+00
0.000000000000000000e+00
0.000000000000000000e+00
4.422629178707977893e+00
1.732825867275761711e+00
7.743720951110621087e+00
2.753157498305693807e+01
1.971096105495515971e+01
-7.419681405059350698e-01
8.361867586615177039e-01
-1.565918799110331897e-02
1.417510826191765938e+00
0.000000000000000000e+00
8.290106489995935135e+00
1.271096027086829672e+01
4.334989364941647771e+00
0.000000000000000000e+00
0.000000000000000000e+00
0.000000000000000000e+00
1.471096105495514017e+01
0.000000000000000000e+00
5.051638904700642696e-01
1.650937761753198618e+00
3.253157498305689188e+01
2.853157498305693096e+01
2.553152502302552662e+01
9.913499414224693496e+00
3.141804606307309622e-01
2.953157498305688478e+01
9.434423267758466070e-01
1.671096105495517392e+01
5.881408119268313195e-01
0.000000000000000000e+00
1.233499179344734387e+01
0.000000000000000000e+00
3.833308155821078533e-01
3.553157498305693451e+01
2.598674790884477837e+00
1.632258718420452226e+01
0.000000000000000000e+00
0.000000000000000000e+00
3.553157498305693451e+01
0.000000000000000000e+00
0.000000000000000000e+00
2.853157498305693096e+01
3.482812896371494382e+00
0.000000000000000000e+00
1.422629178707978115e+00
1.029492578064069619e+01
2.653157263607637617e+01
0.000000000000000000e+00
1.968298534088451235e-01
2.071096105495516682e+01
5.422629178707985886e+00
1.894012733962129857e+01
0.000000000000000000e+00
3.153157498305697359e+01
2.353413943052984791e+01
1.278892722585877273e+01
3.053157498305695938e+01
0.000000000000000000e+00
3.153157498305697359e+01
0.000000000000000000e+00
5.619724122938955624e+00
0.000000000000000000e+00
5.988455489872653859e-01
3.449366378085548801e-01
0.000000000000000000e+00
1.932780736021696200e+01
9.239106764438817621e+00
0.000000000000000000e+00
0.000000000000000000e+00
1.007452603886847875e+01
4.730450418533010404e-01
7.149095972052291081e+00
2.850123074959342251e+00
-1.875450815109961367e+00
-1.577370821292021219e+00
0.000000000000000000e+00
1.766626158689231785e-01
1.916003898083240742e+01
2.063529481450663727e+00
2.422629178707975228e+00
3.253157498305689188e+01
3.642430113596662800e+00
2.071096105495516682e+01
1.771096105495512774e+01
3.234339314611180405e-01
3.253157498305689188e+01
7.167291704145622333e+00
-8.011431819737810031e-03
1.271096022057670716e+01
-2.926258638108640286e-01
5.422629178707985886e+00
8.027621763514218856e+00
2.353414437037690021e+01
3.253157498305689188e+01
0.000000000000000000e+00
0.000000000000000000e+00
1.717535217753738763e+01
1.598795169202357691e+01
6.334991793447307451e+00
0.000000000000000000e+00
-5.985103026495870449e-01
0.000000000000000000e+00
2.011144351229123550e-01
0.000000000000000000e+00
2.853157498305693096e+01
3.019734118716879223e+01
1.886424045338355526e+01
0.000000000000000000e+00
0.000000000000000000e+00
1.622037240616517906e+01
0.000000000000000000e+00
1.559012449035804870e+01
0.000000000000000000e+00
0.000000000000000000e+00
3.958635908894374111e+00
0.000000000000000000e+00
2.334123878099946925e+00
3.317938607189832823e+01
4.226291787079748952e-01
3.553157498305693451e+01
-6.180277824443135559e-01
0.000000000000000000e+00
0.000000000000000000e+00
0.000000000000000000e+00
0.000000000000000000e+00
0.000000000000000000e+00
0.000000000000000000e+00
6.751975518607810756e+00
-1.874084161839443485e+00
0.000000000000000000e+00
1.334123878099942484e+00
5.013008851911138208e+00
8.580736672703157097e+00
0.000000000000000000e+00
-1.899626435114749157e+00
1.509183813819448083e+01
0.000000000000000000e+00
1.471096105495514017e+01
2.743201783375028402e+00
9.131112352432227963e-01
3.053157498305695938e+01
0.000000000000000000e+00
-1.140274849109415900e+00
2.271096105495515971e+01
0.000000000000000000e+00
7.181600352458260339e+00
4.422629178707977893e+00
0.000000000000000000e+00
0.000000000000000000e+00
3.341238780999439828e-01
0.000000000000000000e+00
8.129259410538203223e-01
1.672857871675405006e+00
2.071096105495516682e+01
6.370073618094459711e+00
1.617482699914722488e+00
7.708927639037508328e-01
0.000000000000000000e+00
0.000000000000000000e+00
0.000000000000000000e+00
3.704724360716826759e+00
3.553157498305693451e+01
3.053157498305695938e+01
0.000000000000000000e+00
1.471096105495514017e+01
6.334991793447307451e+00
3.253157498305689188e+01
0.000000000000000000e+00
6.751975518607810756e+00
8.823820649541359584e-01
0.000000000000000000e+00
0.000000000000000000e+00
1.877615247431826262e+01
0.000000000000000000e+00
9.255976707929481906e-01
0.000000000000000000e+00
0.000000000000000000e+00
2.171096105495518458e+01
3.553157498305693451e+01
2.453443469137305755e+01
3.857133325925614087e-01
1.325040402131695316e+01
0.000000000000000000e+00
0.000000000000000000e+00
0.000000000000000000e+00
9.988622162435959240e+00
1.944880712105702969e+01
7.485195540697805683e+00
3.419786310270539786e+01
3.153157498305697359e+01
0.000000000000000000e+00
6.111564622109546541e+00
0.000000000000000000e+00
1.179991750784846793e+01
3.453157498305689188e+01
0.000000000000000000e+00
-1.875450815109961367e+00
1.920873214601764545e+01
6.425491489305772408e-01
0.000000000000000000e+00
-1.649709855922262491e+00
1.334123878099942484e+00
5.325379200215756725e+00
0.000000000000000000e+00
-1.665876121900056850e+00
0.000000000000000000e+00
2.422629178707975228e+00
0.000000000000000000e+00
0.000000000000000000e+00
0.000000000000000000e+00
0.000000000000000000e+00
2.154250670390635491e+01
9.143243363065632678e+00
-3.134170569340233858e-01
3.153157498305697359e+01
1.663563788701773305e+01
1.944553536882138900e+01
4.422629178707977893e+00
7.288695186600286924e-01
5.926730919570620593e+00
3.553157498305693451e+01
3.153157498305697359e+01
3.519786310270534102e+01
2.453282532532972482e+01
8.234006428809049538e+00
-6.597683695132662285e-01
4.116341424832408613e+00
0.000000000000000000e+00
2.367909051616940985e+00
5.541881599646598211e+00
2.334123878099946925e+00
6.334991793447307451e+00
8.758034522298114410e+00
7.743734784803639748e+00
0.000000000000000000e+00
0.000000000000000000e+00
1.771096105495512774e+01
2.376400155692128369e+00
1.276358076591905188e+01
3.553157498305693451e+01
3.253157498305689188e+01
2.588002653154307442e+00
6.020958770906153390e+00
7.297749317435814120e+00
2.071096105495516682e+01
6.081483176011702518e+00
0.000000000000000000e+00
0.000000000000000000e+00
0.000000000000000000e+00
3.553157498305693451e+01
3.390138447499358332e+00
0.000000000000000000e+00
1.239151862847652552e+01
3.253157498305689188e+01
2.353389929551631710e+01
2.071096105495516682e+01
4.741708421859728517e+00
2.953157498305688478e+01
2.154338920288384429e+01
1.806307696101510762e+00
3.019734118716879223e+01
0.000000000000000000e+00
2.953157498305688478e+01
1.821110761094892538e+01
3.253157498305689188e+01
1.436302388840570288e+01
3.553157498305693451e+01
4.334991793447326103e+00
3.927297475841710739e+00
3.353157498305687056e+01
4.842969247313521075e-01
0.000000000000000000e+00
0.000000000000000000e+00
1.083161538567851423e+01
0.000000000000000000e+00
1.571096105495517925e+01
0.000000000000000000e+00
3.243958613167848615e+00
1.084357615605139813e+01
0.000000000000000000e+00
9.085281068644381008e+00
1.571096105495517925e+01
8.461949591674617910e-01
4.220760714892035637e+00
-1.718417604662969778e+00
4.374055979010223472e-01
-7.665876121900070395e+00
4.188307663237794465e+00
3.353157498305687056e+01
1.771096105495512774e+01
4.334991793447326103e+00
0.000000000000000000e+00
0.000000000000000000e+00
1.848438404055978879e+01
9.130709581152462562e+00
0.000000000000000000e+00
0.000000000000000000e+00
6.334991793447307451e+00
0.000000000000000000e+00
1.410103182251349452e+01
0.000000000000000000e+00
2.353416523544053618e+01
0.000000000000000000e+00
3.871092789153393610e-01
3.354853169113851119e-01
0.000000000000000000e+00
0.000000000000000000e+00
8.744647724768539021e+00
1.893573573384253805e+01
1.218804816941778491e+01
6.867933986163614335e-02
0.000000000000000000e+00
3.280688522670984764e+00
0.000000000000000000e+00
3.453157498305689188e+01
0.000000000000000000e+00
8.188266840977220795e-01
1.954890840411140118e+01
0.000000000000000000e+00
1.971096105495515971e+01
2.653157498305683148e+01
3.553157498305693451e+01
8.583756525351420308e+00
0.000000000000000000e+00
1.317377380648357565e+01
5.758025588560816921e+00
0.000000000000000000e+00
1.111978680012538057e+01
1.348343856619751335e+01
2.553157263607635485e+01
1.558126582564269214e+01
3.318657943559661305e+01
0.000000000000000000e+00
0.000000000000000000e+00
4.612877141435679285e+00
5.422629178707985886e+00
0.000000000000000000e+00
4.194299480908661448e-01
-1.508789069278313244e+00
7.325500569753458091e-01
4.334991793447326103e+00
1.409045951911668482e+01
-6.658761219000542964e-01
0.000000000000000000e+00
3.453157498305689188e+01
7.008251175316405401e+00
1.916003898083240742e+01
1.081309516535669868e+00
1.378841666019094170e+01
2.271916105675747755e+00
0.000000000000000000e+00
8.161599472119732468e+00
3.453157498305689188e+01
2.271096105495515971e+01
0.000000000000000000e+00
2.011144351229123550e-01
6.772535304067490713e+00
0.000000000000000000e+00
0.000000000000000000e+00
1.588434354973630924e+01
0.000000000000000000e+00
0.000000000000000000e+00
3.053157498305695938e+01
9.072616825316906386e+00
0.000000000000000000e+00
4.684151246415648728e+00
0.000000000000000000e+00
2.271096105495515971e+01
3.053157498305695938e+01
3.353157498305687056e+01
3.153157498305697359e+01
5.145365558564585218e-01
4.293604953401485291e-01
1.857767391897338172e+01
2.344061951779976560e+00
1.971096105495515971e+01
1.584688124351521310e+01
1.454302111921569773e+00
4.475181683391135756e+00
2.553157263607635485e+01
1.703434469175794774e+01
6.143685707024088005e-01
3.553157498305693451e+01
0.000000000000000000e+00
1.071522011538244357e+01
0.000000000000000000e+00
0.000000000000000000e+00
1.009093822356744141e+01
3.353157498305687056e+01
2.728803855478404206e+00
-1.577370821292021219e+00
0.000000000000000000e+00
1.515892911974570989e+00
2.653157454565650042e+01
3.353157498305687056e+01
3.053157498305695938e+01
2.653157454565650042e+01
1.766626158689231785e-01
0.000000000000000000e+00
0.000000000000000000e+00
4.422629178707977893e+00
2.071096105495516682e+01
2.071096105495516682e+01
0.000000000000000000e+00
0.000000000000000000e+00
0.000000000000000000e+00
0.000000000000000000e+00
0.000000000000000000e+00
2.418179026819608168e+01
3.453157498305689188e+01
2.921004406735855241e+01
0.000000000000000000e+00
-2.665876121900049522e+00
0.000000000000000000e+00
3.053157498305695938e+01
2.901878399535703590e+00
2.422629178707975228e+00
1.471096105495514017e+01
1.014400916536598585e+00
0.000000000000000000e+00
0.000000000000000000e+00
6.334991793447307451e+00
6.607555846911610686e+00
3.353157498305687056e+01
0.000000000000000000e+00
2.653157454565650042e+01
0.000000000000000000e+00
1.953657670612197350e+01
2.171096105495518458e+01
3.553157498305693451e+01
0.000000000000000000e+00
2.154459536652641916e+01
0.000000000000000000e+00
1.033499179344733498e+01
2.071096105495516682e+01
2.016868339917530051e+01
3.453157498305689188e+01
0.000000000000000000e+00
2.422629178707975228e+00
0.000000000000000000e+00
2.753157498305693807e+01
0.000000000000000000e+00
2.353352290951887582e+01
0.000000000000000000e+00
1.729174300555896693e+01
4.422629178707977893e+00
1.318518294727983964e+01
0.000000000000000000e+00
1.587582355751743357e+01
0.000000000000000000e+00
3.553157498305693451e+01
0.000000000000000000e+00
0.000000000000000000e+00
0.000000000000000000e+00
3.053157498305695938e+01
3.454437338632079690e+00
1.269835648347631007e+01
3.453157498305689188e+01
2.171096105495518458e+01
0.000000000000000000e+00
1.815902349446827557e+01
0.000000000000000000e+00
5.514049041918283045e+00
-1.307348748247593173e+00
0.000000000000000000e+00
2.153539217220907886e+01
-1.097275876729326416e-01
4.422629178707977893e+00
3.453157498305689188e+01
2.553152764505574623e+01
0.000000000000000000e+00
0.000000000000000000e+00
3.553157498305693451e+01
0.000000000000000000e+00
0.000000000000000000e+00
2.171096105495518458e+01
2.353325805589831532e+01
1.288738376536919006e+01
0.000000000000000000e+00
0.000000000000000000e+00
2.917938607189826428e+01
1.656672744359673288e+01
0.000000000000000000e+00
1.071146433392976682e+01
1.682663419928200454e+01
0.000000000000000000e+00
3.553157498305693451e+01
1.844042292586769660e+00
0.000000000000000000e+00
1.906475494872211129e+01
1.771096105495512774e+01
0.000000000000000000e+00
0.000000000000000000e+00
9.334991793447333208e+00
9.336150857558601857e+00
-1.779832601069196274e+00
1.971096105495515971e+01
1.043788183037498918e+01
1.271096025776710547e+01
1.615670480948526944e+01
0.000000000000000000e+00
0.000000000000000000e+00
0.000000000000000000e+00
0.000000000000000000e+00
-1.855645495166247105e+00
0.000000000000000000e+00
1.370343091627245080e+01
0.000000000000000000e+00
0.000000000000000000e+00
0.000000000000000000e+00
0.000000000000000000e+00
0.000000000000000000e+00
3.377187393859348852e+00
3.253157498305689188e+01
2.489805774759960677e+00
8.116775531342167227e+00
2.058078347992651658e+01
0.000000000000000000e+00
1.233499179344734387e+01
0.000000000000000000e+00
3.553157498305693451e+01
1.871096105495514195e+01
0.000000000000000000e+00
0.000000000000000000e+00
0.000000000000000000e+00
2.271096105495515971e+01
2.254301915476854035e+01
0.000000000000000000e+00
0.000000000000000000e+00
2.094559688437113820e+01
-1.665876121900056850e+00
8.728409651050151652e+00
0.000000000000000000e+00
0.000000000000000000e+00
0.000000000000000000e+00
2.271096105495515971e+01
0.000000000000000000e+00
1.899804623816860438e+00
-1.716591268799635139e-01
1.071522323852957115e+01
0.000000000000000000e+00
5.530149528190440034e-01
9.300842673272430972e+00
0.000000000000000000e+00
8.237192609978688296e+00
0.000000000000000000e+00
0.000000000000000000e+00
0.000000000000000000e+00
0.000000000000000000e+00
0.000000000000000000e+00
3.365762830022087204e+00
1.388981323570550330e+01
1.399109734686913953e+01
6.914432954779936580e-01
1.221760076290149577e+01
1.814180979817087902e+01
1.151788545946092412e+01
3.153157498305697359e+01
1.233499179344734387e+01
0.000000000000000000e+00
5.656700598476320785e+00
0.000000000000000000e+00
1.406351885127439694e+01
0.000000000000000000e+00
3.353157498305687056e+01
1.650099525985311288e+01
0.000000000000000000e+00
1.133499179344733321e+01
0.000000000000000000e+00
1.222075102193758056e+01
2.855886632511297485e+00
0.000000000000000000e+00
-3.165486527342854794e-02
1.422629178707978115e+00
0.000000000000000000e+00
1.093223690545580595e+01
0.000000000000000000e+00
1.571096105495517925e+01
0.000000000000000000e+00
1.178499016645612762e+01
1.447813792354922313e+01
1.986314926051585061e+01
0.000000000000000000e+00
2.253912554647393307e+01
3.353157498305687056e+01
2.171096105495518458e+01
2.653157454565650042e+01
1.806406727676654000e+01
-6.658761219000542964e-01
2.353437643489031927e+01
1.714709292482713821e+01
3.153157498305697359e+01
0.000000000000000000e+00
8.557988279420851718e-01
3.253157498305689188e+01
1.422629178707978115e+00
7.675361453997810557e+00
0.000000000000000000e+00
0.000000000000000000e+00
0.000000000000000000e+00
3.153157498305697359e+01
1.291873679867504165e+01
1.596795497437821965e+01
0.000000000000000000e+00
2.853157498305693096e+01
1.242445950668988885e+01
